0.00114746
0.00125351
0.00135819
0.00146153
0.00156359
0.0016644
0.001764
0.00186241
0.00195969
0.00205585
0.00215093
0.00224496
0.00233796
0.00242996
0.00252099
0.00261107
0.00270022
0.00278846
0.00287583
0.00296232
0.00304798
0.00313281
0.00321683
0.00330007
0.00338253
0.00346424
0.0035452
0.00362544
0.00370497
0.0037838
0.00386194
0.00393942
0.00401624
0.00409241
0.00416794
0.00424286
0.00431716
0.00439086
0.00446397
0.0045365
0.00460846
0.00467985
0.0047507
0.004821
0.00489076
0.00496
0.00502872
0.00509693
0.00516463
0.00523185
0.00529857
0.00536481
0.00543058
0.00549588
0.00556072
0.0056251
0.00568904
0.00575254
0.0058156
0.00587822
0.00594043
0.00600221
0.00606358
0.00612454
0.0061851
0.00624526
0.00630503
0.0063644
0.00642339
0.006482
0.00654024
0.00659811
0.0066556
0.00671274
0.00676952
0.00682594
0.00688201
0.00693773
0.00699311
0.00704815
0.00710286
0.00715723
0.00721127
0.00726499
0.00731839
0.00737146
0.00742422
0.00747667
0.00752881
0.00758064
0.00763216
0.00768339
0.00773432
0.00778495
0.00783529
0.00788534
0.0079351
0.00798457
0.00803377
0.00808268
0.00813132
0.00817968
0.00822778
0.0082756
0.00832315
0.00837043
0.00841746
0.00846422
0.00851072
0.00855697
0.00860296
0.0086487
0.00869419
0.00873943
0.00878442
0.00882917
0.00887367
0.00891794
0.00896196
0.00900575
0.0090493
0.00909262
0.0091357
0.00917855
0.00922118
0.00926358
0.00930575
0.0093477
0.00938943
0.00943094
0.00947222
0.00951329
0.00955415
0.00959479
0.00963521
0.00967543
0.00971543
0.00975523
0.00979482
0.0098342
0.00987338
0.00991235
0.00995112
0.0099897
0.0100281
0.0100662
0.0101042
0.010142
0.0101796
0.010217
0.0102542
0.0102912
0.010328
0.0103647
0.0104011
0.0104374
0.0104735
0.0105094
0.0105451
0.0105806
0.010616
0.0106511
0.0106861
0.0107209
0.0107556
0.01079
0.0108243
0.0108585
0.0108924
0.0109262
0.0109598
0.0109932
0.0110265
0.0110596
0.0110926
0.0111253
0.0111579
0.0111904
0.0112227
0.0112548
0.0112868
0.0113186
0.0113502
0.0113817
0.011413
0.0114442
0.0114752
0.0115061
0.0115368
0.0115674
0.0115978
0.011628
0.0116581
0.0116881
0.0117179
0.0117476
0.0117771
0.0118065
0.0118357
0.0118648
0.0118937
0.0119225
0.0119512
0.0119797
0.0120081
0.0120363
0.0120644
0.0120923
0.0121202
0.0121478
0.0121754
0.0122028
0.0122301
0.0122572
0.0122842
0.0123111
0.0123379
0.0123645
0.012391
0.0124173
0.0124436
0.0124697
0.0124956
0.0125215
0.0125472
0.0125728
0.0125983
0.0126236
0.0126488
0.0126739
0.0126989
0.0127238
0.0127485
0.0127731
0.0127976
0.012822
0.0128462
0.0128704
0.0128944
0.0129183
0.0129421
0.0129658
0.0129893
0.0130128
0.0130361
0.0130593
0.0130824
0.0131054
0.0131283
0.0131511
0.0131737
0.0131963
0.0132188
0.0132411
0.0132633
0.0132854
0.0133075
0.0133294
0.0133512
0.0133729
0.0133945
0.013416
0.0134374
0.0134586
0.0134798
0.0135009
0.0135219
0.0135428
0.0135635
0.0135842
0.0136048
0.0136253
0.0136457
0.013666
0.0136862
0.0137063
0.0137263
0.0137462
0.013766
0.0137857
0.0138053
0.0138248
0.0138443
0.0138636
0.0138829
0.013902
0.0139211
0.0139401
0.013959
0.0139778
0.0139965
0.0140151
0.0140336
0.0140521
0.0140704
0.0140887
0.0141069
0.014125
0.014143
0.0141609
0.0141788
0.0141965
0.0142142
0.0142318
0.0142493
0.0142667
0.0142841
0.0143013
0.0143185
0.0143356
0.0143527
0.0143696
0.0143865
0.0144033
0.01442
0.0144366
0.0144531
0.0144696
0.014486
0.0145023
0.0145186
0.0145348
0.0145509
0.0145669
0.0145828
0.0145987
0.0146145
0.0146302
0.0146459
0.0146615
0.014677
0.0146924
0.0147078
0.0147231
0.0147383
0.0147534
0.0147685
0.0147835
0.0147985
0.0148134
0.0148282
0.0148429
0.0148576
0.0148722
0.0148868
0.0149012
0.0149156
0.01493
0.0149443
0.0149585
0.0149726
0.0149867
0.0150007
0.0150147
0.0150286
0.0150424
0.0150562
0.0150699
0.0150835
0.0150971
0.0151106
0.0151241
0.0151375
0.0151508
0.0151641
0.0151773
0.0151905
0.0152036
0.0152166
0.0152296
0.0152426
0.0152554
0.0152682
0.015281
0.0152937
0.0153063
0.0153189
0.0153314
0.0153439
0.0153563
0.0153687
0.015381
0.0153933
0.0154055
0.0154176
0.0154297
0.0154417
0.0154537
0.0154657
0.0154776
0.0154894
0.0155012
0.0155129
0.0155246
0.0155362
0.0155478
0.0155593
0.0155708
0.0155822
0.0155936
0.0156049
0.0156162
0.0156274
0.0156386
0.0156497
0.0156608
0.0156718
0.0156828
0.0156937
0.0157046
0.0157155
0.0157263
0.015737
0.0157477
0.0157584
0.015769
0.0157796
0.0157901
0.0158006
0.015811
0.0158214
0.0158318
0.0158421
0.0158523
0.0158625
0.0158727
0.0158828
0.0158929
0.015903
0.015913
0.0159229
0.0159329
0.0159427
0.0159526
0.0159624
0.0159721
0.0159818
0.0159915
0.0160011
0.0160107
0.0160203
0.0160298
0.0160393
0.0160487
0.0160581
0.0160675
0.0160768
0.016086
0.0160953
0.0161045
0.0161137
0.0161228
0.0161319
0.0161409
0.0161499
0.0161589
0.0161679
0.0161768
0.0161856
0.0161945
0.0162033
0.016212
0.0162208
0.0162295
0.0162381
0.0162467
0.0162553
0.0162639
0.0162724
0.0162809
0.0162893
0.0162977
0.0163061
0.0163145
0.0163228
0.0163311
0.0163393
0.0163475
0.0163557
0.0163639
0.016372
0.0163801
0.0163881
0.0163962
0.0164042
0.0164121
0.01642
0.0164279
0.0164358
0.0164436
0.0164514
0.0164592
0.016467
0.0164747
0.0164824
0.01649
0.0164976
0.0165052
0.0165128
0.0165203
0.0165279
0.0165353
0.0165428
0.0165502
0.0165576
0.016565
0.0165723
0.0165796
0.0165869
0.0165941
0.0166014
0.0166086
0.0166157
0.0166229
0.01663
0.0166371
0.0166441
0.0166512
0.0166582
0.0166652
0.0166721
0.016679
0.0166859
0.0166928
0.0166997
0.0167065
0.0167133
0.0167201
0.0167268
0.0167335
0.0167402
0.0167469
0.0167536
0.0167602
0.0167668
0.0167734
0.0167799
0.0167864
0.016793
0.0167994
0.0168059
0.0168123
0.0168187
0.0168251
0.0168315
0.0168378
0.0168441
0.0168504
0.0168567
0.0168629
0.0168692
0.0168754
0.0168815
0.0168877
0.0168938
0.0168999
0.016906
0.0169121
0.0169182
0.0169242
0.0169302
0.0169362
0.0169421
0.0169481
0.016954
0.0169599
0.0169658
0.0169716
0.0169775
0.0169833
0.0169891
0.0169948
0.0170006
0.0170063
0.017012
0.0170177
0.0170234
0.0170291
0.0170347
0.0170403
0.0170459
0.0170515
0.017057
0.0170626
0.0170681
0.0170736
0.0170791
0.0170845
0.01709
0.0170954
0.0171008
0.0171062
0.0171115
0.0171169
0.0171222
0.0171275
0.0171328
0.0171381
0.0171433
0.0171486
0.0171538
0.017159
0.0171642
0.0171694
0.0171745
0.0171797
0.0171848
0.0171899
0.017195
0.0172
0.0172051
0.0172101
0.0172151
0.0172201
0.0172251
0.0172301
0.017235
0.0172399
0.0172449
0.0172497
0.0172546
0.0172595
0.0172643
0.0172692
0.017274
0.0172788
0.0172836
0.0172884
0.0172931
0.0172979
0.0173026
0.0173073
0.017312
0.0173167
0.0173213
0.017326
0.0173306
0.0173352
0.0173398
0.0173444
0.017349
0.0173536
0.0173581
0.0173626
0.0173671
0.0173716
0.0173761
0.0173806
0.0173851
0.0173895
0.0173939
0.0173984
0.0174028
0.0174071
0.0174115
0.0174159
0.0174202
0.0174246
0.0174289
0.0174332
0.0174375
0.0174417
0.017446
0.0174503
0.0174545
0.0174587
0.0174629
0.0174671
0.0174713
0.0174755
0.0174797
0.0174838
0.0174879
0.0174921
0.0174962
0.0175003
0.0175043
0.0175084
0.0175125
0.0175165
0.0175206
0.0175246
0.0175286
0.0175326
0.0175366
0.0175405
0.0175445
0.0175484
0.0175524
0.0175563
0.0175602
0.0175641
0.017568
0.0175719
0.0175758
0.0175796
0.0175834
0.0175873
0.0175911
0.0175949
0.0175987
0.0176025
0.0176063
0.01761
0.0176138
0.0176175
0.0176212
0.017625
0.0176287
0.0176324
0.0176361
0.0176397
0.0176434
0.017647
0.0176507
0.0176543
0.0176579
0.0176616
0.0176652
0.0176687
0.0176723
0.0176759
0.0176795
0.017683
0.0176865
0.0176901
0.0176936
0.0176971
0.0177006
0.0177041
0.0177076
0.017711
0.0177145
0.0177179
0.0177214
0.0177248
0.0177282
0.0177316
0.017735
0.0177384
0.0177418
0.0177452
0.0177485
0.0177519
0.0177552
0.0177585
0.0177619
0.0177652
0.0177685
0.0177718
0.0177751
0.0177783
0.0177816
0.0177849
0.0177881
0.0177913
0.0177946
0.0177978
0.017801
0.0178042
0.0178074
0.0178106
0.0178138
0.0178169
0.0178201
0.0178233
0.0178264
0.0178295
0.0178327
0.0178358
0.0178389
0.017842
0.0178451
0.0178482
0.0178512
0.0178543
0.0178574
0.0178604
0.0178634
0.0178665
0.0178695
0.0178725
0.0178755
0.0178785
0.0178815
0.0178845
0.0178875
0.0178905
0.0178934
0.0178964
0.0178993
0.0179022
0.0179052
0.0179081
0.017911
0.0179139
0.0179168
0.0179197
0.0179226
0.0179255
0.0179283
0.0179312
0.017934
0.0179369
0.0179397
0.0179426
0.0179454
0.0179482
0.017951
0.0179538
0.0179566
0.0179594
0.0179622
0.0179649
0.0179677
0.0179705
0.0179732
0.017976
0.0179787
0.0179814
0.0179841
0.0179869
0.0179896
0.0179923
0.017995
0.0179976
0.0180003
0.018003
0.0180057
0.0180083
0.018011
0.0180136
0.0180163
0.0180189
0.0180215
0.0180241
0.0180268
0.0180294
0.018032
0.0180346
0.0180371
0.0180397
0.0180423
0.0180449
0.0180474
0.01805
0.0180525
0.0180551
0.0180576
0.0180601
0.0180627
0.0180652
0.0180677
0.0180702
0.0180727
0.0180752
0.0180777
0.0180802
0.0180826
0.0180851
0.0180876
0.01809
0.0180925
0.0180949
0.0180973
0.0180998
0.0181022
0.0181046
0.018107
0.0181094
0.0181118
0.0181142
0.0181166
0.018119
0.0181214
0.0181238
0.0181261
0.0181285
0.0181309
0.0181332
0.0181355
0.0181379
0.0181402
0.0181425
0.0181449
0.0181472
0.0181495
0.0181518
0.0181541
0.0181564
0.0181587
0.018161
0.0181633
0.0181655
0.0181678
0.0181701
0.0181723
0.0181746
0.0181768
0.0181791
0.0181813
0.0181835
0.0181857
0.018188
0.0181902
0.0181924
0.0181946
0.0181968
0.018199
0.0182012
0.0182034
0.0182055
0.0182077
0.0182099
0.0182121
0.0182142
0.0182164
0.0182185
0.0182207
0.0182228
0.0182249
0.0182271
0.0182292
0.0182313
0.0182334
0.0182355
0.0182376
0.0182397
0.0182418
0.0182439
0.018246
0.0182481
0.0182502
0.0182522
0.0182543
0.0182564
0.0182584
0.0182605
0.0182625
0.0182646
0.0182666
0.0182687
0.0182707
0.0182727
0.0182747
0.0182768
0.0182788
0.0182808
0.0182828
0.0182848
0.0182868
0.0182888
0.0182908
0.0182927
0.0182947
0.0182967
0.0182987
0.0183006
0.0183026
0.0183045
0.0183065
0.0183084
0.0183104
0.0183123
0.0183142
0.0183162
0.0183181
0.01832
0.0183219
0.0183239
0.0183258
0.0183277
0.0183296
0.0183315
0.0183334
0.0183352
0.0183371
0.018339
0.0183409
0.0183428
0.0183446
0.0183465
0.0183484
0.0183502
0.0183521
0.0183539
0.0183558
0.0183576
0.0183594
0.0183613
0.0183631
0.0183649
0.0183667
0.0183686
0.0183704
0.0183722
0.018374
0.0183758
0.0183776
0.0183794
0.0183812
0.018383
0.0183847
0.0183865
0.0183883
0.0183901
0.0183918
0.0183936
0.0183954
0.0183971
0.0183989
0.0184006
0.0184024
0.0184041
0.0184058
0.0184076
0.0184093
0.018411
0.0184128
0.0184145
0.0184162
0.0184179
0.0184196
0.0184213
0.018423
0.0184247
0.0184264
0.0184281
0.0184298
0.0184315
0.0184332
0.0184349
0.0184365
0.0184382
0.0184399
0.0184415
0.0184432
0.0184449
0.0184465
0.0184482
0.0184498
0.0184515
0.0184531
0.0184547
0.0184564
0.018458
0.0184596
0.0184613
0.0184629
0.0184645
0.0184661
0.0184677
0.0184693
0.0184709
0.0184725
0.0184741
0.0184757
0.0184773
0.0184789
0.0184805
0.0184821
0.0184837
0.0184853
0.0184868
0.0184884
0.01849
0.0184915
0.0184931
0.0184947
0.0184962
0.0184978
0.0184993
0.0185009
0.0185024
0.0185039
0.0185055
0.018507
0.0185086
0.0185101
0.0185116
0.0185131
0.0185147
0.0185162
0.0185177
0.0185192
0.0185207
0.0185222
0.0185237
0.0185252
0.0185267
0.0185282
0.0185297
0.0185312
0.0185327
0.0185341
0.0185356
0.0185371
0.0185386
0.01854
0.0185415
0.018543
0.0185444
0.0185459
0.0185474
0.0185488
0.0185503
0.0185517
0.0185532
0.0185546
0.018556
0.0185575
0.0185589
0.0185604
0.0185618
0.0185632
0.0185646
0.0185661
0.0185675
0.0185689
0.0185703
0.0185717
0.0185731
0.0185745
0.0185759
0.0185773
0.0185787
0.0185801
0.0185815
0.0185829
0.0185843
0.0185857
0.0185871
0.0185884
0.0185898
0.0185912
0.0185926
0.0185939
0.0185953
0.0185967
0.018598
0.0185994
0.0186008
0.0186021
0.0186035
0.0186048
0.0186062
0.0186075
0.0186088
0.0186102
0.0186115
0.0186129
0.0186142
0.0186155
0.0186169
0.0186182
0.0186195
0.0186208
0.0186221
0.0186235
0.0186248
0.0186261
0.0186274
0.0186287
0.01863
0.0186313
0.0186326
0.0186339
0.0186352
0.0186365
0.0186378
0.0186391
0.0186404
0.0186416
0.0186429
0.0186442
0.0186455
0.0186468
0.018648
0.0186493
0.0186506
0.0186518
0.0186531
0.0186544
0.0186556
0.0186569
0.0186581
0.0186594
0.0186606
0.0186619
0.0186631
0.0186644
0.0186656
0.0186668
0.0186681
0.0186693
0.0186705
0.0186718
0.018673
0.0186742
0.0186755
0.0186767
0.0186779
0.0186791
0.0186803
0.0186815
0.0186828
0.018684
0.0186852
0.0186864
0.0186876
0.0186888
0.01869
0.0186912
0.0186924
0.0186936
0.0186948
0.0186959
0.0186971
0.0186983
0.0186995
0.0187007
0.0187019
0.018703
0.0187042
0.0187054
0.0187066
0.0187077
0.0187089
0.0187101
0.0187112
0.0187124
0.0187135
0.0187147
0.0187158
0.018717
0.0187182
0.0187193
0.0187204
0.0187216
0.0187227
0.0187239
0.018725
0.0187262
0.0187273
0.0187284
0.0187296
0.0187307
0.0187318
0.0187329
0.0187341
0.0187352
0.0187363
0.0187374
0.0187385
0.0187397
0.0187408
0.0187419
0.018743
0.0187441
0.0187452
0.0187463
0.0187474
0.0187485
0.0187496
0.0187507
0.0187518
0.0187529
0.018754
0.0187551
0.0187562
0.0187573
0.0187583
0.0187594
0.0187605
0.0187616
0.0187627
0.0187637
0.0187648
0.0187659
0.018767
0.018768
0.0187691
0.0187702
0.0187712
0.0187723
0.0187733
0.0187744
0.0187755
0.0187765
0.0187776
0.0187786
0.0187797
0.0187807
0.0187818
0.0187828
0.0187839
0.0187849
0.0187859
0.018787
0.018788
0.018789
0.0187901
0.0187911
0.0187921
0.0187932
0.0187942
0.0187952
0.0187963
0.0187973
0.0187983
0.0187993
0.0188003
0.0188013
0.0188024
0.0188034
0.0188044
0.0188054
0.0188064
0.0188074
0.0188084
0.0188094
0.0188104
0.0188114
0.0188124
0.0188134
0.0188144
0.0188154
0.0188164
0.0188174
0.0188184
0.0188194
0.0188203
0.0188213
0.0188223
0.0188233
0.0188243
0.0188253
0.0188262
0.0188272
0.0188282
0.0188292
0.0188301
0.0188311
0.0188321
0.018833
0.018834
0.018835
0.0188359
0.0188369
0.0188378
0.0188388
0.0188398
0.0188407
0.0188417
0.0188426
0.0188436
0.0188445
0.0188455
0.0188464
0.0188474
0.0188483
0.0188492
0.0188502
0.0188511
0.0188521
0.018853
0.0188539
0.0188549
0.0188558
0.0188567
0.0188576
0.0188586
0.0188595
0.0188604
0.0188614
0.0188623
0.0188632
0.0188641
0.018865
0.018866
0.0188669
0.0188678
0.0188687
0.0188696
0.0188705
0.0188714
0.0188723
0.0188732
0.0188741
0.018875
0.0188759
0.0188768
0.0188777
0.0188786
0.0188795
0.0188804
0.0188813
0.0188822
0.0188831
0.018884
0.0188849
0.0188858
0.0188867
0.0188876
0.0188884
0.0188893
0.0188902
0.0188911
0.018892
0.0188928
0.0188937
0.0188946
0.0188955
0.0188963
0.0188972
0.0188981
0.0188989
0.0188998
0.0189007
0.0189015
0.0189024
0.0189033
0.0189041
0.018905
0.0189058
0.0189067
0.0189076
0.0189084
0.0189093
0.0189101
0.018911
0.0189118
0.0189127
0.0189135
0.0189144
0.0189152
0.0189161
0.0189169
0.0189177
0.0189186
0.0189194
0.0189203
0.0189211
0.0189219
0.0189228
0.0189236
0.0189244
0.0189253
0.0189261
0.0189269
0.0189277
0.0189286
0.0189294
0.0189302
0.018931
0.0189319
0.0189327
0.0189335
0.0189343
0.0189351
0.018936
0.0189368
0.0189376
0.0189384
0.0189392
0.01894
0.0189408
0.0189416
0.0189424
0.0189432
0.018944
0.0189449
0.0189457
0.0189465
0.0189473
0.0189481
0.0189489
0.0189496
0.0189504
0.0189512
0.018952
0.0189528
0.0189536
0.0189544
0.0189552
0.018956
0.0189568
0.0189576
0.0189583
0.0189591
0.0189599
0.0189607
0.0189615
0.0189623
0.018963
0.0189638
0.0189646
0.0189654
0.0189661
0.0189669
0.0189677
0.0189684
0.0189692
0.01897
0.0189708
0.0189715
0.0189723
0.0189731
0.0189738
0.0189746
0.0189753
0.0189761
0.0189769
0.0189776
0.0189784
0.0189791
0.0189799
0.0189806
0.0189814
0.0189822
0.0189829
0.0189837
0.0189844
0.0189852
0.0189859
0.0189866
0.0189874
0.0189881
0.0189889
0.0189896
0.0189904
0.0189911
0.0189918
0.0189926
0.0189933
0.0189941
0.0189948
0.0189955
0.0189963
0.018997
0.0189977
0.0189985
0.0189992
0.0189999
0.0190007
0.0190014
0.0190021
0.0190028
0.0190036
0.0190043
0.019005
0.0190057
0.0190064
0.0190072
0.0190079
0.0190086
0.0190093
0.01901
0.0190107
0.0190115
0.0190122
0.0190129
0.0190136
0.0190143
0.019015
0.0190157
0.0190164
0.0190171
0.0190178
0.0190186
0.0190193
0.01902
0.0190207
0.0190214
0.0190221
0.0190228
0.0190235
0.0190242
0.0190249
0.0190256
0.0190262
0.0190269
0.0190276
0.0190283
0.019029
0.0190297
0.0190304
0.0190311
0.0190318
0.0190325
0.0190332
0.0190338
0.0190345
0.0190352
0.0190359
0.0190366
0.0190373
0.0190379
0.0190386
0.0190393
0.01904
0.0190406
0.0190413
0.019042
0.0190427
0.0190433
0.019044
0.0190447
0.0190454
0.019046
0.0190467
0.0190474
0.019048
0.0190487
0.0190494
0.01905
0.0190507
0.0190514
0.019052
0.0190527
0.0190533
0.019054
0.0190547
0.0190553
0.019056
0.0190566
0.0190573
0.0190579
0.0190586
0.0190593
0.0190599
0.0190606
0.0190612
0.0190619
0.0190625
0.0190632
0.0190638
0.0190645
0.0190651
0.0190657
0.0190664
0.019067
0.0190677
0.0190683
0.019069
0.0190696
0.0190702
0.0190709
0.0190715
0.0190722
0.0190728
0.0190734
0.0190741
0.0190747
0.0190753
0.019076
0.0190766
0.0190772
0.0190779
0.0190785
0.0190791
0.0190798
0.0190804
0.019081
0.0190816
0.0190823
0.0190829
0.0190835
0.0190841
0.0190848
0.0190854
0.019086
0.0190866
0.0190872
0.0190879
0.0190885
0.0190891
0.0190897
0.0190903
0.0190909
0.0190916
0.0190922
0.0190928
0.0190934
0.019094
0.0190946
0.0190952
0.0190958
0.0190964
0.0190971
0.0190977
0.0190983
0.0190989
0.0190995
0.0191001
0.0191007
0.0191013
0.0191019
0.0191025
0.0191031
0.0191037
0.0191043
0.0191049
0.0191055
0.0191061
0.0191067
0.0191073
0.0191079
0.0191085
0.0191091
0.0191097
0.0191103
0.0191108
0.0191114
0.019112
0.0191126
0.0191132
0.0191138
0.0191144
0.019115
0.0191156
0.0191161
0.0191167
0.0191173
0.0191179
0.0191185
0.0191191
0.0191196
0.0191202
0.0191208
0.0191214
0.019122
0.0191225
0.0191231
0.0191237
0.0191243
0.0191248
0.0191254
0.019126
0.0191266
0.0191271
0.0191277
0.0191283
0.0191289
0.0191294
0.01913
0.0191306
0.0191311
0.0191317
0.0191323
0.0191328
0.0191334
0.019134
0.0191345
0.0191351
0.0191357
0.0191362
0.0191368
0.0191373
0.0191379
0.0191385
0.019139
0.0191396
0.0191401
0.0191407
0.0191413
0.0191418
0.0191424
0.0191429
0.0191435
0.019144
0.0191446
0.0191451
0.0191457
0.0191462
0.0191468
0.0191473
0.0191479
0.0191484
0.019149
0.0191495
0.0191501
0.0191506
0.0191512
0.0191517
0.0191523
0.0191528
0.0191533
0.0191539
0.0191544
0.019155
0.0191555
0.0191561
0.0191566
0.0191571
0.0191577
0.0191582
0.0191588
0.0191593
0.0191598
0.0191604
0.0191609
0.0191614
0.019162
0.0191625
0.019163
0.0191636
0.0191641
0.0191646
0.0191652
0.0191657
0.0191662
0.0191667
0.0191673
0.0191678
0.0191683
0.0191689
0.0191694
0.0191699
0.0191704
0.019171
0.0191715
0.019172
0.0191725
0.019173
0.0191736
0.0191741
0.0191746
0.0191751
0.0191756
0.0191762
0.0191767
0.0191772
0.0191777
0.0191782
0.0191787
0.0191793
0.0191798
0.0191803
0.0191808
0.0191813
0.0191818
0.0191823
0.0191829
0.0191834
0.0191839
0.0191844
0.0191849
0.0191854
0.0191859
0.0191864
0.0191869
0.0191874
0.0191879
0.0191884
0.0191889
0.0191894
0.01919
0.0191905
0.019191
0.0191915
0.019192
0.0191925
0.019193
0.0191935
0.019194
0.0191945
0.019195
0.0191955
0.019196
0.0191965
0.0191969
0.0191974
0.0191979
0.0191984
0.0191989
0.0191994
0.0191999
0.0192004
0.0192009
0.0192014
0.0192019
0.0192024
0.0192029
0.0192034
0.0192038
0.0192043
0.0192048
0.0192053
0.0192058
0.0192063
0.0192068
0.0192073
0.0192077
0.0192082
0.0192087
0.0192092
0.0192097
0.0192102
0.0192106
0.0192111
0.0192116
0.0192121
0.0192126
0.019213
0.0192135
0.019214
0.0192145
0.019215
0.0192154
0.0192159
0.0192164
0.0192169
0.0192173
0.0192178
0.0192183
0.0192188
0.0192192
0.0192197
0.0192202
0.0192206
0.0192211
0.0192216
0.0192221
0.0192225
0.019223
0.0192235
0.0192239
0.0192244
0.0192249
0.0192253
0.0192258
0.0192263
0.0192267
0.0192272
0.0192277
0.0192281
0.0192286
0.0192291
0.0192295
0.01923
0.0192304
0.0192309
0.0192314
0.0192318
0.0192323
0.0192327
0.0192332
0.0192337
0.0192341
0.0192346
0.019235
0.0192355
0.0192359
0.0192364
0.0192369
0.0192373
0.0192378
0.0192382
0.0192387
0.0192391
0.0192396
0.01924
0.0192405
0.0192409
0.0192414
0.0192418
0.0192423
0.0192427
0.0192432
0.0192436
0.0192441
0.0192445
0.019245
0.0192454
0.0192459
0.0192463
0.0192468
0.0192472
0.0192477
0.0192481
0.0192485
0.019249
0.0192494
0.0192499
0.0192503
0.0192508
0.0192512
0.0192516
0.0192521
0.0192525
0.019253
0.0192534
0.0192538
0.0192543
0.0192547
0.0192551
0.0192556
0.019256
0.0192565
0.0192569
0.0192573
0.0192578
0.0192582
0.0192586
0.0192591
0.0192595
0.0192599
0.0192604
0.0192608
0.0192612
0.0192617
0.0192621
0.0192625
0.0192629
0.0192634
0.0192638
0.0192642
0.0192647
0.0192651
0.0192655
0.0192659
0.0192664
0.0192668
0.0192672
0.0192676
0.0192681
0.0192685
0.0192689
0.0192693
0.0192698
0.0192702
0.0192706
0.019271
0.0192715
0.0192719
0.0192723
0.0192727
0.0192731
0.0192736
0.019274
0.0192744
0.0192748
0.0192752
0.0192756
0.0192761
0.0192765
0.0192769
0.0192773
0.0192777
0.0192781
0.0192786
0.019279
0.0192794
0.0192798
0.0192802
0.0192806
0.019281
0.0192815
0.0192819
0.0192823
0.0192827
0.0192831
0.0192835
0.0192839
0.0192843
0.0192847
0.0192851
0.0192856
0.019286
0.0192864
0.0192868
0.0192872
0.0192876
0.019288
0.0192884
0.0192888
0.0192892
0.0192896
0.01929
0.0192904
0.0192908
0.0192912
0.0192916
0.019292
0.0192924
0.0192928
0.0192932
0.0192936
0.019294
0.0192944
0.0192948
0.0192952
0.0192956
0.019296
0.0192964
0.0192968
0.0192972
0.0192976
0.019298
0.0192984
0.0192988
0.0192992
0.0192996
0.0193
0.0193004
0.0193008
0.0193012
0.0193016
0.019302
0.0193024
0.0193028
0.0193031
0.0193035
0.0193039
0.0193043
0.0193047
0.0193051
0.0193055
0.0193059
0.0193063
0.0193067
0.0193071
0.0193074
0.0193078
0.0193082
0.0193086
0.019309
0.0193094
0.0193098
0.0193101
0.0193105
0.0193109
0.0193113
0.0193117
0.0193121
0.0193125
0.0193128
0.0193132
0.0193136
0.019314
0.0193144
0.0193147
0.0193151
0.0193155
0.0193159
0.0193163
0.0193166
0.019317
0.0193174
0.0193178
0.0193182
0.0193185
0.0193189
0.0193193
0.0193197
0.0193201
0.0193204
0.0193208
0.0193212
0.0193216
0.0193219
0.0193223
0.0193227
0.0193231
0.0193234
0.0193238
0.0193242
0.0193245
0.0193249
0.0193253
0.0193257
0.019326
0.0193264
0.0193268
0.0193271
0.0193275
0.0193279
0.0193283
0.0193286
0.019329
0.0193294
0.0193297
0.0193301
0.0193305
0.0193308
0.0193312
0.0193316
0.0193319
0.0193323
0.0193327
0.019333
0.0193334
0.0193338
0.0193341
0.0193345
0.0193349
0.0193352
0.0193356
0.0193359
0.0193363
0.0193367
0.019337
0.0193374
0.0193378
0.0193381
0.0193385
0.0193388
0.0193392
0.0193396
0.0193399
0.0193403
0.0193406
0.019341
0.0193413
0.0193417
0.0193421
0.0193424
0.0193428
0.0193431
0.0193435
0.0193438
0.0193442
0.0193446
0.0193449
0.0193453
0.0193456
0.019346
0.0193463
0.0193467
0.019347
0.0193474
0.0193477
0.0193481
0.0193484
0.0193488
0.0193491
0.0193495
0.0193499
0.0193502
0.0193506
0.0193509
0.0193513
0.0193516
0.019352
0.0193523
0.0193526
0.019353
0.0193533
0.0193537
0.019354
0.0193544
0.0193547
0.0193551
0.0193554
0.0193558
0.0193561
0.0193565
0.0193568
0.0193572
0.0193575
0.0193578
0.0193582
0.0193585
0.0193589
0.0193592
0.0193596
0.0193599
0.0193602
0.0193606
0.0193609
0.0193613
0.0193616
0.0193619
0.0193623
0.0193626
0.019363
0.0193633
0.0193636
0.019364
0.0193643
0.0193647
0.019365
0.0193653
0.0193657
0.019366
0.0193663
0.0193667
0.019367
0.0193674
0.0193677
0.019368
0.0193684
0.0193687
0.019369
0.0193694
0.0193697
0.01937
0.0193704
0.0193707
0.019371
0.0193714
0.0193717
0.019372
0.0193724
0.0193727
0.019373
0.0193734
0.0193737
0.019374
0.0193744
0.0193747
0.019375
0.0193753
0.0193757
0.019376
0.0193763
0.0193767
0.019377
0.0193773
0.0193776
0.019378
0.0193783
0.0193786
0.0193789
0.0193793
0.0193796
0.0193799
0.0193803
0.0193806
0.0193809
0.0193812
0.0193816
0.0193819
0.0193822
0.0193825
0.0193828
0.0193832
0.0193835
0.0193838
0.0193841
0.0193845
0.0193848
0.0193851
0.0193854
0.0193857
0.0193861
0.0193864
0.0193867
0.019387
0.0193873
0.0193877
0.019388
0.0193883
0.0193886
0.0193889
0.0193893
0.0193896
0.0193899
0.0193902
0.0193905
0.0193909
0.0193912
0.0193915
0.0193918
0.0193921
0.0193924
0.0193927
0.0193931
0.0193934
0.0193937
0.019394
0.0193943
0.0193946
0.0193949
0.0193953
0.0193956
0.0193959
0.0193962
0.0193965
0.0193968
0.0193971
0.0193975
0.0193978
0.0193981
0.0193984
0.0193987
0.019399
0.0193993
0.0193996
0.0193999
0.0194002
0.0194006
0.0194009
0.0194012
0.0194015
0.0194018
0.0194021
0.0194024
0.0194027
0.019403
0.0194033
0.0194036
0.0194039
0.0194042
0.0194046
0.0194049
0.0194052
0.0194055
0.0194058
0.0194061
0.0194064
0.0194067
0.019407
0.0194073
0.0194076
0.0194079
0.0194082
0.0194085
0.0194088
0.0194091
0.0194094
0.0194097
0.01941
0.0194103
0.0194106
0.0194109
0.0194112
0.0194115
0.0194118
0.0194121
0.0194124
0.0194127
0.019413
0.0194133
0.0194136
0.0194139
0.0194142
0.0194145
0.0194148
0.0194151
0.0194154
0.0194157
0.019416
0.0194163
0.0194166
0.0194169
0.0194172
0.0194175
0.0194178
0.0194181
0.0194184
0.0194187
0.019419
0.0194193
0.0194196
0.0194199
0.0194202
0.0194204
0.0194207
0.019421
0.0194213
0.0194216
0.0194219
0.0194222
0.0194225
0.0194228
0.0194231
0.0194234
0.0194237
0.019424
0.0194242
0.0194245
0.0194248
0.0194251
0.0194254
0.0194257
0.019426
0.0194263
0.0194266
0.0194269
0.0194271
0.0194274
0.0194277
0.019428
0.0194283
0.0194286
0.0194289
0.0194292
0.0194295
0.0194297
0.01943
0.0194303
0.0194306
0.0194309
0.0194312
0.0194315
0.0194317
0.019432
0.0194323
0.0194326
0.0194329
0.0194332
0.0194334
0.0194337
0.019434
0.0194343
0.0194346
0.0194349
0.0194351
0.0194354
0.0194357
0.019436
0.0194363
0.0194366
0.0194368
0.0194371
0.0194374
0.0194377
0.019438
0.0194382
0.0194385
0.0194388
0.0194391
0.0194394
0.0194396
0.0194399
0.0194402
0.0194405
0.0194408
0.019441
0.0194413
0.0194416
0.0194419
0.0194422
0.0194424
0.0194427
0.019443
0.0194433
0.0194435
0.0194438
0.0194441
0.0194444
0.0194446
0.0194449
0.0194452
0.0194455
0.0194457
0.019446
0.0194463
0.0194466
0.0194468
0.0194471
0.0194474
0.0194477
0.0194479
0.0194482
0.0194485
0.0194488
0.019449
0.0194493
0.0194496
0.0194498
0.0194501
0.0194504
0.0194507
0.0194509
0.0194512
0.0194515
0.0194517
0.019452
0.0194523
0.0194526
0.0194528
0.0194531
0.0194534
0.0194536
0.0194539
0.0194542
0.0194544
0.0194547
0.019455
0.0194553
0.0194555
0.0194558
0.0194561
0.0194563
0.0194566
0.0194569
0.0194571
0.0194574
0.0194577
0.0194579
0.0194582
0.0194585
0.0194587
0.019459
0.0194593
0.0194595
0.0194598
0.01946
0.0194603
0.0194606
0.0194608
0.0194611
0.0194614
0.0194616
0.0194619
0.0194622
0.0194624
0.0194627
0.0194629
0.0194632
0.0194635
0.0194637
0.019464
0.0194643
0.0194645
0.0194648
0.019465
0.0194653
0.0194656
0.0194658
0.0194661
0.0194663
0.0194666
0.0194669
0.0194671
0.0194674
0.0194676
0.0194679
0.0194682
0.0194684
0.0194687
0.0194689
0.0194692
0.0194695
0.0194697
0.01947
0.0194702
0.0194705
0.0194707
0.019471
0.0194713
0.0194715
0.0194718
0.019472
0.0194723
0.0194725
0.0194728
0.0194731
0.0194733
0.0194736
0.0194738
0.0194741
0.0194743
0.0194746
0.0194748
0.0194751
0.0194753
0.0194756
0.0194759
0.0194761
0.0194764
0.0194766
0.0194769
0.0194771
0.0194774
0.0194776
0.0194779
0.0194781
0.0194784
0.0194786
0.0194789
0.0194791
0.0194794
0.0194796
0.0194799
0.0194801
0.0194804
0.0194806
0.0194809
0.0194811
0.0194814
0.0194816
0.0194819
0.0194821
0.0194824
0.0194826
0.0194829
0.0194831
0.0194834
0.0194836
0.0194839
0.0194841
0.0194844
0.0194846
0.0194849
0.0194851
0.0194854
0.0194856
0.0194859
0.0194861
0.0194864
0.0194866
0.0194868
0.0194871
0.0194873
0.0194876
0.0194878
0.0194881
0.0194883
0.0194886
0.0194888
0.0194891
0.0194893
0.0194895
0.0194898
0.01949
0.0194903
0.0194905
0.0194908
0.019491
0.0194913
0.0194915
0.0194917
0.019492
0.0194922
0.0194925
0.0194927
0.019493
0.0194932
0.0194934
0.0194937
0.0194939
0.0194942
0.0194944
0.0194946
0.0194949
0.0194951
0.0194954
0.0194956
0.0194958
0.0194961
0.0194963
0.0194966
0.0194968
0.019497
0.0194973
0.0194975
0.0194978
0.019498
0.0194982
0.0194985
0.0194987
0.019499
0.0194992
0.0194994
0.0194997
0.0194999
0.0195001
0.0195004
0.0195006
0.0195009
0.0195011
0.0195013
0.0195016
0.0195018
0.019502
0.0195023
0.0195025
0.0195027
0.019503
0.0195032
0.0195034
0.0195037
0.0195039
0.0195042
0.0195044
0.0195046
0.0195049
0.0195051
0.0195053
0.0195056
0.0195058
0.019506
0.0195063
0.0195065
0.0195067
0.019507
0.0195072
0.0195074
0.0195077
0.0195079
0.0195081
0.0195084
0.0195086
0.0195088
0.019509
0.0195093
0.0195095
0.0195097
0.01951
0.0195102
0.0195104
0.0195107
0.0195109
0.0195111
0.0195114
0.0195116
0.0195118
0.019512
0.0195123
0.0195125
0.0195127
0.019513
0.0195132
0.0195134
0.0195136
0.0195139
0.0195141
0.0195143
0.0195146
0.0195148
0.019515
0.0195152
0.0195155
0.0195157
0.0195159
0.0195161
0.0195164
0.0195166
0.0195168
0.0195171
0.0195173
0.0195175
0.0195177
0.019518
0.0195182
0.0195184
0.0195186
0.0195189
0.0195191
0.0195193
0.0195195
0.0195198
0.01952
0.0195202
0.0195204
0.0195207
0.0195209
0.0195211
0.0195213
0.0195216
0.0195218
0.019522
0.0195222
0.0195224
0.0195227
0.0195229
0.0195231
0.0195233
0.0195236
0.0195238
0.019524
0.0195242
0.0195244
0.0195247
0.0195249
0.0195251
0.0195253
0.0195256
0.0195258
0.019526
0.0195262
0.0195264
0.0195267
0.0195269
0.0195271
0.0195273
0.0195275
0.0195278
0.019528
0.0195282
0.0195284
0.0195286
0.0195288
0.0195291
0.0195293
0.0195295
0.0195297
0.0195299
0.0195302
0.0195304
0.0195306
0.0195308
0.019531
0.0195312
0.0195315
0.0195317
0.0195319
0.0195321
0.0195323
0.0195326
0.0195328
0.019533
0.0195332
0.0195334
0.0195336
0.0195338
0.0195341
0.0195343
0.0195345
0.0195347
0.0195349
0.0195351
0.0195354
0.0195356
0.0195358
0.019536
0.0195362
0.0195364
0.0195366
0.0195369
0.0195371
0.0195373
0.0195375
0.0195377
0.0195379
0.0195381
0.0195383
0.0195386
0.0195388
0.019539
0.0195392
0.0195394
0.0195396
0.0195398
0.01954
0.0195403
0.0195405
0.0195407
0.0195409
0.0195411
0.0195413
0.0195415
0.0195417
0.019542
0.0195422
0.0195424
0.0195426
0.0195428
0.019543
0.0195432
0.0195434
0.0195436
0.0195438
0.0195441
0.0195443
0.0195445
0.0195447
0.0195449
0.0195451
0.0195453
0.0195455
0.0195457
0.0195459
0.0195461
0.0195463
0.0195466
0.0195468
0.019547
0.0195472
0.0195474
0.0195476
0.0195478
0.019548
0.0195482
0.0195484
0.0195486
0.0195488
0.019549
0.0195493
0.0195495
0.0195497
0.0195499
0.0195501
0.0195503
0.0195505
0.0195507
0.0195509
0.0195511
0.0195513
0.0195515
0.0195517
0.0195519
0.0195521
0.0195523
0.0195525
0.0195527
0.0195529
0.0195531
0.0195534
0.0195536
0.0195538
0.019554
0.0195542
0.0195544
0.0195546
0.0195548
0.019555
0.0195552
0.0195554
0.0195556
0.0195558
0.019556
0.0195562
0.0195564
0.0195566
0.0195568
0.019557
0.0195572
0.0195574
0.0195576
0.0195578
0.019558
0.0195582
0.0195584
0.0195586
0.0195588
0.019559
0.0195592
0.0195594
0.0195596
0.0195598
0.01956
0.0195602
0.0195604
0.0195606
0.0195608
0.019561
0.0195612
0.0195614
0.0195616
0.0195618
0.019562
0.0195622
0.0195624
0.0195626
0.0195628
0.019563
0.0195632
0.0195634
0.0195636
0.0195638
0.019564
0.0195642
0.0195644
0.0195646
0.0195648
0.019565
0.0195652
0.0195654
0.0195656
0.0195658
0.019566
0.0195662
0.0195664
0.0195666
0.0195667
0.0195669
0.0195671
0.0195673
0.0195675
0.0195677
0.0195679
0.0195681
0.0195683
0.0195685
0.0195687
0.0195689
0.0195691
0.0195693
0.0195695
0.0195697
0.0195699
0.0195701
0.0195703
0.0195705
0.0195706
0.0195708
0.019571
0.0195712
0.0195714
0.0195716
0.0195718
0.019572
0.0195722
0.0195724
0.0195726
0.0195728
0.019573
0.0195732
0.0195733
0.0195735
0.0195737
0.0195739
0.0195741
0.0195743
0.0195745
0.0195747
0.0195749
0.0195751
0.0195753
0.0195755
0.0195756
0.0195758
0.019576
0.0195762
0.0195764
0.0195766
0.0195768
0.019577
0.0195772
0.0195774
0.0195776
0.0195777
0.0195779
0.0195781
0.0195783
0.0195785
0.0195787
0.0195789
0.0195791
0.0195793
0.0195794
0.0195796
0.0195798
0.01958
0.0195802
0.0195804
0.0195806
0.0195808
0.019581
0.0195811
0.0195813
0.0195815
0.0195817
0.0195819
0.0195821
0.0195823
0.0195825
0.0195826
0.0195828
0.019583
0.0195832
0.0195834
0.0195836
0.0195838
0.0195839
0.0195841
0.0195843
0.0195845
0.0195847
0.0195849
0.0195851
0.0195852
0.0195854
0.0195856
0.0195858
0.019586
0.0195862
0.0195864
0.0195865
0.0195867
0.0195869
0.0195871
0.0195873
0.0195875
0.0195877
0.0195878
0.019588
0.0195882
0.0195884
0.0195886
0.0195888
0.0195889
0.0195891
0.0195893
0.0195895
0.0195897
0.0195899
0.01959
0.0195902
0.0195904
0.0195906
0.0195908
0.019591
0.0195911
0.0195913
0.0195915
0.0195917
0.0195919
0.019592
0.0195922
0.0195924
0.0195926
0.0195928
0.019593
0.0195931
0.0195933
0.0195935
0.0195937
0.0195939
0.019594
0.0195942
0.0195944
0.0195946
0.0195948
0.0195949
0.0195951
0.0195953
0.0195955
0.0195957
0.0195958
0.019596
0.0195962
0.0195964
0.0195966
0.0195967
0.0195969
0.0195971
0.0195973
0.0195975
0.0195976
0.0195978
0.019598
0.0195982
0.0195983
0.0195985
0.0195987
0.0195989
0.0195991
0.0195992
0.0195994
0.0195996
0.0195998
0.0195999
0.0196001
0.0196003
0.0196005
0.0196007
0.0196008
0.019601
0.0196012
0.0196014
0.0196015
0.0196017
0.0196019
0.0196021
0.0196022
0.0196024
0.0196026
0.0196028
0.019603
0.0196031
0.0196033
0.0196035
0.0196037
0.0196038
0.019604
0.0196042
0.0196044
0.0196045
0.0196047
0.0196049
0.0196051
0.0196052
0.0196054
0.0196056
0.0196058
0.0196059
0.0196061
0.0196063
0.0196064
0.0196066
0.0196068
0.019607
0.0196071
0.0196073
0.0196075
0.0196077
0.0196078
0.019608
0.0196082
0.0196084
0.0196085
0.0196087
0.0196089
0.019609
0.0196092
0.0196094
0.0196096
0.0196097
0.0196099
0.0196101
0.0196103
0.0196104
0.0196106
0.0196108
0.0196109
0.0196111
0.0196113
0.0196115
0.0196116
0.0196118
0.019612
0.0196121
0.0196123
0.0196125
0.0196127
0.0196128
0.019613
0.0196132
0.0196133
0.0196135
0.0196137
0.0196138
0.019614
0.0196142
0.0196144
0.0196145
0.0196147
0.0196149
0.019615
0.0196152
0.0196154
0.0196155
0.0196157
0.0196159
0.0196161
0.0196162
0.0196164
0.0196166
0.0196167
0.0196169
0.0196171
0.0196172
0.0196174
0.0196176
0.0196177
0.0196179
0.0196181
0.0196182
0.0196184
0.0196186
0.0196187
0.0196189
0.0196191
0.0196192
0.0196194
0.0196196
0.0196197
0.0196199
0.0196201
0.0196202
0.0196204
0.0196206
0.0196207
0.0196209
0.0196211
0.0196212
0.0196214
0.0196216
0.0196217
0.0196219
0.0196221
0.0196222
0.0196224
0.0196226
0.0196227
0.0196229
0.0196231
0.0196232
0.0196234
0.0196236
0.0196237
0.0196239
0.0196241
0.0196242
0.0196244
0.0196246
0.0196247
0.0196249
0.019625
0.0196252
0.0196254
0.0196255
0.0196257
0.0196259
0.019626
0.0196262
0.0196264
0.0196265
0.0196267
0.0196269
0.019627
0.0196272
0.0196273
0.0196275
0.0196277
0.0196278
0.019628
0.0196282
0.0196283
0.0196285
0.0196286
0.0196288
0.019629
0.0196291
0.0196293
0.0196295
0.0196296
0.0196298
0.0196299
0.0196301
0.0196303
0.0196304
0.0196306
0.0196307
0.0196309
0.0196311
0.0196312
0.0196314
0.0196316
0.0196317
0.0196319
0.019632
0.0196322
0.0196324
0.0196325
0.0196327
0.0196328
0.019633
0.0196332
0.0196333
0.0196335
0.0196336
0.0196338
0.019634
0.0196341
0.0196343
0.0196344
0.0196346
0.0196348
0.0196349
0.0196351
0.0196352
0.0196354
0.0196356
0.0196357
0.0196359
0.019636
0.0196362
0.0196363
0.0196365
0.0196367
0.0196368
0.019637
0.0196371
0.0196373
0.0196375
0.0196376
0.0196378
0.0196379
0.0196381
0.0196382
0.0196384
0.0196386
0.0196387
0.0196389
0.019639
0.0196392
0.0196393
0.0196395
0.0196397
0.0196398
0.01964
0.0196401
0.0196403
0.0196404
0.0196406
0.0196408
0.0196409
0.0196411
0.0196412
0.0196414
0.0196415
0.0196417
0.0196419
0.019642
0.0196422
0.0196423
0.0196425
0.0196426
0.0196428
0.0196429
0.0196431
0.0196433
0.0196434
0.0196436
0.0196437
0.0196439
0.019644
0.0196442
0.0196443
0.0196445
0.0196446
0.0196448
0.019645
0.0196451
0.0196453
0.0196454
0.0196456
0.0196457
0.0196459
0.019646
0.0196462
0.0196463
0.0196465
0.0196466
0.0196468
0.019647
0.0196471
0.0196473
0.0196474
0.0196476
0.0196477
0.0196479
0.019648
0.0196482
0.0196483
0.0196485
0.0196486
0.0196488
0.0196489
0.0196491
0.0196492
0.0196494
0.0196495
0.0196497
0.0196499
0.01965
0.0196502
0.0196503
0.0196505
0.0196506
0.0196508
0.0196509
0.0196511
0.0196512
0.0196514
0.0196515
0.0196517
0.0196518
0.019652
0.0196521
0.0196523
0.0196524
0.0196526
0.0196527
0.0196529
0.019653
0.0196532
0.0196533
0.0196535
0.0196536
0.0196538
0.0196539
0.0196541
0.0196542
0.0196544
0.0196545
0.0196547
0.0196548
0.019655
0.0196551
0.0196553
0.0196554
0.0196556
0.0196557
0.0196559
0.019656
0.0196562
0.0196563
0.0196565
0.0196566
0.0196568
0.0196569
0.0196571
0.0196572
0.0196574
0.0196575
0.0196577
0.0196578
0.019658
0.0196581
0.0196583
0.0196584
0.0196585
0.0196587
0.0196588
0.019659
0.0196591
0.0196593
0.0196594
0.0196596
0.0196597
0.0196599
0.01966
0.0196602
0.0196603
0.0196605
0.0196606
0.0196608
0.0196609
0.019661
0.0196612
0.0196613
0.0196615
0.0196616
0.0196618
0.0196619
0.0196621
0.0196622
0.0196624
0.0196625
0.0196627
0.0196628
0.0196629
0.0196631
0.0196632
0.0196634
0.0196635
0.0196637
0.0196638
0.019664
0.0196641
0.0196643
0.0196644
0.0196645
0.0196647
0.0196648
0.019665
0.0196651
0.0196653
0.0196654
0.0196656
0.0196657
0.0196658
0.019666
0.0196661
0.0196663
0.0196664
0.0196666
0.0196667
0.0196669
0.019667
0.0196671
0.0196673
0.0196674
0.0196676
0.0196677
0.0196679
0.019668
0.0196682
0.0196683
0.0196684
0.0196686
0.0196687
0.0196689
0.019669
0.0196692
0.0196693
0.0196694
0.0196696
0.0196697
0.0196699
0.01967
0.0196702
0.0196703
0.0196704
0.0196706
0.0196707
0.0196709
0.019671
0.0196711
0.0196713
0.0196714
0.0196716
0.0196717
0.0196719
0.019672
0.0196721
0.0196723
0.0196724
0.0196726
0.0196727
0.0196728
0.019673
0.0196731
0.0196733
0.0196734
0.0196735
0.0196737
0.0196738
0.019674
0.0196741
0.0196743
0.0196744
0.0196745
0.0196747
0.0196748
0.019675
0.0196751
0.0196752
0.0196754
0.0196755
0.0196757
0.0196758
0.0196759
0.0196761
0.0196762
0.0196764
0.0196765
0.0196766
0.0196768
0.0196769
0.019677
0.0196772
0.0196773
0.0196775
0.0196776
0.0196777
0.0196779
0.019678
0.0196782
0.0196783
0.0196784
0.0196786
0.0196787
0.0196789
0.019679
0.0196791
0.0196793
0.0196794
0.0196795
0.0196797
0.0196798
0.01968
0.0196801
0.0196802
0.0196804
0.0196805
0.0196806
0.0196808
0.0196809
0.0196811
0.0196812
0.0196813
0.0196815
0.0196816
0.0196817
0.0196819
0.019682
0.0196822
0.0196823
0.0196824
0.0196826
0.0196827
0.0196828
0.019683
0.0196831
0.0196833
0.0196834
0.0196835
0.0196837
0.0196838
0.0196839
0.0196841
0.0196842
0.0196843
0.0196845
0.0196846
0.0196847
0.0196849
0.019685
0.0196852
0.0196853
0.0196854
0.0196856
0.0196857
0.0196858
0.019686
0.0196861
0.0196862
0.0196864
0.0196865
0.0196866
0.0196868
0.0196869
0.019687
0.0196872
0.0196873
0.0196874
0.0196876
0.0196877
0.0196879
0.019688
0.0196881
0.0196883
0.0196884
0.0196885
0.0196887
0.0196888
0.0196889
0.0196891
0.0196892
0.0196893
0.0196895
0.0196896
0.0196897
0.0196899
0.01969
0.0196901
0.0196903
0.0196904
0.0196905
0.0196907
0.0196908
0.0196909
0.0196911
0.0196912
0.0196913
0.0196915
0.0196916
0.0196917
0.0196919
0.019692
0.0196921
0.0196923
0.0196924
0.0196925
0.0196927
0.0196928
0.0196929
0.019693
0.0196932
0.0196933
0.0196934
0.0196936
0.0196937
0.0196938
0.019694
0.0196941
0.0196942
0.0196944
0.0196945
0.0196946
0.0196948
0.0196949
0.019695
0.0196952
0.0196953
0.0196954
0.0196955
0.0196957
0.0196958
0.0196959
0.0196961
0.0196962
0.0196963
0.0196965
0.0196966
0.0196967
0.0196969
0.019697
0.0196971
0.0196972
0.0196974
0.0196975
0.0196976
0.0196978
0.0196979
0.019698
0.0196982
0.0196983
0.0196984
0.0196985
0.0196987
0.0196988
0.0196989
0.0196991
0.0196992
0.0196993
0.0196995
0.0196996
0.0196997
0.0196998
0.0197
0.0197001
0.0197002
0.0197004
0.0197005
0.0197006
0.0197007
0.0197009
0.019701
0.0197011
0.0197013
0.0197014
0.0197015
0.0197016
0.0197018
0.0197019
0.019702
0.0197022
0.0197023
0.0197024
0.0197025
0.0197027
0.0197028
0.0197029
0.019703
0.0197032
0.0197033
0.0197034
0.0197036
0.0197037
0.0197038
0.0197039
0.0197041
0.0197042
0.0197043
0.0197045
0.0197046
0.0197047
0.0197048
0.019705
0.0197051
0.0197052
0.0197053
0.0197055
0.0197056
0.0197057
0.0197058
0.019706
0.0197061
0.0197062
0.0197064
0.0197065
0.0197066
0.0197067
0.0197069
0.019707
0.0197071
0.0197072
0.0197074
0.0197075
0.0197076
0.0197077
0.0197079
0.019708
0.0197081
0.0197082
0.0197084
0.0197085
0.0197086
0.0197087
0.0197089
0.019709
0.0197091
0.0197092
0.0197094
0.0197095
0.0197096
0.0197097
0.0197099
0.01971
0.0197101
0.0197102
0.0197104
0.0197105
0.0197106
0.0197107
0.0197109
0.019711
0.0197111
0.0197112
0.0197114
0.0197115
0.0197116
0.0197117
0.0197119
0.019712
0.0197121
0.0197122
0.0197124
0.0197125
0.0197126
0.0197127
0.0197128
0.019713
0.0197131
0.0197132
0.0197133
0.0197135
0.0197136
0.0197137
0.0197138
0.019714
0.0197141
0.0197142
0.0197143
0.0197145
0.0197146
0.0197147
0.0197148
0.0197149
0.0197151
0.0197152
0.0197153
0.0197154
0.0197156
0.0197157
0.0197158
0.0197159
0.019716
0.0197162
0.0197163
0.0197164
0.0197165
0.0197167
0.0197168
0.0197169
0.019717
0.0197171
0.0197173
0.0197174
0.0197175
0.0197176
0.0197178
0.0197179
0.019718
0.0197181
0.0197182
0.0197184
0.0197185
0.0197186
0.0197187
0.0197188
0.019719
0.0197191
0.0197192
0.0197193
0.0197194
0.0197196
0.0197197
0.0197198
0.0197199
0.0197201
0.0197202
0.0197203
0.0197204
0.0197205
0.0197207
0.0197208
0.0197209
0.019721
0.0197211
0.0197213
0.0197214
0.0197215
0.0197216
0.0197217
0.0197219
0.019722
0.0197221
0.0197222
0.0197223
0.0197225
0.0197226
0.0197227
0.0197228
0.0197229
0.0197231
0.0197232
0.0197233
0.0197234
0.0197235
0.0197236
0.0197238
0.0197239
0.019724
0.0197241
0.0197242
0.0197244
0.0197245
0.0197246
0.0197247
0.0197248
0.019725
0.0197251
0.0197252
0.0197253
0.0197254
0.0197255
0.0197257
0.0197258
0.0197259
0.019726
0.0197261
0.0197263
0.0197264
0.0197265
0.0197266
0.0197267
0.0197268
0.019727
0.0197271
0.0197272
0.0197273
0.0197274
0.0197276
0.0197277
0.0197278
0.0197279
0.019728
0.0197281
0.0197283
0.0197284
0.0197285
0.0197286
0.0197287
0.0197288
0.019729
0.0197291
0.0197292
0.0197293
0.0197294
0.0197295
0.0197297
0.0197298
0.0197299
0.01973
0.0197301
0.0197302
0.0197304
0.0197305
0.0197306
0.0197307
0.0197308
0.0197309
0.0197311
0.0197312
0.0197313
0.0197314
0.0197315
0.0197316
0.0197318
0.0197319
0.019732
0.0197321
0.0197322
0.0197323
0.0197324
0.0197326
0.0197327
0.0197328
0.0197329
0.019733
0.0197331
0.0197333
0.0197334
0.0197335
0.0197336
0.0197337
0.0197338
0.0197339
0.0197341
0.0197342
0.0197343
0.0197344
0.0197345
0.0197346
0.0197347
0.0197349
0.019735
0.0197351
0.0197352
0.0197353
0.0197354
0.0197356
0.0197357
0.0197358
0.0197359
0.019736
0.0197361
0.0197362
0.0197363
0.0197365
0.0197366
0.0197367
0.0197368
0.0197369
0.019737
0.0197371
0.0197373
0.0197374
0.0197375
0.0197376
0.0197377
0.0197378
0.0197379
0.0197381
0.0197382
0.0197383
0.0197384
0.0197385
0.0197386
0.0197387
0.0197388
0.019739
0.0197391
0.0197392
0.0197393
0.0197394
0.0197395
0.0197396
0.0197397
0.0197399
0.01974
0.0197401
0.0197402
0.0197403
0.0197404
0.0197405
0.0197406
0.0197408
0.0197409
0.019741
0.0197411
0.0197412
0.0197413
0.0197414
0.0197415
0.0197417
0.0197418
0.0197419
0.019742
0.0197421
0.0197422
0.0197423
0.0197424
0.0197426
0.0197427
0.0197428
0.0197429
0.019743
0.0197431
0.0197432
0.0197433
0.0197434
0.0197436
0.0197437
0.0197438
0.0197439
0.019744
0.0197441
0.0197442
0.0197443
0.0197444
0.0197446
0.0197447
0.0197448
0.0197449
0.019745
0.0197451
0.0197452
0.0197453
0.0197454
0.0197455
0.0197457
0.0197458
0.0197459
0.019746
0.0197461
0.0197462
0.0197463
0.0197464
0.0197465
0.0197467
0.0197468
0.0197469
0.019747
0.0197471
0.0197472
0.0197473
0.0197474
0.0197475
0.0197476
0.0197477
0.0197479
0.019748
0.0197481
0.0197482
0.0197483
0.0197484
0.0197485
0.0197486
0.0197487
0.0197488
0.019749
0.0197491
0.0197492
0.0197493
0.0197494
0.0197495
0.0197496
0.0197497
0.0197498
0.0197499
0.01975
0.0197501
0.0197503
0.0197504
0.0197505
0.0197506
0.0197507
0.0197508
0.0197509
0.019751
0.0197511
0.0197512
0.0197513
0.0197514
0.0197516
0.0197517
0.0197518
0.0197519
0.019752
0.0197521
0.0197522
0.0197523
0.0197524
0.0197525
0.0197526
0.0197527
0.0197529
0.019753
0.0197531
0.0197532
0.0197533
0.0197534
0.0197535
0.0197536
0.0197537
0.0197538
0.0197539
0.019754
0.0197541
0.0197542
0.0197544
0.0197545
0.0197546
0.0197547
0.0197548
0.0197549
0.019755
0.0197551
0.0197552
0.0197553
0.0197554
0.0197555
0.0197556
0.0197557
0.0197558
0.019756
0.0197561
0.0197562
0.0197563
0.0197564
0.0197565
0.0197566
0.0197567
0.0197568
0.0197569
0.019757
0.0197571
0.0197572
0.0197573
0.0197574
0.0197575
0.0197577
0.0197578
0.0197579
0.019758
0.0197581
0.0197582
0.0197583
0.0197584
0.0197585
0.0197586
0.0197587
0.0197588
0.0197589
0.019759
0.0197591
0.0197592
0.0197593
0.0197594
0.0197595
0.0197597
0.0197598
0.0197599
0.01976
0.0197601
0.0197602
0.0197603
0.0197604
0.0197605
0.0197606
0.0197607
0.0197608
0.0197609
0.019761
0.0197611
0.0197612
0.0197613
0.0197614
0.0197615
0.0197616
0.0197617
0.0197618
0.019762
0.0197621
0.0197622
0.0197623
0.0197624
0.0197625
0.0197626
0.0197627
0.0197628
0.0197629
0.019763
0.0197631
0.0197632
0.0197633
0.0197634
0.0197635
0.0197636
0.0197637
0.0197638
0.0197639
0.019764
0.0197641
0.0197642
0.0197643
0.0197644
0.0197645
0.0197646
0.0197648
0.0197649
0.019765
0.0197651
0.0197652
0.0197653
0.0197654
0.0197655
0.0197656
0.0197657
0.0197658
0.0197659
0.019766
0.0197661
0.0197662
0.0197663
0.0197664
0.0197665
0.0197666
0.0197667
0.0197668
0.0197669
0.019767
0.0197671
0.0197672
0.0197673
0.0197674
0.0197675
0.0197676
0.0197677
0.0197678
0.0197679
0.019768
0.0197681
0.0197682
0.0197683
0.0197684
0.0197685
0.0197686
0.0197687
0.0197688
0.0197689
0.019769
0.0197691
0.0197692
0.0197694
0.0197695
0.0197696
0.0197697
0.0197698
0.0197699
0.01977
0.0197701
0.0197702
0.0197703
0.0197704
0.0197705
0.0197706
0.0197707
0.0197708
0.0197709
0.019771
0.0197711
0.0197712
0.0197713
0.0197714
0.0197715
0.0197716
0.0197717
0.0197718
0.0197719
0.019772
0.0197721
0.0197722
0.0197723
0.0197724
0.0197725
0.0197726
0.0197727
0.0197728
0.0197729
0.019773
0.0197731
0.0197732
0.0197733
0.0197734
0.0197735
0.0197736
0.0197737
0.0197738
0.0197739
0.019774
0.0197741
0.0197742
0.0197743
0.0197744
0.0197745
0.0197746
0.0197747
0.0197748
0.0197749
0.019775
0.0197751
0.0197752
0.0197753
0.0197754
0.0197755
0.0197756
0.0197757
0.0197758
0.0197759
0.019776
0.0197761
0.0197762
0.0197763
0.0197764
0.0197765
0.0197766
0.0197767
0.0197768
0.0197769
0.019777
0.019777
0.0197771
0.0197772
0.0197773
0.0197774
0.0197775
0.0197776
0.0197777
0.0197778
0.0197779
0.019778
0.0197781
0.0197782
0.0197783
0.0197784
0.0197785
0.0197786
0.0197787
0.0197788
0.0197789
0.019779
0.0197791
0.0197792
0.0197793
0.0197794
0.0197795
0.0197796
0.0197797
0.0197798
0.0197799
0.01978
0.0197801
0.0197802
0.0197803
0.0197804
0.0197805
0.0197806
0.0197807
0.0197808
0.0197809
0.019781
0.0197811
0.0197812
0.0197813
0.0197814
0.0197814
0.0197815
0.0197816
0.0197817
0.0197818
0.0197819
0.019782
0.0197821
0.0197822
0.0197823
0.0197824
0.0197825
0.0197826
0.0197827
0.0197828
0.0197829
0.019783
0.0197831
0.0197832
0.0197833
0.0197834
0.0197835
0.0197836
0.0197837
0.0197838
0.0197839
0.019784
0.0197841
0.0197842
0.0197842
0.0197843
0.0197844
0.0197845
0.0197846
0.0197847
0.0197848
0.0197849
0.019785
0.0197851
0.0197852
0.0197853
0.0197854
0.0197855
0.0197856
0.0197857
0.0197858
0.0197859
0.019786
0.0197861
0.0197862
0.0197863
0.0197864
0.0197864
0.0197865
0.0197866
0.0197867
0.0197868
0.0197869
0.019787
0.0197871
0.0197872
0.0197873
0.0197874
0.0197875
0.0197876
0.0197877
0.0197878
0.0197879
0.019788
0.0197881
0.0197882
0.0197882
0.0197883
0.0197884
0.0197885
0.0197886
0.0197887
0.0197888
0.0197889
0.019789
0.0197891
0.0197892
0.0197893
0.0197894
0.0197895
0.0197896
0.0197897
0.0197898
0.0197899
0.0197899
0.01979
0.0197901
0.0197902
0.0197903
0.0197904
0.0197905
0.0197906
0.0197907
0.0197908
0.0197909
0.019791
0.0197911
0.0197912
0.0197913
0.0197914
0.0197914
0.0197915
0.0197916
0.0197917
0.0197918
0.0197919
0.019792
0.0197921
0.0197922
0.0197923
0.0197924
0.0197925
0.0197926
0.0197927
0.0197928
0.0197928
0.0197929
0.019793
0.0197931
0.0197932
0.0197933
0.0197934
0.0197935
0.0197936
0.0197937
0.0197938
0.0197939
0.019794
0.019794
0.0197941
0.0197942
0.0197943
0.0197944
0.0197945
0.0197946
0.0197947
0.0197948
0.0197949
0.019795
0.0197951
0.0197952
0.0197952
0.0197953
0.0197954
0.0197955
0.0197956
0.0197957
0.0197958
0.0197959
0.019796
0.0197961
0.0197962
0.0197963
0.0193103
0.0197964
0.0197965
0.0197966
0.0197967
0.0197968
0.0197969
0.019797
0.0197971
0.0197972
0.0197973
0.0197974
0.0197975
0.0197975
0.0197976
0.0197977
0.0197978
0.0197979
0.019798
0.0197981
0.0197982
0.0197983
0.0197984
0.0197985
0.0197985
0.0197986
0.0197987
0.0197988
0.0197989
0.019799
0.0197991
0.0197992
0.0197993
0.0197994
0.0197995
0.0197995
0.0197996
0.0197997
0.0197998
0.0197999
0.0198
0.0198001
0.0198002
0.0198003
0.0198004
0.0198004
0.0198005
0.0198006
0.0198007
0.0198008
0.0198009
0.019801
0.0198011
0.0198012
0.0198013
0.0198013
0.0198014
0.0198015
0.0198016
0.0198017
0.0198018
0.0198019
0.019802
0.0198021
0.0198022
0.0198022
0.0198023
0.0198024
0.0198025
0.0198026
0.0198027
0.0198028
0.0198029
0.019803
0.0193194
0.0198031
0.0198032
0.0198033
0.0198034
0.0198035
0.0198036
0.0198037
0.0198038
0.0198039
0.0198039
0.0193208
0.0198041
0.0198042
0.0198043
0.0198044
0.0198045
0.0198046
0.0198047
0.0198047
0.0198048
0.0198049
0.019805
0.0198051
0.0198052
0.0198053
0.0198054
0.0198055
0.0198055
0.0198056
0.0198057
0.0198058
0.0198059
0.019806
0.0198061
0.0198062
0.0198063
0.0198063
0.0198064
0.0198065
0.0198066
0.0193245
0.0198068
0.0198069
0.019807
0.019807
0.0198071
0.0198072
0.0198073
0.0198074
0.0198075
0.0198076
0.0198077
0.0198077
0.0198078
0.0198079
0.019808
0.0198081
0.0198082
0.0198083
0.0193269
0.0198085
0.0198085
0.0198086
0.0198087
0.0198088
0.0198089
0.019809
0.0198091
0.0198091
0.0198092
0.0198093
0.0198094
0.0198095
0.0198096
0.0198097
0.0198098
0.0198098
0.0198099
0.01981
0.0193295
0.0198102
0.0198103
0.0198104
0.0198105
0.0198105
0.0193302
0.0198107
0.0198108
0.0198109
0.019811
0.0198111
0.0198112
0.0198112
0.0198113
0.0198114
0.0198115
0.0198116
0.0198117
0.0198118
0.0198118
0.0198119
0.019812
0.0198121
0.0198122
0.0198123
0.0198124
0.0198124
0.0198125
0.0198126
0.0198127
0.0198128
0.0198129
0.019813
0.019813
0.0198131
0.0198132
0.0198133
0.0198134
0.0198135
0.0198136
0.0198137
0.0198137
0.0198138
0.0198139
0.019814
0.0198141
0.0198142
0.0198143
0.0198143
0.0198144
0.0198145
0.0198146
0.0198147
0.0198148
0.0198148
0.0198149
0.019815
0.0198151
0.0198152
0.0198153
0.0198154
0.0198154
0.0198155
0.0198156
0.0198157
0.0198158
0.0198159
0.019816
0.019816
0.0198161
0.0198162
0.0193386
0.0198164
0.0198165
0.019339
0.0198166
0.0198167
0.0198168
0.0198169
0.019817
0.0198171
0.0198171
0.0198172
0.0198173
0.0198174
0.0198175
0.0198176
0.0198177
0.0198177
0.0198178
0.0198179
0.019818
0.0198181
0.0198182
0.0198182
0.0198183
0.0198184
0.0198185
0.0198186
0.0193422
0.0193424
0.0198188
0.0198189
0.019819
0.0198191
0.0198192
0.0198193
0.0198193
0.0198194
0.0198195
0.0198196
0.0198197
0.0198198
0.0198198
0.0198199
0.01982
0.0198201
0.0198202
0.0198203
0.0198203
0.0193449
0.0198205
0.0198206
0.0198207
0.0198208
0.0198208
0.0198209
0.019821
0.0198211
0.0198212
0.0198213
0.0198213
0.0198214
0.0193466
0.0198216
0.0198217
0.0198218
0.0198218
0.0198219
0.019822
0.0198221
0.0198222
0.0198223
0.0198223
0.0198224
0.0198225
0.0198226
0.0198227
0.0198228
0.0198228
0.0193488
0.019349
0.0198231
0.0198232
0.0198232
0.0198233
0.0198234
0.0198235
0.0198236
0.0198237
0.0198237
0.0198238
0.0198239
0.019824
0.0198241
0.0198242
0.0198242
0.0198243
0.0198244
0.0198245
0.0198246
0.0193516
0.0193517
0.0198248
0.0198249
0.0193521
0.0198251
0.0198251
0.0198252
0.0198253
0.0198254
0.0198255
0.0198256
0.0198256
0.0198257
0.0198258
0.0198259
0.019826
0.019826
0.0198261
0.0198262
0.0198263
0.0198264
0.0198264
0.0198265
0.0198266
0.0198267
0.0198268
0.0198269
0.0198269
0.019827
0.0198271
0.0198272
0.0198273
0.0198273
0.019356
0.0198275
0.0198276
0.0193564
0.0198278
0.0198278
0.0198279
0.019828
0.0198281
0.0198282
0.0198282
0.0198283
0.0198284
0.0198285
0.0198286
0.0198286
0.0198287
0.0198288
0.0198289
0.019829
0.019829
0.0198291
0.0198292
0.0198293
0.0198294
0.0198294
0.0198295
0.0198296
0.0198297
0.0198298
0.0198299
0.0198299
0.01983
0.0198301
0.0198302
0.0198303
0.0198303
0.0198304
0.0198305
0.0198306
0.0198307
0.0198307
0.0198308
0.0198309
0.019831
0.0198311
0.0198311
0.0198312
0.0198313
0.0198314
0.0198315
0.0198315
0.0198316
0.0198317
0.0198318
0.0198319
0.0198319
0.019832
0.0198321
0.0198322
0.0198323
0.0198323
0.0198324
0.0198325
0.0193645
0.0198326
0.0198327
0.0193649
0.0198329
0.019833
0.019833
0.0198331
0.0198332
0.0198333
0.0198334
0.0198334
0.0198335
0.0198336
0.0198337
0.0198338
0.0198338
0.0198339
0.019834
0.0198341
0.0198342
0.0198342
0.0198343
0.0198344
0.0198345
0.0198346
0.0198346
0.0198347
0.0198348
0.0198349
0.0198349
0.019835
0.0198351
0.0198352
0.0198353
0.0198353
0.0198354
0.0198355
0.0198356
0.0198357
0.0198357
0.0198358
0.0198359
0.019836
0.019836
0.0198361
0.0193706
0.0198363
0.0198364
0.0198364
0.0198365
0.0193713
0.0198367
0.0198367
0.0198368
0.0198369
0.019837
0.0198371
0.0198371
0.0198372
0.0198373
0.0198374
0.0198375
0.0198375
0.0198376
0.0198377
0.0198378
0.0198378
0.0198379
0.019838
0.0198381
0.0198382
0.0193741
0.0198383
0.0193744
0.0198385
0.0198385
0.0198386
0.0198387
0.0198388
0.0198389
0.0198389
0.019839
0.0198391
0.0198392
0.0198392
0.0198393
0.0198394
0.0198395
0.0198395
0.0198396
0.0198397
0.0198398
0.0198399
0.0198399
0.01984
0.0198401
0.0198402
0.0198402
0.0198403
0.0198404
0.0198405
0.0198406
0.0198406
0.0198407
0.0198408
0.0198409
0.0198409
0.019841
0.0198411
0.0198412
0.0198412
0.0198413
0.0198414
0.0193798
0.01938
0.0198416
0.0198417
0.0198418
0.0198419
0.0198419
0.019842
0.0198421
0.0198422
0.0198422
0.0198423
0.0198424
0.0198425
0.0198425
0.0198426
0.0198427
0.0198428
0.0198428
0.0198429
0.019843
0.0198431
0.0198432
0.0198432
0.0198433
0.0198434
0.0198435
0.0198435
0.0198436
0.0198437
0.0198438
0.0198438
0.0193842
0.019844
0.0198441
0.0198441
0.0193847
0.0198443
0.0198444
0.0198444
0.0198445
0.0198446
0.0198447
0.0198447
0.0198448
0.0198449
0.019845
0.019845
0.0193864
0.0198452
0.0198453
0.0193868
0.0198454
0.0198455
0.0198456
0.0198457
0.0198457
0.0198458
0.0198459
0.019846
0.019846
0.0198461
0.0198462
0.0198463
0.0198463
0.0198464
0.0198465
0.0198466
0.0198466
0.0198467
0.0198468
0.0193895
0.0198469
0.019847
0.0198471
0.0198472
0.0198472
0.0198473
0.0198474
0.0198475
0.0198475
0.0198476
0.0198477
0.0198478
0.0198478
0.0198479
0.019848
0.019848
0.0198481
0.0198482
0.0198483
0.0198483
0.0198484
0.0198485
0.0198486
0.0198486
0.0198487
0.0198488
0.0198489
0.0198489
0.019849
0.0198491
0.0198492
0.0198492
0.0198493
0.0198494
0.0198495
0.0198495
0.0193946
0.0198497
0.0198498
0.0198498
0.0198499
0.01985
0.0198501
0.0198501
0.0198502
0.0198503
0.0198504
0.0198504
0.0198505
0.0198506
0.0198506
0.0198507
0.0198508
0.0198509
0.0198509
0.019851
0.0198511
0.0198512
0.0198512
0.0198513
0.0198514
0.0198515
0.0198515
0.0198516
0.0198517
0.0198517
0.0198518
0.0198519
0.019852
0.019852
0.0198521
0.0198522
0.0198523
0.0198523
0.0198524
0.0198525
0.0198526
0.0198526
0.0198527
0.0198528
0.0198528
0.0198529
0.019853
0.0198531
0.0198531
0.0198532
0.0198533
0.0198534
0.0198534
0.0198535
0.0198536
0.0198536
0.0198537
0.0198538
0.0198539
0.0198539
0.019854
0.0198541
0.0198542
0.0194034
0.0198543
0.0198544
0.0198544
0.0198545
0.0198546
0.0198547
0.0198547
0.0198548
0.0194047
0.019855
0.019855
0.0198551
0.0198552
0.0198552
0.0198553
0.0198554
0.0194058
0.0198555
0.0198556
0.0198557
0.0198558
0.0198558
0.0198559
0.019856
0.019856
0.0198561
0.0198562
0.0198563
0.0198563
0.0198564
0.0198565
0.0198565
0.0198566
0.0198567
0.0198568
0.0198568
0.0198569
0.019857
0.019857
0.0198571
0.0198572
0.0198573
0.0198573
0.0198574
0.0198575
0.0198575
0.01941
0.0194102
0.0198578
0.0198578
0.0198579
0.019858
0.019858
0.0198581
0.0198582
0.0198583
0.0198583
0.0198584
0.0198585
0.0198585
0.0198586
0.0198587
0.0198588
0.0198588
0.0198589
0.019859
0.019859
0.0198591
0.0198592
0.0198593
0.0198593
0.0198594
0.0198595
0.0198595
0.0198596
0.0194142
0.0198598
0.0198598
0.0198599
0.01986
0.01986
0.0198601
0.0198602
0.0194153
0.0198603
0.0198604
0.0198605
0.0198605
0.0198606
0.0198607
0.0198607
0.0198608
0.0198609
0.019861
0.019861
0.0198611
0.0198612
0.0194173
0.0198613
0.0198614
0.0198614
0.0198615
0.0198616
0.0194181
0.0198617
0.0198618
0.0198619
0.0198619
0.019862
0.0198621
0.0198622
0.0198622
0.0198623
0.0198624
0.0194197
0.0198625
0.01942
0.0198626
0.0198627
0.0198628
0.0198629
0.0198629
0.019863
0.0198631
0.0198631
0.0198632
0.0198633
0.0198633
0.0198634
0.0198635
0.0198635
0.0198636
0.0198637
0.0198638
0.0194226
0.0198639
0.019864
0.019864
0.0198641
0.0198642
0.0198642
0.0198643
0.0198644
0.0198645
0.0198645
0.0198646
0.0198647
0.0194245
0.0198648
0.0198649
0.0198649
0.019865
0.0198651
0.0198651
0.0198652
0.0198653
0.0198654
0.0198654
0.0198655
0.0198656
0.0198656
0.0198657
0.0194266
0.0198658
0.0198659
0.019866
0.019866
0.0198661
0.0198662
0.0198662
0.0198663
0.0198664
0.0198665
0.0198665
0.0194284
0.0198667
0.0198667
0.0198668
0.0198669
0.0198669
0.019867
0.0198671
0.0198671
0.0198672
0.0198673
0.0198673
0.0198674
0.0198675
0.0198676
0.0198676
0.0194307
0.0198678
0.0198678
0.0198679
0.019868
0.019868
0.0198681
0.0198682
0.0198682
0.0198683
0.0198684
0.0198684
0.0198685
0.0198686
0.0198686
0.0198687
0.0198688
0.0198689
0.0198689
0.019869
0.0198691
0.0198691
0.0198692
0.0198693
0.0198693
0.0198694
0.0198695
0.0198695
0.0198696
0.0198697
0.0198697
0.0198698
0.0198699
0.0198699
0.01987
0.0194358
0.0198701
0.0198702
0.0194362
0.0198703
0.0198704
0.0198705
0.0198705
0.0198706
0.0198707
0.0198707
0.0198708
0.0198709
0.0198709
0.019871
0.0198711
0.0198712
0.0198712
0.0198713
0.0198714
0.0198714
0.0198715
0.0198716
0.0198716
0.0194393
0.0198718
0.0198718
0.0198719
0.019872
0.019872
0.0194402
0.0198722
0.0198722
0.0198723
0.0198724
0.0198724
0.0198725
0.0198726
0.0198726
0.0198727
0.0198728
0.0198728
0.0198729
0.019873
0.019873
0.0198731
0.0198732
0.0198732
0.0198733
0.0198734
0.0198734
0.0198735
0.0198736
0.0198736
0.0198737
0.0198738
0.0198738
0.0198739
0.019874
0.019874
0.0198741
0.0198742
0.0198742
0.0198743
0.0198744
0.0198744
0.0198745
0.0194456
0.0198746
0.0198747
0.0198748
0.0198748
0.0198749
0.019875
0.019875
0.0198751
0.0198752
0.0198752
0.0198753
0.0198754
0.0198754
0.0198755
0.0198755
0.0198756
0.0198757
0.0198757
0.0198758
0.0198759
0.0194487
0.019876
0.0198761
0.0198761
0.0198762
0.0198763
0.0194496
0.0198764
0.0198765
0.0198765
0.0198766
0.0194504
0.0198767
0.0198768
0.0198769
0.0198769
0.019877
0.0198771
0.0194514
0.0198772
0.0198773
0.0194518
0.0198774
0.0198775
0.0198775
0.0198776
0.0198776
0.0198777
0.0198778
0.0198778
0.0198779
0.019878
0.019878
0.0198781
0.0198782
0.0198782
0.0198783
0.0198784
0.0198784
0.0194545
0.0198786
0.0198786
0.0198787
0.0198788
0.0198788
0.0198789
0.0194556
0.019879
0.0198791
0.0198791
0.0198792
0.0198793
0.0198793
0.0198794
0.0198795
0.0198795
0.0198796
0.0198797
0.0198797
0.0198798
0.0194577
0.0198799
0.01988
0.0198801
0.0198801
0.0194584
0.0198802
0.0198803
0.0198804
0.0198804
0.0198805
0.0198806
0.0198806
0.0198807
0.0198808
0.0198808
0.0198809
0.0194602
0.019881
0.0198811
0.0198811
0.0198812
0.0198813
0.0194611
0.0198814
0.0198815
0.0198815
0.0198816
0.0198817
0.0198817
0.0198818
0.0198819
0.0198819
0.019882
0.019882
0.0198821
0.0198822
0.0198822
0.0198823
0.0194635
0.0198824
0.0194639
0.0198826
0.0198826
0.0198827
0.0198827
0.0198828
0.0198829
0.0194649
0.019883
0.0198831
0.0198831
0.0198832
0.0198833
0.0198833
0.019466
0.0198834
0.0198835
0.0198836
0.0198836
0.0198837
0.0198838
0.0198838
0.0198839
0.0194673
0.019884
0.0198841
0.0198841
0.0198842
0.0198843
0.0198843
0.0198844
0.0198845
0.0198845
0.0194689
0.0198847
0.0198847
0.0198848
0.0198848
0.0198849
0.019885
0.019885
0.0194701
0.0198852
0.0198852
0.0198853
0.0198853
0.0198854
0.0198855
0.0198855
0.0198856
0.0198857
0.0198857
0.0198858
0.0198858
0.0198859
0.019886
0.019886
0.0198861
0.0198862
0.0198862
0.0198863
0.0198863
0.0198864
0.0198865
0.0198865
0.0198866
0.0198867
0.0198867
0.0198868
0.0194743
0.0198869
0.019887
0.019887
0.0198871
0.0198872
0.0198872
0.0198873
0.0198873
0.0198874
0.0198875
0.0198875
0.0198876
0.0198877
0.0198877
0.0198878
0.0198878
0.0198879
0.019888
0.019888
0.0198881
0.0198882
0.0198882
0.0198883
0.0198883
0.0198884
0.0198885
0.0198885
0.0198886
0.0198887
0.0198887
0.0198888
0.0198888
0.0198889
0.019889
0.019889
0.0198891
0.0198891
0.0198892
0.0198893
0.0198893
0.0198894
0.0198895
0.0198895
0.0198896
0.0198896
0.0198897
0.0198898
0.0198898
0.0198899
0.01989
0.01989
0.0198901
0.0198901
0.0198902
0.0198903
0.0198903
0.0198904
0.0194833
0.0198905
0.0198906
0.0198906
0.0198907
0.0198907
0.0198908
0.0198909
0.0198909
0.019891
0.0198911
0.0198911
0.0198912
0.0198912
0.0198913
0.0198914
0.0198914
0.0198915
0.0198915
0.0198916
0.0198917
0.0198917
0.0198918
0.0198918
0.0198919
0.019892
0.019892
0.0198921
0.0198922
0.0198922
0.0198923
0.0198923
0.0198924
0.0198925
0.0198925
0.0198926
0.0198926
0.0198927
0.0198928
0.0198928
0.0198929
0.0198929
0.0194898
0.0198931
0.0198931
0.0198932
0.0198932
0.0198933
0.0194907
0.0198934
0.0198935
0.0198935
0.0198936
0.0198937
0.0198937
0.0194918
0.0198939
0.0198939
0.019894
0.019894
0.0198941
0.0198942
0.0198942
0.0198943
0.0198943
0.0198944
0.0198945
0.0198945
0.0194938
0.0198946
0.0198947
0.0198948
0.0198948
0.0198949
0.0198949
0.019895
0.0198951
0.0194952
0.0198952
0.0198952
0.0198953
0.0194959
0.0198954
0.0198955
0.0198955
0.0198956
0.0198957
0.0198957
0.0198958
0.0198958
0.0198959
0.019896
0.019896
0.0198961
0.0198961
0.0194981
0.0198963
0.0194984
0.0194985
0.0194987
0.0194989
0.019499
0.0194992
0.0194993
0.0194995
0.0194996
0.0194998
0.0195
0.0195001
0.0195003
0.0195004
0.0198971
0.0198972
0.0195009
0.0195011
0.0195012
0.0198974
0.0195015
0.0198976
0.0198976
0.019502
0.0195022
0.0195023
0.0195025
0.0195026
0.0195028
0.019503
0.0195031
0.0195033
0.0195034
0.0195036
0.0195037
0.0198984
0.0198984
0.0198985
0.0198986
0.0198986
0.0198987
0.0198987
0.0198988
0.0198989
0.0198989
0.019899
0.019899
0.0198991
0.0198992
0.0198992
0.0198993
0.0198993
0.0198994
0.0198994
0.0198995
0.0198996
0.0198996
0.0198997
0.0198997
0.0198998
0.0198999
0.0198999
0.0199
0.0199
0.0199001
0.0199001
0.0199002
0.0199003
0.0199003
0.0199004
0.0199004
0.0199005
0.0199006
0.0199006
0.0199007
0.0199007
0.0199008
0.0199008
0.0199009
0.0195109
0.0195111
0.0195112
0.0195114
0.0195115
0.0195117
0.0195119
0.019512
0.0199014
0.0199015
0.0199015
0.0199016
0.0199017
0.0199017
0.0199018
0.0199018
0.0199019
0.0199019
0.019902
0.0199021
0.0199021
0.0199022
0.0199022
0.0199023
0.0199024
0.0199024
0.0199025
0.0199025
0.0199026
0.0199026
0.0199027
0.0199028
0.0199028
0.0199029
0.0199029
0.019903
0.019903
0.0199031
0.0199032
0.0199032
0.0199033
0.0199033
0.0199034
0.0199034
0.0199035
0.0199036
0.0199036
0.0199037
0.0199037
0.0199038
0.0199038
0.0199039
0.019904
0.019904
0.0199041
0.0199041
0.0199042
0.0199043
0.0195202
0.0199044
0.0199044
0.0199045
0.0199045
0.0199046
0.0199046
0.0199047
0.0199048
0.0199048
0.0199049
0.0199049
0.019905
0.019905
0.0199051
0.0199052
0.0199052
0.0199053
0.0199053
0.0199054
0.0199054
0.0195236
0.0195237
0.0199056
0.0199057
0.0199057
0.0199058
0.0199058
0.0199059
0.019906
0.019906
0.0199061
0.0199061
0.0199062
0.0199062
0.0199063
0.0199064
0.0199064
0.0199065
0.0199065
0.0199066
0.0199066
0.019527
0.0199067
0.0199068
0.0199069
0.0199069
0.019907
0.019907
0.0199071
0.0199071
0.0199072
0.0199073
0.0199073
0.0199074
0.0199074
0.0199075
0.0199075
0.0199076
0.0199076
0.0199077
0.0199078
0.0195302
0.0195304
0.0199079
0.019908
0.019908
0.0199081
0.0199082
0.0199082
0.0199083
0.0199083
0.0199084
0.0199084
0.0199085
0.0199085
0.0199086
0.0199087
0.0199087
0.0199088
0.0199088
0.0195333
0.0195335
0.0195337
0.019909
0.0199091
0.0199092
0.0199092
0.0199093
0.0199093
0.0199094
0.0199094
0.0199095
0.0199095
0.0199096
0.0199097
0.0199097
0.0199098
0.0199098
0.0199099
0.0199099
0.01991
0.01991
0.0199101
0.0199102
0.0199102
0.0199103
0.0199103
0.0199104
0.0199104
0.0199105
0.0199105
0.0199106
0.0199107
0.0199107
0.0199108
0.0199108
0.0199109
0.0199109
0.019911
0.019911
0.0199111
0.0199112
0.0199112
0.0199113
0.0199113
0.0199114
0.0199114
0.0199115
0.0199115
0.0195414
0.0195415
0.0199117
0.0199118
0.0199118
0.0199119
0.0199119
0.019912
0.019912
0.0195429
0.0199121
0.0199122
0.0199123
0.0195435
0.0199124
0.0199124
0.0199125
0.0199125
0.0199126
0.0199126
0.0199127
0.0199127
0.019545
0.0199129
0.0199129
0.019913
0.019913
0.0199131
0.0199131
0.0199132
0.0199132
0.0199133
0.0199133
0.0199134
0.0199135
0.0195472
0.0199136
0.0199136
0.0199137
0.0199137
0.0199138
0.0199138
0.0199139
0.0195485
0.019914
0.019914
0.0199141
0.0199142
0.0199142
0.0199143
0.0199143
0.0199144
0.0199144
0.0199145
0.0199145
0.0199146
0.0199146
0.0199147
0.0199148
0.0195511
0.0199149
0.0199149
0.019915
0.019915
0.0199151
0.0199151
0.0199152
0.0199152
0.0199153
0.0199153
0.0199154
0.0199155
0.0199155
0.0199156
0.0199156
0.0199157
0.0199157
0.0199158
0.0199158
0.0199159
0.0199159
0.019916
0.019916
0.0199161
0.0199161
0.0199162
0.0199163
0.0199163
0.019556
0.0199164
0.0199165
0.0199165
0.0199166
0.0195568
0.0199167
0.0199167
0.0199168
0.0199168
0.0199169
0.019917
0.019917
0.0199171
0.0199171
0.0199172
0.0199172
0.0199173
0.0199173
0.0199174
0.0199174
0.0199175
0.0199175
0.0199176
0.0199176
0.0199177
0.0199177
0.0199178
0.0199179
0.0199179
0.019918
0.019918
0.0199181
0.0199181
0.0199182
0.0199182
0.0199183
0.0195622
0.0199184
0.0199184
0.0199185
0.0199185
0.0199186
0.0199186
0.0199187
0.0199188
0.0199188
0.0199189
0.0199189
0.019919
0.019919
0.0199191
0.0199191
0.0199192
0.0199192
0.0199193
0.0199193
0.0199194
0.0199194
0.0199195
0.0199195
0.0199196
0.0199196
0.0199197
0.0199198
0.0199198
0.0199199
0.0195673
0.01992
0.01992
0.0199201
0.0199201
0.0199202
0.0199202
0.0199203
0.0199203
0.0195688
0.0199204
0.0199205
0.0199205
0.0199206
0.0199206
0.0199207
0.0199207
0.0199208
0.0195703
0.0199209
0.019921
0.019921
0.0199211
0.0199211
0.0199212
0.0199212
0.0199213
0.0199213
0.0199214
0.0199214
0.0199215
0.0199215
0.0199216
0.0199216
0.0199217
0.0199217
0.0199218
0.0199218
0.0199219
0.0199219
0.019922
0.019922
0.0199221
0.0199221
0.0199222
0.0199223
0.0199223
0.0199224
0.0199224
0.0199225
0.0199225
0.0199226
0.0199226
0.0195763
0.0199227
0.0199228
0.0199228
0.0199229
0.0199229
0.019923
0.019923
0.0199231
0.0199231
0.0199232
0.0199232
0.0199233
0.0199233
0.0199234
0.0199234
0.0199235
0.0199235
0.0199236
0.0199236
0.0199237
0.0199237
0.0199238
0.0199238
0.0199239
0.0199239
0.019924
0.0199241
0.0199241
0.0199242
0.0199242
0.0199243
0.0199243
0.0199244
0.0199244
0.0199245
0.0199245
0.0199246
0.0199246
0.0199247
0.0199247
0.0199248
0.0199248
0.0199249
0.0199249
0.019925
0.019925
0.0199251
0.0195845
0.0199252
0.0199252
0.0199253
0.0199253
0.0199254
0.0199254
0.0199255
0.0195859
0.0199256
0.0199256
0.0199257
0.0199257
0.0199258
0.0199258
0.0199259
0.0199259
0.019926
0.019926
0.0199261
0.0199261
0.0199262
0.0199262
0.0199263
0.0199263
0.0199264
0.0199264
0.0195892
0.0199265
0.0199266
0.0199266
0.0199267
0.0199267
0.0199268
0.0199268
0.0199269
0.0199269
0.019927
0.019927
0.0199271
0.0199271
0.0195916
0.0199272
0.0199273
0.0199273
0.0195923
0.0199274
0.0199275
0.0199275
0.0199276
0.0199276
0.0199277
0.0199277
0.0199278
0.0199278
0.0199279
0.0199279
0.019928
0.019928
0.0195947
0.0199281
0.0199282
0.0199282
0.0195954
0.0199283
0.0199284
0.0199284
0.0199285
0.0199285
0.0199286
0.0199286
0.0199287
0.0199287
0.0199288
0.0195974
0.0199289
0.0199289
0.019929
0.019929
0.0199291
0.0199291
0.0199292
0.0195987
0.0199293
0.0199293
0.0199294
0.0199294
0.0199295
0.0199295
0.0199296
0.0199296
0.0199297
0.0199297
0.0199298
0.0199298
0.0199299
0.0199299
0.01993
0.01993
0.0199301
0.0199301
0.0199302
0.0199302
0.0199303
0.0199303
0.0199304
0.0199304
0.0199305
0.0199305
0.0199306
0.0199306
0.0196038
0.0199307
0.0199308
0.0196044
0.0199309
0.0199309
0.019931
0.019931
0.0199311
0.0199311
0.0199312
0.0199312
0.0199313
0.0199313
0.0199313
0.0199314
0.0199314
0.0199315
0.019607
0.0199316
0.0199316
0.0199317
0.0199317
0.0199318
0.0199318
0.0199319
0.0199319
0.019932
0.019932
0.0199321
0.0199321
0.0199322
0.0199322
0.0196096
0.0199323
0.0199324
0.0199324
0.0199325
0.0199325
0.0199326
0.0196109
0.0199327
0.0199327
0.0199328
0.0199328
0.0199329
0.0199329
0.019933
0.019933
0.019933
0.0199331
0.0199331
0.0199332
0.0199332
0.0199333
0.0199333
0.0199334
0.0199334
0.0199335
0.0199335
0.0199336
0.0199336
0.0199337
0.0199337
0.0199338
0.0199338
0.0199339
0.0199339
0.019934
0.019934
0.0199341
0.0199341
0.0199342
0.0199342
0.0199343
0.0199343
0.0196173
0.0199344
0.0199344
0.0199345
0.0199345
0.0199346
0.0199346
0.0199347
0.0199347
0.0199348
0.0199348
0.0196192
0.0199349
0.019935
0.019935
0.0199351
0.0199351
0.0199352
0.0199352
0.0199353
0.0199353
0.0199354
0.0199354
0.0196214
0.0199355
0.0199355
0.0199356
0.0199356
0.0199357
0.0199357
0.0199358
0.0199358
0.0199359
0.0199359
0.019936
0.019936
0.0199361
0.0199361
0.0199362
0.0199362
0.0199363
0.0199363
0.0199363
0.0199364
0.0199364
0.0199365
0.0199365
0.0199366
0.0199366
0.0199367
0.0199367
0.0199368
0.0196266
0.0199369
0.0199369
0.019937
0.019937
0.0199371
0.0199371
0.0199372
0.0199372
0.0196282
0.0199373
0.0199373
0.0199374
0.0199374
0.0199375
0.0199375
0.0199376
0.0199376
0.0199377
0.0199377
0.0199378
0.0199378
0.0199379
0.0199379
0.0199379
0.019938
0.019938
0.0199381
0.0199381
0.0199382
0.0199382
0.0199383
0.0199383
0.0199384
0.0199384
0.0199385
0.0199385
0.0199386
0.0199386
0.0196336
0.0199387
0.0199387
0.0199388
0.0199388
0.0199389
0.0199389
0.019939
0.019635
0.0199391
0.0199391
0.0199392
0.0199392
0.0199393
0.0199393
0.0199393
0.0199394
0.0199394
0.0199395
0.0199395
0.0199396
0.0199396
0.0199397
0.0199397
0.0199398
0.0199398
0.0199399
0.0199399
0.0199399
0.01994
0.01994
0.0199401
0.0199401
0.0199402
0.0199402
0.0199403
0.0199403
0.0199404
0.0199404
0.0199405
0.0199405
0.0199405
0.0199406
0.0199406
0.0199407
0.0199407
0.0199408
0.0199408
0.0199409
0.0199409
0.0196427
0.019941
0.0199411
0.0199411
0.0199411
0.0199412
0.0199412
0.0199413
0.0199413
0.0199414
0.0199414
0.0199415
0.0199415
0.0199416
0.0199416
0.0199416
0.0196456
0.0199417
0.0199418
0.0199418
0.0199419
0.0199419
0.019942
0.019942
0.0199421
0.0199421
0.0199421
0.0199422
0.0199422
0.0199423
0.0199423
0.0199424
0.0199424
0.0199425
0.0199425
0.0199426
0.0199426
0.0199426
0.0199427
0.0199427
0.0199428
0.0199428
0.0199429
0.0199429
0.0196507
0.019943
0.0199431
0.0199431
0.0199431
0.0199432
0.0199432
0.0199433
0.0199433
0.0199434
0.0199434
0.0199435
0.0199435
0.0199436
0.0199436
0.0199436
0.0199437
0.0196538
0.0199438
0.0199438
0.0199439
0.0199439
0.019944
0.019944
0.019944
0.0199441
0.0199441
0.0199442
0.0199442
0.0199443
0.0199443
0.0199444
0.0199444
0.0199444
0.019657
0.0199445
0.0199446
0.0199446
0.0199447
0.0199447
0.0199448
0.0199448
0.0199449
0.0199449
0.0199449
0.019945
0.019945
0.0199451
0.0199451
0.0199452
0.0196599
0.0199453
0.0199453
0.0199453
0.0199454
0.0199454
0.0199455
0.0199455
0.0199456
0.0199456
0.0199457
0.0199457
0.0199457
0.0199458
0.0199458
0.0199459
0.0196629
0.019946
0.019946
0.0199461
0.0199461
0.0199461
0.0199462
0.0199462
0.0196644
0.0199463
0.0199464
0.0199464
0.0199464
0.0199465
0.0199465
0.0199466
0.0199466
0.0199467
0.0199467
0.0199468
0.0199468
0.0199468
0.0199469
0.0199469
0.019947
0.019947
0.0199471
0.0199471
0.0199472
0.0199472
0.0199472
0.0199473
0.0199473
0.0199474
0.0199474
0.0199475
0.0199475
0.0199475
0.0199476
0.0199476
0.0199477
0.0199477
0.0199478
0.0199478
0.0199479
0.0199479
0.0199479
0.019948
0.0196719
0.0199481
0.0199481
0.0196724
0.0199482
0.0199482
0.0199483
0.0199483
0.0199484
0.0199484
0.0199485
0.0199485
0.0199486
0.0199486
0.0199486
0.0199487
0.0199487
0.0199488
0.0199488
0.0199489
0.0199489
0.0199489
0.019949
0.019949
0.0199491
0.0199491
0.0199492
0.0199492
0.0199492
0.0199493
0.0199493
0.0199494
0.0199494
0.0199495
0.0199495
0.0199495
0.0199496
0.0196788
0.0199497
0.0199497
0.0199498
0.0199498
0.0199498
0.0199499
0.0199499
0.01995
0.01995
0.0199501
0.0199501
0.0199501
0.0199502
0.0199502
0.0199503
0.0199503
0.0199504
0.0199504
0.0199504
0.0199505
0.0199505
0.0199506
0.0199506
0.0199507
0.0199507
0.0199507
0.0199508
0.0199508
0.0199509
0.0199509
0.019951
0.019951
0.019951
0.0199511
0.0199511
0.0199512
0.0199512
0.0199513
0.0199513
0.0199513
0.0199514
0.0196868
0.0199515
0.0196871
0.0199516
0.0199516
0.0199516
0.0199517
0.0199517
0.0199518
0.0199518
0.0199519
0.0199519
0.0199519
0.019952
0.019952
0.0199521
0.0199521
0.0199522
0.0199522
0.0199522
0.0199523
0.0196907
0.0199524
0.0199524
0.0199524
0.0199525
0.0199525
0.0199526
0.0199526
0.0199527
0.0199527
0.0196927
0.0196928
0.0199528
0.0199529
0.0199529
0.019953
0.019953
0.019953
0.0199531
0.0199531
0.0199532
0.0199532
0.0199532
0.0199533
0.0196953
0.0196955
0.0199534
0.0199535
0.0196961
0.0199535
0.0199536
0.0199536
0.0199537
0.0199537
0.0199537
0.0199538
0.0199538
0.0199539
0.0199539
0.019954
0.0196984
0.019954
0.0199541
0.0199541
0.0199542
0.0199542
0.0199542
0.0199543
0.0199543
0.0199544
0.0197003
0.0199545
0.0199545
0.0199545
0.0199546
0.0199546
0.0199547
0.0197017
0.0199547
0.0199548
0.0197022
0.0199549
0.0199549
0.0197028
0.019955
0.019955
0.0199551
0.0197036
0.0197038
0.0199552
0.0199552
0.0199553
0.0199553
0.0199554
0.0199554
0.0199554
0.0199555
0.0197055
0.0199556
0.0199556
0.0199557
0.0199557
0.0199557
0.0199558
0.0199558
0.0199559
0.0197072
0.0199559
0.019956
0.019956
0.019708
0.0199561
0.0197084
0.0199562
0.0199562
0.0199563
0.0199563
0.0197094
0.0199564
0.0199564
0.0199565
0.0197101
0.0199566
0.0199566
0.0199566
0.0197109
0.0199567
0.0199568
0.0197115
0.0199568
0.0199569
0.0197121
0.019957
0.019957
0.019957
0.0197129
0.0199571
0.0199572
0.0199572
0.0199572
0.0197138
0.0199573
0.0199574
0.0199574
0.0199575
0.0199575
0.0199575
0.0197152
0.0199576
0.0199577
0.0199577
0.0199577
0.0199578
0.0197164
0.0199579
0.0199579
0.0199579
0.019958
0.019958
0.0197175
0.0199581
0.0199581
0.0199582
0.0199582
0.0199583
0.0197187
0.0197189
0.0199584
0.0199584
0.0199585
0.0199585
0.0199585
0.0197201
0.0199586
0.0199587
0.0199587
0.0199587
0.0199588
0.0199588
0.0199589
0.0197216
0.0199589
0.019959
0.019959
0.0199591
0.0199591
0.0199591
0.0199592
0.0197232
0.0199593
0.0197236
0.0199593
0.0199594
0.0199594
0.0199595
0.0199595
0.0199595
0.0199596
0.0199596
0.0199597
0.0199597
0.0199597
0.019726
0.0199598
0.0199599
0.0199599
0.0199599
0.01996
0.01996
0.0199601
0.0199601
0.0197277
0.0199602
0.0199602
0.0199603
0.0199603
0.0199603
0.0199604
0.0199604
0.0199605
0.0199605
0.0199605
0.0197299
0.0199606
0.0199607
0.0197305
0.0199607
0.0199608
0.0199608
0.0199609
0.0199609
0.0199609
0.019961
0.0197321
0.019961
0.0199611
0.0199611
0.0199612
0.0199612
0.0199612
0.0199613
0.0199613
0.0197338
0.019734
0.0199614
0.0197344
0.0197346
0.0199616
0.0199616
0.0199616
0.0199617
0.0199617
0.0199618
0.0199618
0.0197362
0.0197364
0.0199619
0.0197368
0.019962
0.0197372
0.0197374
0.0199621
0.0199621
0.0199622
0.0199622
0.0197384
0.0199623
0.0199623
0.0199624
0.0199624
0.0199625
0.0199625
0.0197398
0.0199626
0.0199626
0.0199627
0.0199627
0.0199627
0.0199628
0.0199628
0.0199628
0.0199629
0.0199629
0.019963
0.0197422
0.019963
0.0199631
0.0199631
0.0199632
0.0199632
0.0199632
0.0197436
0.0197438
0.0199633
0.0199634
0.0199634
0.0199635
0.0199635
0.0199635
0.0199636
0.0199636
0.0199637
0.0199637
0.019746
0.0199638
0.0199638
0.0199638
0.0199639
0.0199639
0.019964
0.0197474
0.019964
0.0199641
0.0199641
0.0199642
0.0199642
0.0199642
0.0199643
0.0199643
0.0197492
0.0199644
0.0199644
0.0197498
0.01975
0.0199645
0.0199646
0.0199646
0.0199647
0.0199647
0.0199647
0.0199648
0.0199648
0.0197518
0.019752
0.0199649
0.019965
0.019965
0.019965
0.0199651
0.0197532
0.0199651
0.0197536
0.0197538
0.0199653
0.0199653
0.0199653
0.0197546
0.0199654
0.0199655
0.0199655
0.0199655
0.0199656
0.0199656
0.0199656
0.0199657
0.0199657
0.0199658
0.0199658
0.019757
0.0199659
0.0199659
0.0199659
0.019966
0.019966
0.0199661
0.0199661
0.0197586
0.0199662
0.0199662
0.0199662
0.0199663
0.0197596
0.0199664
0.0199664
0.0199664
0.0199665
0.0199665
0.0199665
0.0199666
0.0199666
0.0199667
0.0199667
0.0199667
0.0199668
0.0199668
0.0199668
0.0197627
0.0199669
0.019967
0.019967
0.019967
0.0199671
0.0199671
0.0199671
0.0199672
0.0199672
0.0199673
0.0199673
0.0199673
0.0199674
0.0199674
0.0199674
0.0199675
0.0199675
0.0199676
0.0199676
0.0199676
0.0199677
0.0199677
0.0199677
0.0199678
0.0199678
0.0199678
0.0199679
0.0199679
0.019968
0.019968
0.019968
0.0199681
0.0199681
0.0199681
0.0199682
0.0199682
0.0199683
0.0199683
0.0199683
0.0199684
0.0199684
0.0199684
0.0199685
0.0199685
0.0199686
0.0199686
0.0199686
0.0199687
0.0199687
0.0199687
0.0199688
0.0199688
0.0199688
0.0199689
0.0199689
0.019969
0.019969
0.019969
0.0199691
0.0199691
0.0199691
0.0199692
0.0199692
0.0199692
0.0199693
0.0199693
0.0199694
0.0199694
0.0199694
0.0199695
0.0199695
0.0199695
0.0199696
0.0199696
0.0199696
0.0199697
0.0199697
0.0199698
0.0199698
0.0199698
0.0199699
0.0199699
0.0199699
0.01997
0.01997
0.01997
0.0199701
0.0199701
0.0199702
0.0199702
0.0199702
0.0199703
0.0199703
0.0199703
0.0199704
0.0199704
0.0199704
0.0199705
0.0199705
0.0199706
0.0199706
0.0199706
0.0199707
0.0199707
0.0199707
0.0199708
0.0199708
0.0199708
0.0199709
0.0199709
0.019971
0.019971
0.019971
0.0199711
0.0199711
0.0199711
0.0199712
0.0199712
0.0199712
0.0199713
0.0199713
0.0199713
0.0199714
0.0199714
0.0199715
0.0199715
0.0199715
0.0199716
0.0199716
0.0199716
0.0199717
0.0199717
0.0199717
0.0199718
0.0199718
0.0199718
0.0199719
0.0199719
0.019972
0.019972
0.019972
0.0199721
0.0199721
0.0199721
0.0199722
0.0199722
0.0199722
0.0199723
0.0199723
0.0199723
0.0199724
0.0199724
0.0199725
0.0199725
0.0199725
0.0199726
0.0199726
0.0199726
0.0199727
0.0199727
0.0199727
0.0199728
0.0199728
0.0199728
0.0199729
0.0199729
0.0199729
0.019973
0.019973
0.0199731
0.0199731
0.0199731
0.0199732
0.0199732
0.0199732
0.0199733
0.0199733
0.0199733
0.0199734
0.0199734
0.0199734
0.0199735
0.0199735
0.0199735
0.0199736
0.0199736
0.0199737
0.0199737
0.0199737
0.0199738
0.0199738
0.0199738
0.0199739
0.0199739
0.0199739
0.019974
0.019974
0.019974
0.0199741
0.0199741
0.0199741
0.0199742
0.0199742
0.0199742
0.0199743
0.0199743
0.0199744
0.0199744
0.0199744
0.0199745
0.0199745
0.0199745
0.0199746
0.0199746
0.0199746
0.0199747
0.0199747
0.0199747
0.0199748
0.0199748
0.0199748
0.0199749
0.0199749
0.0199749
0.019975
0.019975
0.019975
0.0199751
0.0199751
0.0199751
0.0199752
0.0199752
0.0199753
0.0199753
0.0199753
0.0199754
0.0199754
0.0199754
0.0199755
0.0199755
0.0199755
0.0199756
0.0199756
0.0199756
0.0199757
0.0199757
0.0199757
0.0199758
0.0199758
0.0199758
0.0199759
0.0199759
0.0199759
0.019976
0.019976
0.019976
0.0199761
0.0199761
0.0199761
0.0199762
0.0199762
0.0199762
0.0199763
0.0199763
0.0199763
0.0199764
0.0199764
0.0199765
0.0199765
0.0199765
0.0199766
0.0199766
0.0199766
0.0199767
0.0199767
0.0199767
0.0199768
0.0199768
0.0199768
0.0199769
0.0199769
0.0199769
0.019977
0.019977
0.019977
0.0199771
0.0199771
0.0199771
0.0199772
0.0199772
0.0199772
0.0199773
0.0199773
0.0199773
0.0199774
0.0199774
0.0199774
0.0199775
0.0199775
0.0199775
0.0199776
0.0199776
0.0199776
0.0199777
0.0199777
0.0199777
0.0199778
0.0199778
0.0199778
0.0199779
0.0199779
0.0199779
0.019978
0.019978
0.019978
0.0199781
0.0199781
0.0199781
0.0199782
0.0199782
0.0199782
0.0199783
0.0199783
0.0199783
0.0199784
0.0199784
0.0199784
0.0199785
0.0199785
0.0199785
0.0199786
0.0199786
0.0199786
0.0199787
0.0199787
0.0199787
0.0199788
0.0199788
0.0199788
0.0199789
0.0199789
0.0199789
0.019979
0.019979
0.019979
0.0199791
0.0199791
0.0199791
0.0199792
0.0199792
0.0199792
0.0199793
0.0199793
