0.0171008
0.0171062
0.0171115
0.0171169
0.0171222
0.0171275
0.0171328
0.0171381
0.0171433
0.0171486
0.0171538
0.017159
0.0171642
0.0171694
0.0171745
0.0171797
0.0171848
0.0171899
0.017195
0.0172
0.0172051
0.0172101
0.0172151
0.0172201
0.0172251
0.0172301
0.017235
0.0172399
0.0172449
0.0172497
0.0172546
0.0172595
0.0172643
0.0172692
0.017274
0.0172788
0.0172836
0.0172884
0.0172931
0.0172979
0.0173026
0.0173073
0.017312
0.0173167
0.0173213
0.017326
0.0173306
0.0173352
0.0173398
0.0173444
0.017349
0.0173536
0.0173581
0.0173626
0.0173671
0.0173716
0.0173761
0.0173806
0.0173851
0.0173895
0.0173939
0.0173984
0.0174028
0.0174071
0.0174115
0.0174159
0.0174202
0.0174246
0.0174289
0.0174332
0.0174375
0.0174417
0.017446
0.0174503
0.0174545
0.0174587
0.0174629
0.0174671
0.0174713
0.0174755
0.0174797
0.0174838
0.0174879
0.0174921
0.0174962
0.0175003
0.0175043
0.0175084
0.0175125
0.0175165
0.0175206
0.0175246
0.0175286
0.0175326
0.0175366
0.0175405
0.0175445
0.0175484
0.0175524
0.0175563
0.0175602
0.0175641
0.017568
0.0175719
0.0175758
0.0175796
0.0175834
0.0175873
0.0175911
0.0175949
0.0175987
0.0176025
0.0176063
0.01761
0.0176138
0.0176175
0.0176212
0.017625
0.0176287
0.0176324
0.0176361
0.0176397
0.0176434
0.017647
0.0176507
0.0176543
0.0176579
0.0176616
0.0176652
0.0176687
0.0176723
0.0176759
0.0176795
0.017683
0.0176865
0.0176901
0.0176936
0.0176971
0.0177006
0.0177041
0.0177076
0.017711
0.0177145
0.0177179
0.0177214
0.0177248
0.0177282
0.0177316
0.017735
0.0177384
0.0177418
0.0177452
0.0177485
0.0177519
0.0177552
0.0177585
0.0177619
0.0177652
0.0177685
0.0177718
0.0177751
0.0177783
0.0177816
0.0177849
0.0177881
0.0177913
0.0177946
0.0177978
0.017801
0.0178042
0.0178074
0.0178106
0.0178138
0.0178169
0.0178201
0.0178233
0.0178264
0.0178295
0.0178327
0.0178358
0.0178389
0.017842
0.0178451
0.0178482
0.0178512
0.0178543
0.0178574
0.0178604
0.0178634
0.0178665
0.0178695
0.0178725
0.0178755
0.0178785
0.0178815
0.0178845
0.0178875
0.0178905
0.0178934
0.0178964
0.0178993
0.0179022
0.0179052
0.0179081
0.017911
0.0179139
0.0179168
0.0179197
0.0179226
0.0179255
0.0179283
0.0179312
0.017934
0.0179369
0.0179397
0.0179426
0.0179454
0.0179482
0.017951
0.0179538
0.0179566
0.0179594
0.0179622
0.0179649
0.0179677
0.0179705
0.0179732
0.017976
0.0179787
0.0179814
0.0179841
0.0179869
0.0179896
0.0179923
0.017995
0.0179976
0.0180003
0.018003
0.0180057
0.0180083
0.018011
0.0180136
0.0180163
0.0180189
0.0180215
0.0180241
0.0180268
0.0180294
0.018032
0.0180346
0.0180371
0.0180397
0.0180423
0.0180449
0.0180474
0.01805
0.0180525
0.0180551
0.0180576
0.0180601
0.0180627
0.0180652
0.0180677
0.0180702
0.0180727
0.0180752
0.0180777
0.0180802
0.0180826
0.0180851
0.0180876
0.01809
0.0180925
0.0180949
0.0180973
0.0180998
0.0181022
0.0181046
0.018107
0.0181094
0.0181118
0.0181142
0.0181166
0.018119
0.0181214
0.0181238
0.0181261
0.0181285
0.0181309
0.0181332
0.0181355
0.0181379
0.0181402
0.0181425
0.0181449
0.0181472
0.0181495
0.0181518
0.0181541
0.0181564
0.0181587
0.018161
0.0181633
0.0181655
0.0181678
0.0181701
0.0181723
0.0181746
0.0181768
0.0181791
0.0181813
0.0181835
0.0181857
0.018188
0.0181902
0.0181924
0.0181946
0.0181968
0.018199
0.0182012
0.0182034
0.0182055
0.0182077
0.0182099
0.0182121
0.0182142
0.0182164
0.0182185
0.0182207
0.0182228
0.0182249
0.0182271
0.0182292
0.0182313
0.0182334
0.0182355
0.0182376
0.0182397
0.0182418
0.0182439
0.018246
0.0182481
0.0182502
0.0182522
0.0182543
0.0182564
0.0182584
0.0182605
0.0182625
0.0182646
0.0182666
0.0182687
0.0182707
0.0182727
0.0182747
0.0182768
0.0182788
0.0182808
0.0182828
0.0182848
0.0182868
0.0182888
0.0182908
0.0182927
0.0182947
0.0182967
0.0182987
0.0183006
0.0183026
0.0183045
0.0183065
0.0183084
0.0183104
0.0183123
0.0183142
0.0183162
0.0183181
0.01832
0.0183219
0.0183239
0.0183258
0.0183277
0.0183296
0.0183315
0.0183334
0.0183352
0.0183371
0.018339
0.0183409
0.0183428
0.0183446
0.0183465
0.0183484
0.0183502
0.0183521
0.0183539
0.0183558
0.0183576
0.0183594
0.0183613
0.0183631
0.0183649
0.0183667
0.0183686
0.0183704
0.0183722
0.018374
0.0183758
0.0183776
0.0183794
0.0183812
0.018383
0.0183847
0.0183865
0.0183883
0.0183901
0.0183918
0.0183936
0.0183954
0.0183971
0.0183989
0.0184006
0.0184024
0.0184041
0.0184058
0.0184076
0.0184093
0.018411
0.0184128
0.0184145
0.0184162
0.0184179
0.0184196
0.0184213
0.018423
0.0184247
0.0184264
0.0184281
0.0184298
0.0184315
0.0184332
0.0184349
0.0184365
0.0184382
0.0184399
0.0184415
0.0184432
0.0184449
0.0184465
0.0184482
0.0184498
0.0184515
0.0184531
0.0184547
0.0184564
0.018458
0.0184596
0.0184613
0.0184629
0.0184645
0.0184661
0.0184677
0.0184693
0.0184709
0.0184725
0.0184741
0.0184757
0.0184773
0.0184789
0.0184805
0.0184821
0.0184837
0.0184853
0.0184868
0.0184884
0.01849
0.0184915
0.0184931
0.0184947
0.0184962
0.0184978
0.0184993
0.0185009
0.0185024
0.0185039
0.0185055
0.018507
0.0185086
0.0185101
0.0185116
0.0185131
0.0185147
0.0185162
0.0185177
0.0185192
0.0185207
0.0185222
0.0185237
0.0185252
0.0185267
0.0185282
0.0185297
0.0185312
0.0185327
0.0185341
0.0185356
0.0185371
0.0185386
0.01854
0.0185415
0.018543
0.0185444
0.0185459
0.0185474
0.0185488
0.0185503
0.0185517
0.0185532
0.0185546
0.018556
0.0185575
0.0185589
0.0185604
0.0185618
0.0185632
0.0185646
0.0185661
0.0185675
0.0185689
0.0185703
0.0185717
0.0185731
0.0185745
0.0185759
0.0185773
0.0185787
0.0185801
0.0185815
0.0185829
0.0185843
0.0185857
0.0185871
0.0185884
0.0185898
0.0185912
0.0185926
0.0185939
0.0185953
0.0185967
0.018598
0.0185994
0.0186008
0.0186021
0.0186035
0.0186048
0.0186062
0.0186075
0.0186088
0.0186102
0.0186115
0.0186129
0.0186142
0.0186155
0.0186169
0.0186182
0.0186195
0.0186208
0.0186221
0.0186235
0.0186248
0.0186261
0.0186274
0.0186287
0.01863
0.0186313
0.0186326
0.0186339
0.0186352
0.0186365
0.0186378
0.0186391
0.0186404
0.0186416
0.0186429
0.0186442
0.0186455
0.0186468
0.018648
0.0186493
0.0186506
0.0186518
0.0186531
0.0186544
0.0186556
0.0186569
0.0186581
0.0186594
0.0186606
0.0186619
0.0186631
0.0186644
0.0186656
0.0186668
0.0186681
0.0186693
0.0186705
0.0186718
0.018673
0.0186742
0.0186755
0.0186767
0.0186779
0.0186791
0.0186803
0.0186815
0.0186828
0.018684
0.0186852
0.0186864
0.0186876
0.0186888
0.01869
0.0186912
0.0186924
0.0186936
0.0186948
0.0186959
0.0186971
0.0186983
0.0186995
0.0187007
0.0187019
0.018703
0.0187042
0.0187054
0.0187066
0.0187077
0.0187089
0.0187101
0.0187112
0.0187124
0.0187135
0.0187147
0.0187158
0.018717
0.0187182
0.0187193
0.0187204
0.0187216
0.0187227
0.0187239
0.018725
0.0187262
0.0187273
0.0187284
0.0187296
0.0187307
0.0187318
0.0187329
0.0187341
0.0187352
0.0187363
0.0187374
0.0187385
0.0187397
0.0187408
0.0187419
0.018743
0.0187441
0.0187452
0.0187463
0.0187474
0.0187485
0.0187496
0.0187507
0.0187518
0.0187529
0.018754
0.0187551
0.0187562
0.0187573
0.0187583
0.0187594
0.0187605
0.0187616
0.0187627
0.0187637
0.0187648
0.0187659
0.018767
0.018768
0.0187691
0.0187702
0.0187712
0.0187723
0.0187733
0.0187744
0.0187755
0.0187765
0.0187776
0.0187786
0.0187797
0.0187807
0.0187818
0.0187828
0.0187839
0.0187849
0.0187859
0.018787
0.018788
0.018789
0.0187901
0.0187911
0.0187921
0.0187932
0.0187942
0.0187952
0.0187963
0.0187973
0.0187983
0.0187993
0.0188003
0.0188013
0.0188024
0.0188034
0.0188044
0.0188054
0.0188064
0.0188074
0.0188084
0.0188094
0.0188104
0.0188114
0.0188124
0.0188134
0.0188144
0.0188154
0.0188164
0.0188174
0.0188184
0.0188194
0.0188203
0.0188213
0.0188223
0.0188233
0.0188243
0.0188253
0.0188262
0.0188272
0.0188282
0.0188292
0.0188301
0.0188311
0.0188321
0.018833
0.018834
0.018835
0.0188359
0.0188369
0.0188378
0.0188388
0.0188398
0.0188407
0.0188417
0.0188426
0.0188436
0.0188445
0.0188455
0.0188464
0.0188474
0.0188483
0.0188492
0.0188502
0.0188511
0.0188521
0.018853
0.0188539
0.0188549
0.0188558
0.0188567
0.0188576
0.0188586
0.0188595
0.0188604
0.0188614
0.0188623
0.0188632
0.0188641
0.018865
0.018866
0.0188669
0.0188678
0.0188687
0.0188696
0.0188705
0.0188714
0.0188723
0.0188732
0.0188741
0.018875
0.0188759
0.0188768
0.0188777
0.0188786
0.0188795
0.0188804
0.0188813
0.0188822
0.0188831
0.018884
0.0188849
0.0188858
0.0188867
0.0188876
0.0188884
0.0188893
0.0188902
0.0188911
0.018892
0.0188928
0.0188937
0.0188946
0.0188955
0.0188963
0.0188972
0.0188981
0.0188989
0.0188998
0.0189007
0.0189015
0.0189024
0.0189033
0.0189041
0.018905
0.0189058
0.0189067
0.0189076
0.0189084
0.0189093
0.0189101
0.018911
0.0189118
0.0189127
0.0189135
0.0189144
0.0189152
0.0189161
0.0189169
0.0189177
0.0189186
0.0189194
0.0189203
0.0189211
0.0189219
0.0189228
0.0189236
0.0189244
0.0189253
0.0189261
0.0189269
0.0189277
0.0189286
0.0189294
0.0189302
0.018931
0.0189319
0.0189327
0.0189335
0.0189343
0.0189351
0.018936
0.0189368
0.0189376
0.0189384
0.0189392
0.01894
0.0189408
0.0189416
0.0189424
0.0189432
0.018944
0.0189449
0.0189457
0.0189465
0.0189473
0.0189481
0.0189489
0.0189496
0.0189504
0.0189512
0.018952
0.0189528
0.0189536
0.0189544
0.0189552
0.018956
0.0189568
0.0189576
0.0189583
0.0189591
0.0189599
0.0189607
0.0189615
0.0189623
0.018963
0.0189638
0.0189646
0.0189654
0.0189661
0.0189669
0.0189677
0.0189684
0.0189692
0.01897
0.0189708
0.0189715
0.0189723
0.0189731
0.0189738
0.0189746
0.0189753
0.0189761
0.0189769
0.0189776
0.0189784
0.0189791
0.0189799
0.0189806
0.0189814
0.0189822
0.0189829
0.0189837
0.0189844
0.0189852
0.0189859
0.0189866
0.0189874
0.0189881
0.0189889
0.0189896
0.0189904
0.0189911
0.0189918
0.0189926
0.0189933
0.0189941
0.0189948
0.0189955
0.0189963
0.018997
0.0189977
0.0189985
0.0189992
0.0189999
0.0190007
0.0190014
0.0190021
0.0190028
0.0190036
0.0190043
0.019005
0.0190057
0.0190064
0.0190072
0.0190079
0.0190086
0.0190093
0.01901
0.0190107
0.0190115
0.0190122
0.0190129
0.0190136
0.0190143
0.019015
0.0190157
0.0190164
0.0190171
0.0190178
0.0190186
0.0190193
0.01902
0.0190207
0.0190214
0.0190221
0.0190228
0.0190235
0.0190242
0.0190249
0.0190256
0.0190262
0.0190269
0.0190276
0.0190283
0.019029
0.0190297
0.0190304
0.0190311
0.0190318
0.0190325
0.0190332
0.0190338
0.0190345
0.0190352
0.0190359
0.0190366
0.0190373
0.0190379
0.0190386
0.0190393
0.01904
0.0190406
0.0190413
0.019042
0.0190427
0.0190433
0.019044
0.0190447
0.0190454
0.019046
0.0190467
0.0190474
0.019048
0.0190487
0.0190494
0.01905
0.0190507
0.0190514
0.019052
0.0190527
0.0190533
0.019054
0.0190547
0.0190553
0.019056
0.0190566
0.0190573
0.0190579
0.0190586
0.0190593
0.0190599
0.0190606
0.0190612
0.0190619
0.0190625
0.0190632
0.0190638
0.0190645
0.0190651
0.0190657
0.0190664
0.019067
0.0190677
0.0190683
0.019069
0.0190696
0.0190702
0.0190709
0.0190715
0.0190722
0.0190728
0.0190734
0.0190741
0.0190747
0.0190753
0.019076
0.0190766
0.0190772
0.0190779
0.0190785
0.0190791
0.0190798
0.0190804
0.019081
0.0190816
0.0190823
0.0190829
0.0190835
0.0190841
0.0190848
0.0190854
0.019086
0.0190866
0.0190872
0.0190879
0.0190885
0.0190891
0.0190897
0.0190903
0.0190909
0.0190916
0.0190922
0.0190928
0.0190934
0.019094
0.0190946
0.0190952
0.0190958
0.0190964
0.0190971
0.0190977
0.0190983
0.0190989
0.0190995
0.0191001
0.0191007
0.0191013
0.0191019
0.0191025
0.0191031
0.0191037
0.0191043
0.0191049
0.0191055
0.0191061
0.0191067
0.0191073
0.0191079
0.0191085
0.0191091
0.0191097
0.0191103
0.0191108
0.0191114
0.019112
0.0191126
0.0191132
0.0191138
0.0191144
0.019115
0.0191156
0.0191161
0.0191167
0.0191173
0.0191179
0.0191185
0.0191191
0.0191196
0.0191202
0.0191208
0.0191214
0.019122
0.0191225
0.0191231
0.0191237
0.0191243
0.0191248
0.0191254
0.019126
0.0191266
0.0191271
0.0191277
0.0191283
0.0191289
0.0191294
0.01913
0.0191306
0.0191311
0.0191317
0.0191323
0.0191328
0.0191334
0.019134
0.0191345
0.0191351
0.0191357
0.0191362
0.0191368
0.0191373
0.0191379
0.0191385
0.019139
0.0191396
0.0191401
0.0191407
0.0191413
0.0191418
0.0191424
0.0191429
0.0191435
0.019144
0.0191446
0.0191451
0.0191457
0.0191462
0.0191468
0.0191473
0.0191479
0.0191484
0.019149
0.0191495
0.0191501
0.0191506
0.0191512
0.0191517
0.0191523
0.0191528
0.0191533
0.0191539
0.0191544
0.019155
0.0191555
0.0191561
0.0191566
0.0191571
0.0191577
0.0191582
0.0191588
0.0191593
0.0191598
0.0191604
0.0191609
0.0191614
0.019162
0.0191625
0.019163
0.0191636
0.0191641
0.0191646
0.0191652
0.0191657
0.0191662
0.0191667
0.0191673
0.0191678
0.0191683
0.0191689
0.0191694
0.0191699
0.0191704
0.019171
0.0191715
0.019172
0.0191725
0.019173
0.0191736
0.0191741
0.0191746
0.0191751
0.0191756
0.0191762
0.0191767
0.0191772
0.0191777
0.0191782
0.0191787
0.0191793
0.0191798
0.0191803
0.0191808
0.0191813
0.0191818
0.0191823
0.0191829
0.0191834
0.0191839
0.0191844
0.0191849
0.0191854
0.0191859
0.0191864
0.0191869
0.0191874
0.0191879
0.0191884
0.0191889
0.0191894
0.01919
0.0191905
0.019191
0.0191915
0.019192
0.0191925
0.019193
0.0191935
0.019194
0.0191945
0.019195
0.0191955
0.019196
0.0191965
0.0191969
0.0191974
0.0191979
0.0191984
0.0191989
0.0191994
0.0191999
0.0192004
0.0192009
0.0192014
0.0192019
0.0192024
0.0192029
0.0192034
0.0192038
0.0192043
0.0192048
0.0192053
0.0192058
0.0192063
0.0192068
0.0192073
0.0192077
0.0192082
0.0192087
0.0192092
0.0192097
0.0192102
0.0192106
0.0192111
0.0192116
0.0192121
0.0192126
0.019213
0.0192135
0.019214
0.0192145
0.019215
0.0192154
0.0192159
0.0192164
0.0192169
0.0192173
0.0192178
0.0192183
0.0192188
0.0192192
0.0192197
0.0192202
0.0192206
0.0192211
0.0192216
0.0192221
0.0192225
0.019223
0.0192235
0.0192239
0.0192244
0.0192249
0.0192253
0.0192258
0.0192263
0.0192267
0.0192272
0.0192277
0.0192281
0.0192286
0.0192291
0.0192295
0.01923
0.0192304
0.0192309
0.0192314
0.0192318
0.0192323
0.0192327
0.0192332
0.0192337
0.0192341
0.0192346
0.019235
0.0192355
0.0192359
0.0192364
0.0192369
0.0192373
0.0192378
0.0192382
0.0192387
0.0192391
0.0192396
0.01924
0.0192405
0.0192409
0.0192414
0.0192418
0.0192423
0.0192427
0.0192432
0.0192436
0.0192441
0.0192445
0.019245
0.0192454
0.0192459
0.0192463
0.0192468
0.0192472
0.0192477
0.0192481
0.0192485
0.019249
0.0192494
0.0192499
0.0192503
0.0192508
0.0192512
0.0192516
0.0192521
0.0192525
0.019253
0.0192534
0.0192538
0.0192543
0.0192547
0.0192551
0.0192556
0.019256
0.0192565
0.0192569
0.0192573
0.0192578
0.0192582
0.0192586
0.0192591
0.0192595
0.0192599
0.0192604
0.0192608
0.0192612
0.0192617
0.0192621
0.0192625
0.0192629
0.0192634
0.0192638
0.0192642
0.0192647
0.0192651
0.0192655
0.0192659
0.0192664
0.0192668
0.0192672
0.0192676
0.0192681
0.0192685
0.0192689
0.0192693
0.0192698
0.0192702
0.0192706
0.019271
0.0192715
0.0192719
0.0192723
0.0192727
0.0192731
0.0192736
0.019274
0.0192744
0.0192748
0.0192752
0.0192756
0.0192761
0.0192765
0.0192769
0.0192773
0.0192777
0.0192781
0.0192786
0.019279
0.0192794
0.0192798
0.0192802
0.0192806
0.019281
0.0192815
0.0192819
0.0192823
0.0192827
0.0192831
0.0192835
0.0192839
0.0192843
0.0192847
0.0192851
0.0192856
0.019286
0.0192864
0.0192868
0.0192872
0.0192876
0.019288
0.0192884
0.0192888
0.0192892
0.0192896
0.01929
0.0192904
0.0192908
0.0192912
0.0192916
0.019292
0.0192924
0.0192928
0.0192932
0.0192936
0.019294
0.0192944
0.0192948
0.0192952
0.0192956
0.019296
0.0192964
0.0192968
0.0192972
0.0192976
0.019298
0.0192984
0.0192988
0.0192992
0.0192996
0.0193
0.0193004
0.0193008
0.0193012
0.0193016
0.019302
0.0193024
0.0193028
0.0193031
0.0193035
0.0193039
0.0193043
0.0193047
0.0193051
0.0193055
0.0193059
0.0193063
0.0193067
0.0193071
0.0193074
0.0193078
0.0193082
0.0193086
0.019309
0.0193094
0.0193098
0.0193101
0.0193105
0.0193109
0.0193113
0.0193117
0.0193121
0.0193125
0.0193128
0.0193132
0.0193136
0.019314
0.0193144
0.0193147
0.0193151
0.0193155
0.0193159
0.0193163
0.0193166
0.019317
0.0193174
0.0193178
0.0193182
0.0193185
0.0193189
0.0193193
0.0193197
0.0193201
0.0193204
0.0193208
0.0193212
0.0193216
0.0193219
0.0193223
0.0193227
0.0193231
0.0193234
0.0193238
0.0193242
0.0193245
0.0193249
0.0193253
0.0193257
0.019326
0.0193264
0.0193268
0.0193271
0.0193275
0.0193279
0.0193283
0.0193286
0.019329
0.0193294
0.0193297
0.0193301
0.0193305
0.0193308
0.0193312
0.0193316
0.0193319
0.0193323
0.0193327
0.019333
0.0193334
0.0193338
0.0193341
0.0193345
0.0193349
0.0193352
0.0193356
0.0193359
0.0193363
0.0193367
0.019337
0.0193374
0.0193378
0.0193381
0.0193385
0.0193388
0.0193392
0.0193396
0.0193399
0.0193403
0.0193406
0.019341
0.0193413
0.0193417
0.0193421
0.0193424
0.0193428
0.0193431
0.0193435
0.0193438
0.0193442
0.0193446
0.0193449
0.0193453
0.0193456
0.019346
0.0193463
0.0193467
0.019347
0.0193474
0.0193477
0.0193481
0.0193484
0.0193488
0.0193491
0.0193495
0.0193499
0.0193502
0.0193506
0.0193509
0.0193513
0.0193516
0.019352
0.0193523
0.0193526
0.019353
0.0193533
0.0193537
0.019354
0.0193544
0.0193547
0.0193551
0.0193554
0.0193558
0.0193561
0.0193565
0.0193568
0.0193572
0.0193575
0.0193578
0.0193582
0.0193585
0.0193589
0.0193592
0.0193596
0.0193599
0.0193602
0.0193606
0.0193609
0.0193613
0.0193616
0.0193619
0.0193623
0.0193626
0.019363
0.0193633
0.0193636
0.019364
0.0193643
0.0193647
0.019365
0.0193653
0.0193657
0.019366
0.0193663
0.0193667
0.019367
0.0193674
0.0193677
0.019368
0.0193684
0.0193687
0.019369
0.0193694
0.0193697
0.01937
0.0193704
0.0193707
0.019371
0.0193714
0.0193717
0.019372
0.0193724
0.0193727
0.019373
0.0193734
0.0193737
0.019374
0.0193744
0.0193747
0.019375
0.0193753
0.0193757
0.019376
0.0193763
0.0193767
0.019377
0.0193773
0.0193776
0.019378
0.0193783
0.0193786
0.0193789
0.0193793
0.0193796
0.0193799
0.0193803
0.0193806
0.0193809
0.0193812
0.0193816
0.0193819
0.0193822
0.0193825
0.0193828
0.0193832
0.0193835
0.0193838
0.0193841
0.0193845
0.0193848
0.0193851
0.0193854
0.0193857
0.0193861
0.0193864
0.0193867
0.019387
0.0193873
0.0193877
0.019388
0.0193883
0.0193886
0.0193889
0.0193893
0.0193896
0.0193899
0.0193902
0.0193905
0.0193909
0.0193912
0.0193915
0.0193918
0.0193921
0.0193924
0.0193927
0.0193931
0.0193934
0.0193937
0.019394
0.0193943
0.0193946
0.0193949
0.0193953
0.0193956
0.0193959
0.0193962
0.0193965
0.0193968
0.0193971
0.0193975
0.0193978
0.0193981
0.0193984
0.0193987
0.019399
0.0193993
0.0193996
0.0193999
0.0194002
0.0194006
0.0194009
0.0194012
0.0194015
0.0194018
0.0194021
0.0194024
0.0194027
0.019403
0.0194033
0.0194036
0.0194039
0.0194042
0.0194046
0.0194049
0.0194052
0.0194055
0.0194058
0.0194061
0.0194064
0.0194067
0.019407
0.0194073
0.0194076
0.0194079
0.0194082
0.0194085
0.0194088
0.0194091
0.0194094
0.0194097
0.01941
0.0194103
0.0194106
0.0194109
0.0194112
0.0194115
0.0194118
0.0194121
0.0194124
0.0194127
0.019413
0.0194133
0.0194136
0.0194139
0.0194142
0.0194145
0.0194148
0.0194151
0.0194154
0.0194157
0.019416
0.0194163
0.0194166
0.0194169
0.0194172
0.0194175
0.0194178
0.0194181
0.0194184
0.0194187
0.019419
0.0194193
0.0194196
0.0194199
0.0194202
0.0194204
0.0194207
0.019421
0.0194213
0.0194216
0.0194219
0.0194222
0.0194225
0.0194228
0.0194231
0.0194234
0.0194237
0.019424
0.0194242
0.0194245
0.0194248
0.0194251
0.0194254
0.0194257
0.019426
0.0194263
0.0194266
0.0194269
0.0194271
0.0194274
0.0194277
0.019428
0.0194283
0.0194286
0.0194289
0.0194292
0.0194295
0.0194297
0.01943
0.0194303
0.0194306
0.0194309
0.0194312
0.0194315
0.0194317
0.019432
0.0194323
0.0194326
0.0194329
0.0194332
0.0194334
0.0194337
0.019434
0.0194343
0.0194346
0.0194349
0.0194351
0.0194354
0.0194357
0.019436
0.0194363
0.0194366
0.0194368
0.0194371
0.0194374
0.0194377
0.019438
0.0194382
0.0194385
0.0194388
0.0194391
0.0194394
0.0194396
0.0194399
0.0194402
0.0194405
0.0194408
0.019441
0.0194413
0.0194416
0.0194419
0.0194422
0.0194424
0.0194427
0.019443
0.0194433
0.0194435
0.0194438
0.0194441
0.0194444
0.0194446
0.0194449
0.0194452
0.0194455
0.0194457
0.019446
0.0194463
0.0194466
0.0194468
0.0194471
0.0194474
0.0194477
0.0194479
0.0194482
0.0194485
0.0194488
0.019449
0.0194493
0.0194496
0.0194498
0.0194501
0.0194504
0.0194507
0.0194509
0.0194512
0.0194515
0.0194517
0.019452
0.0194523
0.0194526
0.0194528
0.0194531
0.0194534
0.0194536
0.0194539
0.0194542
0.0194544
0.0194547
0.019455
0.0194553
0.0194555
0.0194558
0.0194561
0.0194563
0.0194566
0.0194569
0.0194571
0.0194574
0.0194577
0.0194579
0.0194582
0.0194585
0.0194587
0.019459
0.0194593
0.0194595
0.0194598
0.01946
0.0194603
0.0194606
0.0194608
0.0194611
0.0194614
0.0194616
0.0194619
0.0194622
0.0194624
0.0194627
0.0194629
0.0194632
0.0194635
0.0194637
0.019464
0.0194643
0.0194645
0.0194648
0.019465
0.0194653
0.0194656
0.0194658
0.0194661
0.0194663
0.0194666
0.0194669
0.0194671
0.0194674
0.0194676
0.0194679
0.0194682
0.0194684
0.0194687
0.0194689
0.0194692
0.0194695
0.0194697
0.01947
0.0194702
0.0194705
0.0194707
0.019471
0.0194713
0.0194715
0.0194718
0.019472
0.0194723
0.0194725
0.0194728
0.0194731
0.0194733
0.0194736
0.0194738
0.0194741
0.0194743
0.0194746
0.0194748
0.0194751
0.0194753
0.0194756
0.0194759
0.0194761
0.0194764
0.0194766
0.0194769
0.0194771
0.0194774
0.0194776
0.0194779
0.0194781
0.0194784
0.0194786
0.0194789
0.0194791
0.0194794
0.0194796
0.0194799
0.0194801
0.0194804
0.0194806
0.0194809
0.0194811
0.0194814
0.0194816
0.0194819
0.0194821
0.0194824
0.0194826
0.0194829
0.0194831
0.0194834
0.0194836
0.0194839
0.0194841
0.0194844
0.0194846
0.0194849
0.0194851
0.0194854
0.0194856
0.0194859
0.0194861
0.0194864
0.0194866
0.0194868
0.0194871
0.0194873
0.0194876
0.0194878
0.0194881
0.0194883
0.0194886
0.0194888
0.0194891
0.0194893
0.0194895
0.0194898
0.01949
0.0194903
0.0194905
0.0194908
0.019491
0.0194913
0.0194915
0.0194917
0.019492
0.0194922
0.0194925
0.0194927
0.019493
0.0194932
0.0194934
0.0194937
0.0194939
0.0194942
0.0194944
0.0194946
0.0194949
0.0194951
0.0194954
0.0194956
0.0194958
0.0194961
0.0194963
0.0194966
0.0194968
0.019497
0.0194973
0.0194975
0.0194978
0.019498
0.0194982
0.0194985
0.0194987
0.019499
0.0194992
0.0194994
0.0194997
0.0194999
0.0195001
0.0195004
0.0195006
0.0195009
0.0195011
0.0195013
0.0195016
0.0195018
0.019502
0.0195023
0.0195025
0.0195027
0.019503
0.0195032
0.0195034
0.0195037
0.0195039
0.0195042
0.0195044
0.0195046
0.0195049
0.0195051
0.0195053
0.0195056
0.0195058
0.019506
0.0195063
0.0195065
0.0195067
0.019507
0.0195072
0.0195074
0.0195077
0.0195079
0.0195081
0.0195084
0.0195086
0.0195088
0.019509
0.0195093
0.0195095
0.0195097
0.01951
0.0195102
0.0195104
0.0195107
0.0195109
0.0195111
0.0195114
0.0195116
0.0195118
0.019512
0.0195123
0.0195125
0.0195127
0.019513
0.0195132
0.0195134
0.0195136
0.0195139
0.0195141
0.0195143
0.0195146
0.0195148
0.019515
0.0195152
0.0195155
0.0195157
0.0195159
0.0195161
0.0195164
0.0195166
0.0195168
0.0195171
0.0195173
0.0195175
0.0195177
0.019518
0.0195182
0.0195184
0.0195186
0.0195189
0.0195191
0.0195193
0.0195195
0.0195198
0.01952
0.0195202
0.0195204
0.0195207
0.0195209
0.0195211
0.0195213
0.0195216
0.0195218
0.019522
0.0195222
0.0195224
0.0195227
0.0195229
0.0195231
0.0195233
0.0195236
0.0195238
0.019524
0.0195242
0.0195244
0.0195247
0.0195249
0.0195251
0.0195253
0.0195256
0.0195258
0.019526
0.0195262
0.0195264
0.0195267
0.0195269
0.0195271
0.0195273
0.0195275
0.0195278
0.019528
0.0195282
0.0195284
0.0195286
0.0195288
0.0195291
0.0195293
0.0195295
0.0195297
0.0195299
0.0195302
0.0195304
0.0195306
0.0195308
0.019531
0.0195312
0.0195315
0.0195317
0.0195319
0.0195321
0.0195323
0.0195326
0.0195328
0.019533
0.0195332
0.0195334
0.0195336
0.0195338
0.0195341
0.0195343
0.0195345
0.0195347
0.0195349
0.0195351
0.0195354
0.0195356
0.0195358
0.019536
0.0195362
0.0195364
0.0195366
0.0195369
0.0195371
0.0195373
0.0195375
0.0195377
0.0195379
0.0195381
0.0195383
0.0195386
0.0195388
0.019539
0.0195392
0.0195394
0.0195396
0.0195398
0.01954
0.0195403
0.0195405
0.0195407
0.0195409
0.0195411
0.0195413
0.0195415
0.0195417
0.019542
0.0195422
0.0195424
0.0195426
0.0195428
0.019543
0.0195432
0.0195434
0.0195436
0.0195438
0.0195441
0.0195443
0.0195445
0.0195447
0.0195449
0.0195451
0.0195453
0.0195455
0.0195457
0.0195459
0.0195461
0.0195463
0.0195466
0.0195468
0.019547
0.0195472
0.0195474
0.0195476
0.0195478
0.019548
0.0195482
0.0195484
0.0195486
0.0195488
0.019549
0.0195493
0.0195495
0.0195497
0.0195499
0.0195501
0.0195503
0.0195505
0.0195507
0.0195509
