2.87327e-07
3.24279e-07
3.62455e-07
4.01838e-07
4.42415e-07
4.84179e-07
5.27123e-07
5.71241e-07
6.16533e-07
6.62996e-07
7.10631e-07
7.59439e-07
8.09421e-07
8.6058e-07
9.12919e-07
9.66443e-07
1.02116e-06
1.07706e-06
1.13416e-06
1.19247e-06
1.25199e-06
1.31272e-06
1.37467e-06
1.43785e-06
1.50227e-06
1.56792e-06
1.63482e-06
1.70298e-06
1.77239e-06
1.84307e-06
1.91502e-06
1.98825e-06
2.06276e-06
2.13857e-06
2.21567e-06
2.29408e-06
2.3738e-06
2.45484e-06
2.53719e-06
2.62088e-06
2.70589e-06
2.79225e-06
2.87995e-06
2.96899e-06
3.05939e-06
3.15115e-06
3.24427e-06
3.33875e-06
3.4346e-06
3.53183e-06
3.63043e-06
3.73041e-06
3.83177e-06
3.93452e-06
4.03865e-06
4.14417e-06
4.25109e-06
4.35939e-06
4.46909e-06
4.58018e-06
4.69266e-06
4.80654e-06
4.92181e-06
5.03848e-06
5.15654e-06
5.27599e-06
5.39683e-06
5.51906e-06
5.64268e-06
5.76768e-06
5.89407e-06
6.02184e-06
6.15098e-06
6.2815e-06
6.41339e-06
6.54665e-06
6.68127e-06
6.81725e-06
6.95458e-06
7.09326e-06
7.23329e-06
7.37466e-06
7.51736e-06
7.66138e-06
7.80674e-06
7.9534e-06
8.10138e-06
8.25066e-06
8.40123e-06
8.5531e-06
8.70625e-06
8.86067e-06
9.01637e-06
9.17332e-06
9.33153e-06
9.49098e-06
9.65167e-06
9.81359e-06
9.97674e-06
1.01411e-05
1.03067e-05
1.04734e-05
1.06414e-05
1.08105e-05
1.09808e-05
1.11522e-05
1.13248e-05
1.14986e-05
1.16735e-05
1.18495e-05
1.20267e-05
1.22049e-05
1.23842e-05
1.25647e-05
1.27462e-05
1.29288e-05
1.31124e-05
1.32972e-05
1.34829e-05
1.36697e-05
1.38575e-05
1.40464e-05
1.42362e-05
1.44271e-05
1.46189e-05
1.48117e-05
1.50055e-05
1.52003e-05
1.5396e-05
1.55927e-05
1.57903e-05
1.59889e-05
1.61883e-05
1.63887e-05
1.659e-05
1.67922e-05
1.69952e-05
1.71992e-05
1.7404e-05
1.76097e-05
1.78162e-05
1.80236e-05
1.82318e-05
1.84409e-05
1.86508e-05
1.88615e-05
1.9073e-05
1.92853e-05
1.94984e-05
1.97123e-05
1.9927e-05
2.01424e-05
2.03586e-05
2.05756e-05
2.07933e-05
2.10118e-05
2.1231e-05
2.14509e-05
2.16715e-05
2.18929e-05
2.2115e-05
2.23377e-05
2.25612e-05
2.27854e-05
2.30102e-05
2.32358e-05
2.3462e-05
2.36888e-05
2.39163e-05
2.41445e-05
2.43733e-05
2.46028e-05
2.48329e-05
2.50636e-05
2.5295e-05
2.5527e-05
2.57596e-05
2.59928e-05
2.62266e-05
2.6461e-05
2.6696e-05
2.69316e-05
2.71677e-05
2.74045e-05
2.76418e-05
2.78797e-05
2.81181e-05
2.83571e-05
2.85967e-05
2.88368e-05
2.90775e-05
2.93187e-05
2.95604e-05
2.98027e-05
3.00455e-05
3.02888e-05
3.05326e-05
3.0777e-05
3.10219e-05
3.12672e-05
3.15131e-05
3.17595e-05
3.20064e-05
3.22537e-05
3.25016e-05
3.27499e-05
3.29988e-05
3.32481e-05
3.34978e-05
3.37481e-05
3.39988e-05
3.42499e-05
3.45016e-05
3.47537e-05
3.50062e-05
3.52592e-05
3.55126e-05
3.57665e-05
3.60208e-05
3.62756e-05
3.65308e-05
3.67864e-05
3.70425e-05
3.7299e-05
3.75559e-05
3.78132e-05
3.80709e-05
3.83291e-05
3.85877e-05
3.88466e-05
3.9106e-05
3.93658e-05
3.9626e-05
3.98866e-05
4.01476e-05
4.04089e-05
4.06707e-05
4.09329e-05
4.11954e-05
4.14583e-05
4.17217e-05
4.19854e-05
4.22494e-05
4.25139e-05
4.27787e-05
4.30439e-05
4.33094e-05
4.35753e-05
4.38416e-05
4.41083e-05
4.43753e-05
4.46427e-05
4.49104e-05
4.51785e-05
4.54469e-05
4.57157e-05
4.59848e-05
4.62543e-05
4.65241e-05
4.67943e-05
4.70648e-05
4.73356e-05
4.76068e-05
4.78783e-05
4.81502e-05
4.84224e-05
4.86949e-05
4.89677e-05
4.92409e-05
4.95144e-05
4.97882e-05
5.00624e-05
5.03368e-05
5.06116e-05
5.08867e-05
5.11621e-05
5.14379e-05
5.17139e-05
5.19903e-05
5.2267e-05
5.25439e-05
5.28212e-05
5.30988e-05
5.33767e-05
5.36549e-05
5.39334e-05
5.42123e-05
5.44914e-05
5.47708e-05
5.50505e-05
5.53305e-05
5.56108e-05
5.58914e-05
5.61722e-05
5.64534e-05
5.67349e-05
5.70166e-05
5.72987e-05
5.7581e-05
5.78636e-05
5.81465e-05
5.84297e-05
5.87131e-05
5.89969e-05
5.92809e-05
5.95652e-05
5.98498e-05
6.01346e-05
6.04198e-05
6.07052e-05
6.09909e-05
6.12768e-05
6.1563e-05
6.18495e-05
6.21363e-05
6.24233e-05
6.27106e-05
6.29982e-05
6.3286e-05
6.35741e-05
6.38625e-05
6.41511e-05
6.444e-05
6.47291e-05
6.50185e-05
6.53082e-05
6.55981e-05
6.58883e-05
6.61788e-05
6.64695e-05
6.67604e-05
6.70516e-05
6.73431e-05
6.76348e-05
6.79268e-05
6.8219e-05
6.85115e-05
6.88042e-05
6.90972e-05
6.93904e-05
6.96839e-05
6.99776e-05
7.02715e-05
7.05657e-05
7.08602e-05
7.11549e-05
7.14498e-05
7.1745e-05
7.20404e-05
7.23361e-05
7.2632e-05
7.29281e-05
7.32245e-05
7.35211e-05
7.3818e-05
7.41151e-05
7.44124e-05
7.471e-05
7.50078e-05
7.53059e-05
7.56042e-05
7.59027e-05
7.62014e-05
7.65004e-05
7.67996e-05
7.7099e-05
7.73987e-05
7.76986e-05
7.79988e-05
7.82991e-05
7.85997e-05
7.89005e-05
7.92016e-05
7.95028e-05
7.98043e-05
8.01061e-05
8.0408e-05
8.07102e-05
8.10126e-05
8.13152e-05
8.16181e-05
8.19212e-05
8.22244e-05
8.2528e-05
8.28317e-05
8.31357e-05
8.34398e-05
8.37442e-05
8.40489e-05
8.43537e-05
8.46588e-05
8.4964e-05
8.52695e-05
8.55752e-05
8.58812e-05
8.61873e-05
8.64937e-05
8.68002e-05
8.7107e-05
8.7414e-05
8.77213e-05
8.80287e-05
8.83363e-05
8.86442e-05
8.89523e-05
8.92606e-05
8.95691e-05
8.98778e-05
9.01867e-05
9.04958e-05
9.08052e-05
9.11147e-05
9.14245e-05
9.17344e-05
9.20446e-05
9.2355e-05
9.26656e-05
9.29764e-05
9.32874e-05
9.35986e-05
9.391e-05
9.42217e-05
9.45335e-05
9.48455e-05
9.51578e-05
9.54702e-05
9.57829e-05
9.60958e-05
9.64088e-05
9.67221e-05
9.70356e-05
9.73492e-05
9.76631e-05
9.79772e-05
9.82915e-05
9.86059e-05
9.89206e-05
9.92355e-05
9.95506e-05
9.98659e-05
0.000100181
0.000100497
0.000100813
0.000101129
0.000101445
0.000101762
0.000102078
0.000102395
0.000102712
0.00010303
0.000103347
0.000103665
0.000103983
0.000104301
0.000104619
0.000104937
0.000105256
0.000105575
0.000105894
0.000106213
0.000106533
0.000106852
0.000107172
0.000107492
0.000107812
0.000108133
0.000108453
0.000108774
0.000109095
0.000109416
0.000109737
0.000110059
0.000110381
0.000110703
0.000111025
0.000111347
0.00011167
0.000111992
0.000112315
0.000112638
0.000112961
0.000113285
0.000113609
0.000113932
0.000114256
0.000114581
0.000114905
0.00011523
0.000115554
0.000115879
0.000116204
0.00011653
0.000116855
0.000117181
0.000117507
0.000117833
0.000118159
0.000118486
0.000118812
0.000119139
0.000119466
0.000119793
0.000120121
0.000120448
0.000120776
0.000121104
0.000121432
0.00012176
0.000122089
0.000122417
0.000122746
0.000123075
0.000123404
0.000123734
0.000124063
0.000124393
0.000124723
0.000125053
0.000125384
0.000125714
0.000126045
0.000126376
0.000126707
0.000127038
0.000127369
0.000127701
0.000128033
0.000128365
0.000128697
0.000129029
0.000129361
0.000129694
0.000130027
0.00013036
0.000130693
0.000131026
0.00013136
0.000131694
0.000132028
0.000132362
0.000132696
0.000133031
0.000133365
0.0001337
0.000134035
0.00013437
0.000134705
0.000135041
0.000135377
0.000135713
0.000136049
0.000136385
0.000136721
0.000137058
0.000137395
0.000137731
0.000138069
0.000138406
0.000138743
0.000139081
0.000139419
0.000139757
0.000140095
0.000140433
0.000140772
0.00014111
0.000141449
0.000141788
0.000142128
0.000142467
0.000142806
0.000143146
0.000143486
0.000143826
0.000144166
0.000144507
0.000144847
0.000145188
0.000145529
0.00014587
0.000146212
0.000146553
0.000146895
0.000147237
0.000147579
0.000147921
0.000148263
0.000148606
0.000148948
0.000149291
0.000149634
0.000149977
0.000150321
0.000150664
0.000151008
0.000151352
0.000151696
0.00015204
0.000152384
0.000152729
0.000153074
0.000153419
0.000153764
0.000154109
0.000154454
0.0001548
0.000155146
0.000155492
0.000155838
0.000156184
0.00015653
0.000156877
0.000157224
0.000157571
0.000157918
0.000158265
0.000158613
0.00015896
0.000159308
0.000159656
0.000160004
0.000160353
0.000160701
0.00016105
0.000161398
0.000161747
0.000162097
0.000162446
0.000162795
0.000163145
0.000163495
0.000163845
0.000164195
0.000164545
0.000164896
0.000165246
0.000165597
0.000165948
0.000166299
0.000166651
0.000167002
0.000167354
0.000167706
0.000168058
0.00016841
0.000168762
0.000169115
0.000169467
0.00016982
0.000170173
0.000170526
0.00017088
0.000171233
0.000171587
0.000171941
0.000172295
0.000172649
0.000173003
0.000173358
0.000173712
0.000174067
0.000174422
0.000174777
0.000175133
0.000175488
0.000175844
0.0001762
0.000176556
0.000176912
0.000177268
0.000177624
0.000177981
0.000178338
0.000178695
0.000179052
0.000179409
0.000179767
0.000180124
0.000180482
0.00018084
0.000181198
0.000181557
0.000181915
0.000182274
0.000182632
0.000182991
0.00018335
0.00018371
0.000184069
0.000184429
0.000184788
0.000185148
0.000185508
0.000185869
0.000186229
0.00018659
0.00018695
0.000187311
0.000187672
0.000188034
0.000188395
0.000188757
0.000189118
0.00018948
0.000189842
0.000190204
0.000190567
0.000190929
0.000191292
0.000191655
0.000192018
0.000192381
0.000192744
0.000193108
0.000193472
0.000193835
0.000194199
0.000194564
0.000194928
0.000195292
0.000195657
0.000196022
0.000196387
0.000196752
0.000197117
0.000197483
0.000197848
0.000198214
0.00019858
0.000198946
0.000199312
0.000199679
0.000200045
0.000200412
0.000200779
0.000201146
0.000201513
0.00020188
0.000202248
0.000202616
0.000202984
0.000203352
0.00020372
0.000204088
0.000204457
0.000204825
0.000205194
0.000205563
0.000205932
0.000206301
0.000206671
0.000207041
0.00020741
0.00020778
0.00020815
0.000208521
0.000208891
0.000209262
0.000209632
0.000210003
0.000210374
0.000210746
0.000211117
0.000211488
0.00021186
0.000212232
0.000212604
0.000212976
0.000213349
0.000213721
0.000214094
0.000214467
0.00021484
0.000215213
0.000215586
0.000215959
0.000216333
0.000216707
0.000217081
0.000217455
0.000217829
0.000218203
0.000218578
0.000218953
0.000219328
0.000219703
0.000220078
0.000220453
0.000220829
0.000221204
0.00022158
0.000221956
0.000222332
0.000222709
0.000223085
0.000223462
0.000223839
0.000224215
0.000224593
0.00022497
0.000225347
0.000225725
0.000226103
0.00022648
0.000226858
0.000227237
0.000227615
0.000227994
0.000228372
0.000228751
0.00022913
0.000229509
0.000229889
0.000230268
0.000230648
0.000231027
0.000231407
0.000231787
0.000232168
0.000232548
0.000232929
0.000233309
0.00023369
0.000234071
0.000234453
0.000234834
0.000235215
0.000235597
0.000235979
0.000236361
0.000236743
0.000237125
0.000237508
0.00023789
0.000238273
0.000238656
0.000239039
0.000239422
0.000239806
0.000240189
0.000240573
0.000240957
0.000241341
0.000241725
0.000242109
0.000242494
0.000242878
0.000243263
0.000243648
0.000244033
0.000244419
0.000244804
0.00024519
0.000245575
0.000245961
0.000246347
0.000246734
0.00024712
0.000247506
0.000247893
0.00024828
0.000248667
0.000249054
0.000249441
0.000249829
0.000250216
0.000250604
0.000250992
0.00025138
0.000251768
0.000252157
0.000252545
0.000252934
0.000253323
0.000253712
0.000254101
0.00025449
0.00025488
0.00025527
0.000255659
0.000256049
0.000256439
0.00025683
0.00025722
0.000257611
0.000258001
0.000258392
0.000258783
0.000259174
0.000259566
0.000259957
0.000260349
0.000260741
0.000261133
0.000261525
0.000261917
0.00026231
0.000262702
0.000263095
0.000263488
0.000263881
0.000264274
0.000264667
0.000265061
0.000265455
0.000265848
0.000266242
0.000266636
0.000267031
0.000267425
0.00026782
0.000268215
0.000268609
0.000269005
0.0002694
0.000269795
0.000270191
0.000270586
0.000270982
0.000271378
0.000271774
0.000272171
0.000272567
0.000272964
0.00027336
0.000273757
0.000274154
0.000274552
0.000274949
0.000275347
0.000275744
0.000276142
0.00027654
0.000276938
0.000277337
0.000277735
0.000278134
0.000278532
0.000278931
0.00027933
0.00027973
0.000280129
0.000280528
0.000280928
0.000281328
0.000281728
0.000282128
0.000282528
0.000282929
0.00028333
0.00028373
0.000284131
0.000284532
0.000284934
0.000285335
0.000285736
0.000286138
0.00028654
0.000286942
0.000287344
0.000287746
0.000288149
0.000288552
0.000288954
0.000289357
0.00028976
0.000290164
0.000290567
0.00029097
0.000291374
0.000291778
0.000292182
0.000292586
0.00029299
0.000293395
0.000293799
0.000294204
0.000294609
0.000295014
0.000295419
0.000295825
0.00029623
0.000296636
0.000297042
0.000297448
0.000297854
0.00029826
0.000298667
0.000299073
0.00029948
0.000299887
0.000300294
0.000300701
0.000301109
0.000301516
0.000301924
0.000302332
0.00030274
0.000303148
0.000303556
0.000303964
0.000304373
0.000304782
0.000305191
0.0003056
0.000306009
0.000306418
0.000306828
0.000307237
0.000307647
0.000308057
0.000308467
0.000308878
0.000309288
0.000309699
0.000310109
0.00031052
0.000310931
0.000311342
0.000311754
0.000312165
0.000312577
0.000312989
0.000313401
0.000313813
0.000314225
0.000314637
0.00031505
0.000315463
0.000315876
0.000316289
0.000316702
0.000317115
0.000317529
0.000317942
0.000318356
0.00031877
0.000319184
0.000319598
0.000320013
0.000320427
0.000320842
0.000321257
0.000321672
0.000322087
0.000322502
0.000322918
0.000323333
0.000323749
0.000324165
0.000324581
0.000324997
0.000325414
0.00032583
0.000326247
0.000326664
0.000327081
0.000327498
0.000327915
0.000328333
0.00032875
0.000329168
0.000329586
0.000330004
0.000330422
0.00033084
0.000331259
0.000331677
0.000332096
0.000332515
0.000332934
0.000333354
0.000333773
0.000334193
0.000334612
0.000335032
0.000335452
0.000335872
0.000336293
0.000336713
0.000337134
0.000337555
0.000337976
0.000338397
0.000338818
0.000339239
0.000339661
0.000340083
0.000340504
0.000340926
0.000341349
0.000341771
0.000342193
0.000342616
0.000343039
0.000343462
0.000343885
0.000344308
0.000344731
0.000345155
0.000345578
0.000346002
0.000346426
0.00034685
0.000347275
0.000347699
0.000348124
0.000348548
0.000348973
0.000349398
0.000349823
0.000350249
0.000350674
0.0003511
0.000351526
0.000351952
0.000352378
0.000352804
0.00035323
0.000353657
0.000354084
0.00035451
0.000354937
0.000355365
0.000355792
0.000356219
0.000356647
0.000357075
0.000357503
0.000357931
0.000358359
0.000358787
0.000359216
0.000359644
0.000360073
0.000360502
0.000360931
0.000361361
0.00036179
0.00036222
0.000362649
0.000363079
0.000363509
0.000363939
0.00036437
0.0003648
0.000365231
0.000365662
0.000366093
0.000366524
0.000366955
0.000367386
0.000367818
0.00036825
0.000368681
0.000369113
0.000369546
0.000369978
0.00037041
0.000370843
0.000371276
0.000371709
0.000372142
0.000372575
0.000373008
0.000373442
0.000373875
0.000374309
0.000374743
0.000375177
0.000375612
0.000376046
0.000376481
0.000376915
0.00037735
0.000377785
0.00037822
0.000378656
0.000379091
0.000379527
0.000379963
0.000380399
0.000380835
0.000381271
0.000381707
0.000382144
0.00038258
0.000383017
0.000383454
0.000383891
0.000384329
0.000384766
0.000385204
0.000385642
0.000386079
0.000386517
0.000386956
0.000387394
0.000387832
0.000388271
0.00038871
0.000389149
0.000389588
0.000390027
0.000390467
0.000390906
0.000391346
0.000391786
0.000392226
0.000392666
0.000393106
0.000393547
0.000393987
0.000394428
0.000394869
0.00039531
0.000395751
0.000396193
0.000396634
0.000397076
0.000397518
0.00039796
0.000398402
0.000398844
0.000399286
0.000399729
0.000400172
0.000400615
0.000401058
0.000401501
0.000401944
0.000402388
0.000402831
0.000403275
0.000403719
0.000404163
0.000404607
0.000405052
0.000405496
0.000405941
0.000406386
0.000406831
0.000407276
0.000407721
0.000408167
0.000408612
0.000409058
0.000409504
0.00040995
0.000410396
0.000410842
0.000411289
0.000411736
0.000412182
0.000412629
0.000413076
0.000413524
0.000413971
0.000414419
0.000414866
0.000415314
0.000415762
0.00041621
0.000416659
0.000417107
0.000417556
0.000418005
0.000418453
0.000418903
0.000419352
0.000419801
0.000420251
0.0004207
0.00042115
0.0004216
0.00042205
0.0004225
0.000422951
0.000423401
0.000423852
0.000424303
0.000424754
0.000425205
0.000425657
0.000426108
0.00042656
0.000427011
0.000427463
0.000427915
0.000428368
0.00042882
0.000429273
0.000429725
0.000430178
0.000430631
0.000431084
0.000431537
0.000431991
0.000432444
0.000432898
0.000433352
0.000433806
0.00043426
0.000434715
0.000435169
0.000435624
0.000436079
0.000436533
0.000436989
0.000437444
0.000437899
0.000438355
0.00043881
0.000439266
0.000439722
0.000440178
0.000440635
0.000441091
0.000441548
0.000442004
0.000442461
0.000442918
0.000443376
0.000443833
0.00044429
0.000444748
0.000445206
0.000445664
0.000446122
0.00044658
0.000447039
0.000447497
0.000447956
0.000448415
0.000448874
0.000449333
0.000449792
0.000450252
0.000450711
0.000451171
0.000451631
0.000452091
0.000452551
0.000453012
0.000453472
0.000453933
0.000454394
0.000454855
0.000455316
0.000455777
0.000456238
0.0004567
0.000457162
0.000457624
0.000458086
0.000458548
0.00045901
0.000459473
0.000459935
0.000460398
0.000460861
0.000461324
0.000461787
0.000462251
0.000462714
0.000463178
0.000463642
0.000464106
0.00046457
0.000465034
0.000465498
0.000465963
0.000466428
0.000466893
0.000467358
0.000467823
0.000468288
0.000468754
0.000469219
0.000469685
0.000470151
0.000470617
0.000471083
0.00047155
0.000472016
0.000472483
0.00047295
0.000473417
0.000473884
0.000474351
0.000474819
0.000475286
0.000475754
0.000476222
0.00047669
0.000477158
0.000477626
0.000478095
0.000478564
0.000479032
0.000479501
0.00047997
0.00048044
0.000480909
0.000481379
0.000481848
0.000482318
0.000482788
0.000483258
0.000483729
0.000484199
0.00048467
0.000485141
0.000485611
0.000486083
0.000486554
0.000487025
0.000487497
0.000487968
0.00048844
0.000488912
0.000489384
0.000489856
0.000490329
0.000490801
0.000491274
0.000491747
0.00049222
0.000492693
0.000493166
0.00049364
0.000494114
0.000494587
0.000495061
0.000495535
0.00049601
0.000496484
0.000496958
0.000497433
0.000497908
0.000498383
0.000498858
0.000499333
0.000499809
0.000500284
0.00050076
0.000501236
0.000501712
0.000502188
0.000502665
0.000503141
0.000503618
0.000504094
0.000504571
0.000505049
0.000505526
0.000506003
0.000506481
0.000506958
0.000507436
0.000507914
0.000508392
0.000508871
0.000509349
0.000509828
0.000510306
0.000510785
0.000511264
0.000511744
0.000512223
0.000512702
0.000513182
0.000513662
0.000514142
0.000514622
0.000515102
0.000515583
0.000516063
0.000516544
0.000517025
0.000517506
0.000517987
0.000518468
0.00051895
0.000519431
0.000519913
0.000520395
0.000520877
0.000521359
0.000521842
0.000522324
0.000522807
0.00052329
0.000523773
0.000524256
0.000524739
0.000525222
0.000525706
0.00052619
0.000526674
0.000527158
0.000527642
0.000528126
0.000528611
0.000529095
0.00052958
0.000530065
0.00053055
0.000531035
0.000531521
0.000532006
0.000532492
0.000532978
0.000533464
0.00053395
0.000534436
0.000534923
0.000535409
0.000535896
0.000536383
0.00053687
0.000537357
0.000537844
0.000538332
0.00053882
0.000539307
0.000539795
0.000540283
0.000540772
0.00054126
0.000541749
0.000542237
0.000542726
0.000543215
0.000543704
0.000544194
0.000544683
0.000545173
0.000545663
0.000546152
0.000546642
0.000547133
0.000547623
0.000548114
0.000548604
0.000549095
0.000549586
0.000550077
0.000550568
0.00055106
0.000551551
0.000552043
0.000552535
0.000553027
0.000553519
0.000554012
0.000554504
0.000554997
0.00055549
0.000555982
0.000556476
0.000556969
0.000557462
0.000557956
0.000558449
0.000558943
0.000559437
0.000559931
0.000560426
0.00056092
0.000561415
0.000561909
0.000562404
0.000562899
0.000563395
0.00056389
0.000564385
0.000564881
0.000565377
0.000565873
0.000566369
0.000566865
0.000567362
0.000567858
0.000568355
0.000568852
0.000569349
0.000569846
0.000570343
0.000570841
0.000571338
0.000571836
0.000572334
0.000572832
0.00057333
0.000573829
0.000574327
0.000574826
0.000575325
0.000575824
0.000576323
0.000576822
0.000577322
0.000577821
0.000578321
0.000578821
0.000579321
0.000579821
0.000580322
0.000580822
0.000581323
0.000581823
0.000582324
0.000582826
0.000583327
0.000583828
0.00058433
0.000584831
0.000585333
0.000585835
0.000586338
0.00058684
0.000587342
0.000587845
0.000588348
0.000588851
0.000589354
0.000589857
0.00059036
0.000590864
0.000591367
0.000591871
0.000592375
0.000592879
0.000593384
0.000593888
0.000594393
0.000594897
0.000595402
0.000595907
0.000596413
0.000596918
0.000597423
0.000597929
0.000598435
0.000598941
0.000599447
0.000599953
0.00060046
0.000600966
0.000601473
0.00060198
0.000602487
0.000602994
0.000603501
0.000604009
0.000604516
0.000605024
0.000605532
0.00060604
0.000606548
0.000607057
0.000607565
0.000608074
0.000608583
0.000609092
0.000609601
0.00061011
0.00061062
0.000611129
0.000611639
0.000612149
0.000612659
0.000613169
0.000613679
0.00061419
0.000614701
0.000615211
0.000615722
0.000616233
0.000616745
0.000617256
0.000617768
0.000618279
0.000618791
0.000619303
0.000619815
0.000620328
0.00062084
0.000621353
0.000621866
0.000622379
0.000622892
0.000623405
0.000623918
0.000624432
0.000624945
0.000625459
0.000625973
0.000626487
0.000627002
0.000627516
0.000628031
0.000628546
0.00062906
0.000629575
0.000630091
0.000630606
0.000631122
0.000631637
0.000632153
0.000632669
0.000633185
0.000633701
0.000634218
0.000634734
0.000635251
0.000635768
0.000636285
0.000636802
0.00063732
0.000637837
0.000638355
0.000638872
0.00063939
0.000639909
0.000640427
0.000640945
0.000641464
0.000641982
0.000642501
0.00064302
0.000643539
0.000644059
0.000644578
0.000645098
0.000645618
0.000646138
0.000646658
0.000647178
0.000647698
0.000648219
0.000648739
0.00064926
0.000649781
0.000650302
0.000650824
0.000651345
0.000651867
0.000652388
0.00065291
0.000653432
0.000653955
0.000654477
0.000655
0.000655522
0.000656045
0.000656568
0.000657091
0.000657614
0.000658138
0.000658661
0.000659185
0.000659709
0.000660233
0.000660757
0.000661282
0.000661806
0.000662331
0.000662855
0.00066338
0.000663905
0.000664431
0.000664956
0.000665482
0.000666007
0.000666533
0.000667059
0.000667585
0.000668112
0.000668638
0.000669165
0.000669692
0.000670219
0.000670746
0.000671273
0.0006718
0.000672328
0.000672856
0.000673383
0.000673911
0.00067444
0.000674968
0.000675496
0.000676025
0.000676554
0.000677083
0.000677612
0.000678141
0.00067867
0.0006792
0.000679729
0.000680259
0.000680789
0.000681319
0.00068185
0.00068238
0.000682911
0.000683441
0.000683972
0.000684503
0.000685035
0.000685566
0.000686097
0.000686629
0.000687161
0.000687693
0.000688225
0.000688757
0.00068929
0.000689822
0.000690355
0.000690888
0.000691421
0.000691954
0.000692487
0.000693021
0.000693555
0.000694088
0.000694622
0.000695156
0.000695691
0.000696225
0.00069676
0.000697294
0.000697829
0.000698364
0.0006989
0.000699435
0.00069997
0.000700506
0.000701042
0.000701578
0.000702114
0.00070265
0.000703186
0.000703723
0.00070426
0.000704797
0.000705334
0.000705871
0.000706408
0.000706946
0.000707483
0.000708021
0.000708559
0.000709097
0.000709635
0.000710174
0.000710712
0.000711251
0.00071179
0.000712329
0.000712868
0.000713407
0.000713947
0.000714486
0.000715026
0.000715566
0.000716106
0.000716646
0.000717187
0.000717727
0.000718268
0.000718809
0.00071935
0.000719891
0.000720432
0.000720974
0.000721515
0.000722057
0.000722599
0.000723141
0.000723683
0.000724226
0.000724768
0.000725311
0.000725854
0.000726397
0.00072694
0.000727483
0.000728027
0.00072857
0.000729114
0.000729658
0.000730202
0.000730746
0.00073129
0.000731835
0.00073238
0.000732924
0.000733469
0.000734015
0.00073456
0.000735105
0.000735651
0.000736197
0.000736743
0.000737289
0.000737835
0.000738381
0.000738928
0.000739474
0.000740021
0.000740568
0.000741115
0.000741663
0.00074221
0.000742758
0.000743305
0.000743853
0.000744401
0.00074495
0.000745498
0.000746047
0.000746595
0.000747144
0.000747693
0.000748242
0.000748791
0.000749341
0.00074989
0.00075044
0.00075099
0.00075154
0.00075209
0.000752641
0.000753191
0.000753742
0.000754293
0.000754844
0.000755395
0.000755946
0.000756498
0.000757049
0.000757601
0.000758153
0.000758705
0.000759257
0.00075981
0.000760362
0.000760915
0.000761468
0.000762021
0.000762574
0.000763127
0.00076368
0.000764234
0.000764788
0.000765342
0.000765896
0.00076645
0.000767004
0.000767559
0.000768114
0.000768668
0.000769223
0.000769778
0.000770334
0.000770889
0.000771445
0.000772001
0.000772556
0.000773113
0.000773669
0.000774225
0.000774782
0.000775338
0.000775895
0.000776452
0.000777009
0.000777567
0.000778124
0.000778682
0.000779239
0.000779797
0.000780355
0.000780914
0.000781472
0.000782031
0.000782589
0.000783148
0.000783707
0.000784266
0.000784826
0.000785385
0.000785945
0.000786504
0.000787064
0.000787624
0.000788185
0.000788745
0.000789306
0.000789866
0.000790427
0.000790988
0.000791549
0.000792111
0.000792672
0.000793234
0.000793796
0.000794357
0.00079492
0.000795482
0.000796044
0.000796607
0.000797169
0.000797732
0.000798295
0.000798859
0.000799422
0.000799985
0.000800549
0.000801113
0.000801677
0.000802241
0.000802805
0.000803369
0.000803934
0.000804499
0.000805064
0.000805629
0.000806194
0.000806759
0.000807325
0.00080789
0.000808456
0.000809022
0.000809588
0.000810154
0.000810721
0.000811287
0.000811854
0.000812421
0.000812988
0.000813555
0.000814123
0.00081469
0.000815258
0.000815826
0.000816394
0.000816962
0.00081753
0.000818099
0.000818667
0.000819236
0.000819805
0.000820374
0.000820943
0.000821512
0.000822082
0.000822652
0.000823221
0.000823791
0.000824362
0.000824932
0.000825502
0.000826073
0.000826644
0.000827215
0.000827786
0.000828357
0.000828928
0.0008295
0.000830072
0.000830643
0.000831215
0.000831788
0.00083236
0.000832932
0.000833505
0.000834078
0.000834651
0.000835224
0.000835797
0.000836371
0.000836944
0.000837518
0.000838092
0.000838666
0.00083924
0.000839814
0.000840389
0.000840963
0.000841538
0.000842113
0.000842688
0.000843264
0.000843839
0.000844415
0.00084499
0.000845566
0.000846142
0.000846718
0.000847295
0.000847871
0.000848448
0.000849025
0.000849602
0.000850179
0.000850756
0.000851334
0.000851911
0.000852489
0.000853067
0.000853645
0.000854223
0.000854802
0.00085538
0.000855959
0.000856538
0.000857117
0.000857696
0.000858275
0.000858855
0.000859434
0.000860014
0.000860594
0.000861174
0.000861755
0.000862335
0.000862916
0.000863496
0.000864077
0.000864658
0.000865239
0.000865821
0.000866402
0.000866984
0.000867566
0.000868148
0.00086873
0.000869312
0.000869895
0.000870477
0.00087106
0.000871643
0.000872226
0.000872809
0.000873392
0.000873976
0.00087456
0.000875144
0.000875728
0.000876312
0.000876896
0.000877481
0.000878065
0.00087865
0.000879235
0.00087982
0.000880405
0.000880991
0.000881576
0.000882162
0.000882748
0.000883334
0.00088392
0.000884506
0.000885093
0.00088568
0.000886266
0.000886853
0.000887441
0.000888028
0.000888615
0.000889203
0.000889791
0.000890379
0.000890967
0.000891555
0.000892143
0.000892732
0.00089332
0.000893909
0.000894498
0.000895088
0.000895677
0.000896266
0.000896856
0.000897446
0.000898036
0.000898626
0.000899216
0.000899806
0.000900397
0.000900988
0.000901579
0.00090217
0.000902761
0.000903352
0.000903944
0.000904536
0.000905127
0.000905719
0.000906311
0.000906904
0.000907496
0.000908089
0.000908682
0.000909275
0.000909868
0.000910461
0.000911054
0.000911648
0.000912242
0.000912835
0.000913429
0.000914024
0.000914618
0.000915213
0.000915807
0.000916402
0.000916997
0.000917592
0.000918187
0.000918783
0.000919378
0.000919974
0.00092057
0.000921166
0.000921762
0.000922359
0.000922955
0.000923552
0.000924149
0.000924746
0.000925343
0.00092594
0.000926538
0.000927136
0.000927733
0.000928331
0.000928929
0.000929528
0.000930126
0.000930725
0.000931323
0.000931922
0.000932521
0.000933121
0.00093372
0.00093432
0.000934919
0.000935519
0.000936119
0.000936719
0.00093732
0.00093792
0.000938521
0.000939122
0.000939722
0.000940324
0.000940925
0.000941526
0.000942128
0.00094273
0.000943331
0.000943934
0.000944536
0.000945138
0.000945741
0.000946343
0.000946946
0.000947549
0.000948152
0.000948756
0.000949359
0.000949963
0.000950567
0.000951171
0.000951775
0.000952379
0.000952983
0.000953588
0.000954193
0.000954798
0.000955403
0.000956008
0.000956613
0.000957219
0.000957824
0.00095843
0.000959036
0.000959642
0.000960249
0.000960855
0.000961462
0.000962069
0.000962676
0.000963283
0.00096389
0.000964497
0.000965105
0.000965713
0.000966321
0.000966929
0.000967537
0.000968145
0.000968754
0.000969362
0.000969971
0.00097058
0.000971189
0.000971799
0.000972408
0.000973018
0.000973628
0.000974238
0.000974848
0.000975458
0.000976068
0.000976679
0.00097729
0.000977901
0.000978512
0.000979123
0.000979734
0.000980346
0.000980958
0.000981569
0.000982181
0.000982794
0.000983406
0.000984018
0.000984631
0.000985244
0.000985857
0.00098647
0.000987083
0.000987697
0.00098831
0.000988924
0.000989538
0.000990152
0.000990766
0.000991381
0.000991995
0.00099261
0.000993225
0.00099384
0.000994455
0.00099507
0.000995686
0.000996302
0.000996917
0.000997533
0.00099815
0.000998766
0.000999382
0.000999999
0.00100062
0.00100123
0.00100185
0.00100247
0.00100308
0.0010037
0.00100432
0.00100494
0.00100556
0.00100617
0.00100679
0.00100741
0.00100803
0.00100865
0.00100927
0.00100989
0.00101051
0.00101113
0.00101174
0.00101236
0.00101298
0.0010136
0.00101423
0.00101485
0.00101547
0.00101609
0.00101671
0.00101733
0.00101795
0.00101857
0.00101919
0.00101981
0.00102044
0.00102106
0.00102168
0.0010223
0.00102293
0.00102355
0.00102417
0.00102479
0.00102542
0.00102604
0.00102666
0.00102729
0.00102791
0.00102854
0.00102916
0.00102978
0.00103041
0.00103103
0.00103166
0.00103228
0.00103291
0.00103353
0.00103416
0.00103478
0.00103541
0.00103604
0.00103666
0.00103729
0.00103791
0.00103854
0.00103917
0.00103979
0.00104042
0.00104105
0.00104168
0.0010423
0.00104293
0.00104356
0.00104419
0.00104481
0.00104544
0.00104607
0.0010467
0.00104733
0.00104796
0.00104859
0.00104922
0.00104984
0.00105047
0.0010511
0.00105173
0.00105236
0.00105299
0.00105362
0.00105425
0.00105489
0.00105552
0.00105615
0.00105678
0.00105741
0.00105607
0.00105867
0.0010593
0.00105994
0.00106057
0.00105923
0.00106183
0.00106247
0.0010631
0.00106373
0.00106436
0.001065
0.00106563
0.00106626
0.0010669
0.00106753
0.00106817
0.0010688
0.00106943
0.00107007
0.0010707
0.00107134
0.00107197
0.00107261
0.00107324
0.00107388
0.00107452
0.00107515
0.00107579
0.00107442
0.00107706
0.0010777
0.00107833
0.00107897
0.00107961
0.00108024
0.00108088
0.00108152
0.00108216
0.00108279
0.00108343
0.00108407
0.00108471
0.00108535
0.00108598
0.00108662
0.00108726
0.0010879
0.00108854
0.00108918
0.00108982
0.00109046
0.0010911
0.00109174
0.00109238
0.00109302
0.00109366
0.0010943
0.00109494
0.00109558
0.00109622
0.00109686
0.0010975
0.00109815
0.00109879
0.00109943
0.00110007
0.00110071
0.00110136
0.001102
0.00110264
0.00110328
0.00110393
0.00110457
0.00110521
0.00110586
0.0011065
0.00110715
0.00110779
0.00110843
0.00110908
0.00110972
0.00111037
0.00111101
0.00111166
0.0011123
0.00111295
0.00111359
0.00111424
0.00111488
0.00111553
0.00111618
0.00111682
0.00111747
0.00111812
0.00111876
0.00111941
0.00112006
0.0011207
0.00112135
0.001122
0.00112265
0.00112329
0.00112394
0.00112459
0.00112524
0.00112589
0.00112654
0.00112718
0.00112783
0.00112848
0.00112913
0.00112978
0.00113043
0.00113108
0.00113173
0.00113238
0.00113091
0.00113368
0.00113433
0.00113498
0.00113563
0.00113629
0.00113694
0.00113759
0.00113824
0.00113889
0.00113954
0.0011402
0.00114085
0.0011415
0.00114215
0.00114281
0.00114346
0.00114411
0.00114476
0.00114542
0.00114607
0.00114673
0.00114738
0.00114803
0.00114869
0.00114934
0.00115
0.00115065
0.00115131
0.00115196
0.00115262
0.00115327
0.00115393
0.00115458
0.00115524
0.00115589
0.00115655
0.00115721
0.00115786
0.00115852
0.00115918
0.00115983
0.00116049
0.00116115
0.00116181
0.00116246
0.00116312
0.00116378
0.00116444
0.00116291
0.00116575
0.00116641
0.00116707
0.00116773
0.00116839
0.00116905
0.00116971
0.00117037
0.00117103
0.00117169
0.00117235
0.00117301
0.00117367
0.00117433
0.00117499
0.00117565
0.00117631
0.00117697
0.00117763
0.00117829
0.00117896
0.00117962
0.00118028
0.00118094
0.0011816
0.00118227
0.00118293
0.00118359
0.00118426
0.00118492
0.00118558
0.00118625
0.00118691
0.00118757
0.00118824
0.0011889
0.00118956
0.00119023
0.00119089
0.00119156
0.00119222
0.00119289
0.00119355
0.00119422
0.00119489
0.00119555
0.00119622
0.00119688
0.00119755
0.00119822
0.00119888
0.00119955
0.00120022
0.00120088
0.00120155
0.00120222
0.00120288
0.00120355
0.00120422
0.00120489
0.00120556
0.00120623
0.00120689
0.00120756
0.00120823
0.0012089
0.00120957
0.00121024
0.00121091
0.00121158
0.00121225
0.00121292
0.00121359
0.00121426
0.00121493
0.0012156
0.00121627
0.00121694
0.00121761
0.00121828
0.00121896
0.00121963
0.0012203
0.00122097
0.00122164
0.00122232
0.00122299
0.00122366
0.00122203
0.00122501
0.00122568
0.00122635
0.00122703
0.0012277
0.00122837
0.00122905
0.00122972
0.0012304
0.00123107
0.00123174
0.00123242
0.00123309
0.00123377
0.00123444
0.00123512
0.0012358
0.00123647
0.00123715
0.00123782
0.0012385
0.00123918
0.00123985
0.00124053
0.00124121
0.00124188
0.00124256
0.00124324
0.00124392
0.00124459
0.00124527
0.00124595
0.00124663
0.00124731
0.00124798
0.00124866
0.00124934
0.00125002
0.0012507
0.00125138
0.00125206
0.00125274
0.00125342
0.0012541
0.00125478
0.00125546
0.00125614
0.00125682
0.0012575
0.00125818
0.00125886
0.00125955
0.00126023
0.00126091
0.00126159
0.00126227
0.00126295
0.00126364
0.00126432
0.001265
0.00126568
0.00126637
0.00126705
0.00126773
0.00126842
0.0012691
0.00126979
0.00127047
0.00127115
0.00127184
0.00127252
0.00127321
0.00127389
0.00127458
0.00127526
0.00127595
0.00127663
0.00127732
0.0012756
0.00127629
0.00127938
0.00128006
0.00128075
0.00128144
0.00128212
0.00128281
0.0012835
0.00128418
0.00128487
0.00128556
0.00128625
0.00128693
0.00128762
0.00128831
0.001289
0.00128969
0.00129038
0.00129107
0.00129176
0.00129244
0.00129313
0.00129382
0.00129451
0.0012952
0.00129589
0.00129658
0.00129727
0.00129796
0.00129866
0.00129935
0.00130004
0.00130073
0.00130142
0.00130211
0.0013028
0.0013035
0.00130419
0.00130488
0.00130557
0.00130627
0.00130696
0.00130765
0.00130834
0.00130904
0.00130973
0.00131042
0.00131112
0.00131181
0.00131251
0.0013132
0.00131389
0.00131459
0.00131528
0.00131598
0.00131667
0.00131737
0.00131807
0.00131876
0.00131946
0.00132015
0.00132085
0.00132154
0.00132224
0.00132294
0.00132363
0.00132433
0.00132503
0.00132573
0.00132642
0.00132712
0.00132782
0.00132852
0.00132921
0.00132991
0.00133061
0.00133131
0.00133201
0.00133271
0.00133341
0.00133411
0.00133481
0.00133551
0.0013362
0.0013369
0.0013376
0.00133831
0.00133901
0.00133971
0.00134041
0.00134111
0.00134181
0.00134251
0.00134321
0.00134391
0.00134462
0.00134532
0.00134602
0.00134672
0.00134742
0.00134813
0.00134883
0.00134953
0.00135024
0.00135094
0.00135164
0.00135235
0.00135305
0.00135375
0.00135446
0.00135516
0.00135587
0.00135657
0.00135728
0.00135798
0.00135869
0.00135939
0.0013601
0.0013608
0.00136151
0.00136221
0.00136292
0.00136363
0.00136433
0.00136504
0.00136575
0.00136645
0.00136716
0.00136787
0.00136857
0.00136928
0.00136999
0.0013707
0.00137141
0.00137211
0.00137282
0.00137353
0.00137424
0.00137495
0.00137566
0.00137637
0.0013745
0.00137779
0.0013785
0.00137921
0.00137992
0.00138063
0.00138134
0.00138205
0.00138276
0.00138347
0.00138418
0.00138489
0.0013856
0.00138632
0.00138703
0.00138774
0.00138845
0.00138916
0.00138988
0.00139059
0.0013913
0.00139201
0.00139012
0.00139344
0.00139415
0.00139487
0.00139558
0.0013963
0.00139701
0.00139772
0.00139844
0.00139915
0.00139987
0.00140058
0.0014013
0.00140201
0.00140273
0.00140345
0.00140416
0.00140488
0.00140559
0.00140631
0.00140703
0.00140774
0.00140846
0.00140918
0.00140726
0.00141061
0.00141133
0.00141205
0.00141277
0.00141348
0.0014142
0.00141492
0.00141564
0.00141636
0.00141708
0.0014178
0.00141851
0.00141923
0.00141995
0.00142067
0.00142139
0.00142211
0.00142283
0.00142355
0.00142427
0.00142499
0.00142572
0.00142644
0.00142716
0.00142788
0.0014286
0.00142666
0.00143004
0.00143077
0.00143149
0.00143221
0.00143293
0.00143366
0.00143438
0.0014351
0.00143583
0.00143655
0.00143727
0.001438
0.00143872
0.00143945
0.00144017
0.00144089
0.00144162
0.00144234
0.00144307
0.00144379
0.00144452
0.00144524
0.00144597
0.0014467
0.00144742
0.00144815
0.00144887
0.0014496
0.00145033
0.00145105
0.00144908
0.00145251
0.00145324
0.00145396
0.00145469
0.00145271
0.00145615
0.00145688
0.0014576
0.00145833
0.00145906
0.00145979
0.00146052
0.00146125
0.00146198
0.00146271
0.00146344
0.00146417
0.00146217
0.00146563
0.00146636
0.00146709
0.00146782
0.00146855
0.00146928
0.00147001
0.00147074
0.00147148
0.00147221
0.0014702
0.00147367
0.0014744
0.00147514
0.00147587
0.0014766
0.00147733
0.00147807
0.0014788
0.00147953
0.00148027
0.001481
0.00148174
0.00148247
0.0014832
0.00148394
0.00148192
0.00148541
0.00148614
0.00148688
0.00148761
0.00148835
0.00148909
0.00148982
0.00149056
0.00149129
0.00149203
0.00149277
0.0014935
0.00149424
0.00149498
0.00149571
0.00149645
0.00149719
0.00149793
0.00149588
0.0014994
0.00150014
0.00150088
0.00150162
0.00150236
0.0015031
0.00150383
0.00150457
0.00150531
0.00150605
0.00150679
0.00150753
0.00150827
0.00150901
0.00150975
0.00151049
0.00150844
0.00151198
0.00151272
0.00151346
0.0015142
0.00151214
0.00151568
0.00151643
0.00151717
0.00151791
0.00151865
0.0015194
0.00151732
0.00152088
0.00152162
0.00152237
0.00152311
0.00152386
0.0015246
0.00152534
0.00152609
0.00152683
0.00152758
0.00152832
0.00152907
0.00152698
0.00153056
0.0015313
0.00153205
0.00153279
0.00153354
0.00153429
0.00153503
0.00153578
0.00153652
0.00153727
0.00153518
0.00153877
0.00153951
0.00154026
0.00154101
0.00154176
0.0015425
0.00154325
0.001544
0.00154475
0.0015455
0.00154625
0.001547
0.00154775
0.00154849
0.00154924
0.00154999
0.00155074
0.00155149
0.00155224
0.00155299
0.00155375
0.0015545
0.00155525
0.001556
0.00155675
0.0015575
0.00155825
0.001559
0.00155976
0.00156051
0.00156126
0.00156201
0.00156277
0.00156352
0.00156427
0.00156503
0.00156578
0.00156653
0.00156729
0.00156804
0.00156879
0.00156955
0.0015703
0.00157106
0.00157181
0.00157257
0.00157332
0.00157408
0.00157483
0.00157559
0.00157634
0.0015742
0.00157786
0.00157861
0.00157937
0.00158012
0.00158088
0.00158164
0.0015824
0.00158315
0.00158391
0.00158467
0.00158543
0.00158618
0.00158694
0.0015877
0.00158846
0.00158922
0.00158998
0.00159074
0.0015915
0.00159225
0.00159301
0.00159377
0.00159453
0.00159529
0.00159605
0.00159681
0.00159758
0.00159834
0.0015991
0.00159986
0.00160062
0.00159844
0.00160214
0.0016029
0.00160367
0.00160443
0.00160225
0.00160595
0.00160672
0.00160748
0.00160824
0.00160901
0.00160977
0.00161053
0.0016113
0.00161206
0.00161282
0.00161359
0.00161435
0.00161512
0.00161588
0.00161665
0.00161741
0.00161818
0.00161894
0.00161675
0.00162047
0.00162124
0.00162201
0.00162277
0.00162354
0.00162431
0.00162507
0.00162584
0.00162661
0.00162737
0.00162814
0.00162891
0.00162968
0.00163045
0.00163121
0.00163198
0.00163275
0.00163352
0.00163131
0.00163207
0.00163583
0.0016366
0.00163737
0.00163814
0.00163891
0.00163968
0.00164045
0.00164122
0.00164199
0.00164276
0.00164353
0.0016443
0.00164507
0.00164584
0.00164662
0.00164739
0.00164816
0.00164893
0.0016497
0.00165048
0.00164824
0.00165202
0.0016528
0.00165357
0.00165434
0.00165512
0.00165589
0.00165666
0.00165442
0.00165821
0.00165899
0.00165976
0.00165752
0.00166131
0.00166209
0.00165984
0.00166364
0.00166441
0.00166519
0.00166597
0.00166371
0.00166752
0.0016683
0.00166907
0.00166985
0.00167063
0.0016714
0.00167218
0.00167296
0.00167374
0.00167452
0.00167529
0.00167607
0.00167685
0.00167763
0.00167841
0.00167614
0.00167997
0.00168075
0.00168153
0.00168231
0.00168309
0.00168387
0.00168465
0.00168543
0.00168621
0.00168699
0.00168777
0.00168855
0.00168933
0.00169011
0.00169089
0.00169168
0.00168939
0.00169324
0.00169402
0.00169481
0.00169559
0.00169637
0.00169715
0.00169794
0.00169872
0.00169951
0.00170029
0.00170107
0.00170186
0.00170264
0.00170343
0.00170421
0.001705
0.00170578
0.00170657
0.00170735
0.00170814
0.00170892
0.00170971
0.00171049
0.00171128
0.00171207
0.00171285
0.00171364
0.00171443
0.00171522
0.001716
0.00171679
0.00171758
0.00171837
0.00171915
0.00171994
0.00172073
0.00172152
0.00172231
0.0017231
0.00172389
0.00172468
0.00172546
0.00172625
0.00172704
0.00172783
0.00172862
0.00172941
0.00173021
0.001731
0.00173179
0.00173258
0.00173337
0.00173416
0.00173495
0.00173574
0.00173654
0.00173733
0.00173812
0.00173891
0.00173971
0.0017405
0.00174129
0.00174208
0.00174288
0.00174054
0.00174446
0.00174526
0.00174605
0.00174685
0.00174764
0.00174844
0.00174923
0.00175003
0.00175082
0.00175162
0.00175241
0.00175321
0.001754
0.0017548
0.0017556
0.00175639
0.00175719
0.00175798
0.00175878
0.00175958
0.00176038
0.00176117
0.00176197
0.00176277
0.00176357
0.00176437
0.00176516
0.00176596
0.00176676
0.00176756
0.00176836
0.00176916
0.00176996
0.00176759
0.00177156
0.00177236
0.00177316
0.00177396
0.00177476
0.00177556
0.00177319
0.00177716
0.00177796
0.00177559
0.00177956
0.00178037
0.00178117
0.00178197
0.00178277
0.00178357
0.00178438
0.00178518
0.00178598
0.00178678
0.00178759
0.00178839
0.0017892
0.00179
0.0017908
0.00179161
0.00179241
0.00179322
0.00179402
0.00179483
0.00179563
0.00179644
0.00179724
0.00179805
0.00179885
0.00179646
0.00180047
0.00180127
0.00180208
0.00180288
0.00180369
0.0018045
0.00180531
0.00180291
0.00180692
0.00180773
0.00180854
0.00180934
0.00181015
0.00181096
0.00181177
0.00181258
0.00181339
0.0018142
0.00181501
0.00181582
0.00181663
0.00181744
0.00181825
0.00181906
0.00181987
0.00182068
0.00182149
0.0018223
0.00182311
0.00182392
0.00182473
0.00182554
0.00182636
0.00182717
0.00182798
0.00182879
0.00182961
0.00183042
0.00183123
0.00183204
0.00183286
0.00183043
0.00183448
0.0018353
0.00183611
0.00183693
0.00183774
0.00183856
0.00183937
0.00184018
0.001841
0.00184182
0.00184263
0.00184345
0.00184426
0.00184508
0.00184589
0.00184671
0.00184753
0.00184834
0.00184916
0.00184998
0.00185079
0.00185161
0.00185243
0.00185325
0.00185407
0.00185488
0.0018557
0.00185652
0.00185734
0.00185816
0.00185898
0.0018598
0.00185734
0.00186144
0.00186225
0.00186307
0.0018639
0.00186472
0.00186554
0.00186636
0.00186718
0.001868
0.00186882
0.00186964
0.00187046
0.00187128
0.00187211
0.00187293
0.00187375
0.00187457
0.0018754
0.00187622
0.00187704
0.00187786
0.00187869
0.00187951
0.00188034
0.00188116
0.00188198
0.00188281
0.00188363
0.00188446
0.00188528
0.00188611
0.00188693
0.00188776
0.00188858
0.00188941
0.00189023
0.00189106
0.00189189
0.00189271
0.00189354
0.00189437
0.00189519
0.00189602
0.00189354
0.00189767
0.0018985
0.00189933
0.00190016
0.00190099
0.00190181
0.00190264
0.00190347
0.0019043
0.00190513
0.00190596
0.00190679
0.00190762
0.00190845
0.00190928
0.00191011
0.00191094
0.00191177
0.0019126
0.00191343
0.00191426
0.00191509
0.00191593
0.00191676
0.00191759
0.00191842
0.00191925
0.00192009
0.00192092
0.00192175
0.00192258
0.00192342
0.00192425
0.00192508
0.00192592
0.00192675
0.00192759
0.00192842
0.00192925
0.00193009
0.00193092
0.00193176
0.00193259
0.00193343
0.00193426
0.0019351
0.00193594
0.00193677
0.00193761
0.00193844
0.00193928
0.00194012
0.00194095
0.00194179
0.00194263
0.00194347
0.0019443
0.00194514
0.00194598
0.00194682
0.00194766
0.00194849
0.00194933
0.00195017
0.00195101
0.00195185
0.00195269
0.00195353
0.00195437
0.00195521
0.00195605
0.00195689
0.00195773
0.00195857
0.00195941
0.00196025
0.0019611
0.00196194
0.00196278
0.00196362
0.00196446
0.0019653
0.00196615
0.00196699
0.00196783
0.00196868
0.00196952
0.00197036
0.00197121
0.00197205
0.00197289
0.00197374
0.00197458
0.00197203
0.00197627
0.00197711
0.00197796
0.0019788
0.00197965
0.0019805
0.00198134
0.00198219
0.00198303
0.00198388
0.00198473
0.00198557
0.00198642
0.00198727
0.00198811
0.00198896
0.00198981
0.00199066
0.0019915
0.00198894
0.0019932
0.00199405
0.0019949
0.00199575
0.00199659
0.00199744
0.00199829
0.00199914
0.00199999
0.00200084
0.00200169
0.00200254
0.00200339
0.00200424
0.00200509
0.00200595
0.0020068
0.00200765
0.00200508
0.00200935
0.0020102
0.00201106
0.00201191
0.00201276
0.00201361
0.00201447
0.00201532
0.00201617
0.00201703
0.00201788
0.00201873
0.00201959
0.00202044
0.00202129
0.00202215
0.00201957
0.00202042
0.00202471
0.00202557
0.00202642
0.00202728
0.00202814
0.00202899
0.00202985
0.0020307
0.00203156
0.00203242
0.00203327
0.00203413
0.00203499
0.00203585
0.0020367
0.00203756
0.00203842
0.00203928
0.00204014
0.00204099
0.00204185
0.00204271
0.00204357
0.00204443
0.00204529
0.00204615
0.00204701
0.00204787
0.00204873
0.00204959
0.00205045
0.00205131
0.00205217
0.00205303
0.00205389
0.00205476
0.00205562
0.00205648
0.00205734
0.0020582
0.00205907
0.00205993
0.00206079
0.00206165
0.00206252
0.00206338
0.00206424
0.00206511
0.00206597
0.00206684
0.0020677
0.00206856
0.00206943
0.00207029
0.00207116
0.00207202
0.00207289
0.00207376
0.00207462
0.00207549
0.00207635
0.00207722
0.00207809
0.00207895
0.00207982
0.00208069
0.00207807
0.00208242
0.00208329
0.00208416
0.00208502
0.00208589
0.00208676
0.00208763
0.0020885
0.00208937
0.00209024
0.00209111
0.00209197
0.00208935
0.00209371
0.00209458
0.00209545
0.00209632
0.0020972
0.00209807
0.00209894
0.00209981
0.00210068
0.00210155
0.00210242
0.00210329
0.00210417
0.00210504
0.00210591
0.00210678
0.00210766
0.00210853
0.0021094
0.00211028
0.00211115
0.00211202
0.0021129
0.00211377
0.00211465
0.00211552
0.00211639
0.00211727
0.00211814
0.00211902
0.00211989
0.00212077
0.00212165
0.00212252
0.0021234
0.00212427
0.00212515
0.00212603
0.0021269
0.00212778
0.00212866
0.00212954
0.00213041
0.00213129
0.00213217
0.00213305
0.00213393
0.00213481
0.00213568
0.00213656
0.00213744
0.00213832
0.0021392
0.00214008
0.00214096
0.00214184
0.00214272
0.0021436
0.00214448
0.00214536
0.00214624
0.00214712
0.00214801
0.00214889
0.00214977
0.00215065
0.00215153
0.00215242
0.0021533
0.00215418
0.00215506
0.00215595
0.00215683
0.00215771
0.0021586
0.00215948
0.00216036
0.00216125
0.00216213
0.00216302
0.0021639
0.00216479
0.00216567
0.00216656
0.00216744
0.00216833
0.00216921
0.0021701
0.00217099
0.00217187
0.00217276
0.00217365
0.00217453
0.00217542
0.00217631
0.0021772
0.00217808
0.00217897
0.00217986
0.00218075
0.00218164
0.00218253
0.00218341
0.0021843
0.00218519
0.00218608
0.00218697
0.00218786
0.00218875
0.00218964
0.00218696
0.00219142
0.00219231
0.0021932
0.00219409
0.00219499
0.00219588
0.00219677
0.00219766
0.00219855
0.00219945
0.00220034
0.00220123
0.00220212
0.00220302
0.00220391
0.0022048
0.0022057
0.00220659
0.00220748
0.00220838
0.00220927
0.00221017
0.00221106
0.00221196
0.00221285
0.00221375
0.00221464
0.00221554
0.00221643
0.00221733
0.00221823
0.00221912
0.00222002
0.00222092
0.00222181
0.00222271
0.00222361
0.0022245
0.0022254
0.0022263
0.0022236
0.0022281
0.002229
0.00222989
0.00223079
0.00223169
0.00223259
0.00223349
0.00223439
0.00223529
0.00223619
0.00223709
0.00223799
0.00223889
0.00223619
0.00224069
0.00224159
0.0022425
0.0022434
0.0022443
0.0022452
0.0022461
0.002247
0.00224791
0.00224881
0.00224971
0.00225062
0.00225152
0.00225242
0.00225333
0.00225423
0.00225513
0.00225604
0.00225694
0.00225785
0.00225875
0.00225966
0.00226056
0.00226147
0.00226237
0.00226328
0.00226418
0.00226509
0.002266
0.0022669
0.00226781
0.00226872
0.00226962
0.00227053
0.00227144
0.00227234
0.00227325
0.00227416
0.00227507
0.00227598
0.00227689
0.00227779
0.0022787
0.00227961
0.00228052
0.00228143
0.00228234
0.00228325
0.00228416
0.00228507
0.00228598
0.00228689
0.0022878
0.00228508
0.00228962
0.00229054
0.00229145
0.00229236
0.00229327
0.00229418
0.0022951
0.00229601
0.00229328
0.00229783
0.00229875
0.00229966
0.00230057
0.00230149
0.0023024
0.00230332
0.00230423
0.00230514
0.00230606
0.00230697
0.00230789
0.0023088
0.00230972
0.00231063
0.00231155
0.00231247
0.00231338
0.0023143
0.00231521
0.00231613
0.00231705
0.00231797
0.00231888
0.0023198
0.00232072
0.00232164
0.00232255
0.00232347
0.00232439
0.00232531
0.00232623
0.00232715
0.00232807
0.00232899
0.00232991
0.00233083
0.00233175
0.00233267
0.00232993
0.00233451
0.00233543
0.00233635
0.00233727
0.00233819
0.00233911
0.00234003
0.00234096
0.00234188
0.0023428
0.00234372
0.00234464
0.00234557
0.00234649
0.00234741
0.00234834
0.00234926
0.00235018
0.00235111
0.00235203
0.00235296
0.00235388
0.00235481
0.00235573
0.00235666
0.00235758
0.00235851
0.00235943
0.00236036
0.00236129
0.00236221
0.00236314
0.00236406
0.00236499
0.00236592
0.00236685
0.00236777
0.0023687
0.00236963
0.00237056
0.00237149
0.00237241
0.00237334
0.00237427
0.0023752
0.00237613
0.00237706
0.00237799
0.00237892
0.00237985
0.00238078
0.00238171
0.00238264
0.00238357
0.0023845
0.00238543
0.00238636
0.00238729
0.00238823
0.00238916
0.00239009
0.00239102
0.00239195
0.00239289
0.00239382
0.00239475
0.00239569
0.00239662
0.00239755
0.00239849
0.00239942
0.00240036
0.00240129
0.00240222
0.00240316
0.00240409
0.00240503
0.00240596
0.0024069
0.00240784
0.00240877
0.00240971
0.00241064
0.00241158
0.00241252
0.00241345
0.00241439
0.00241533
0.00241627
0.0024172
0.00241814
0.00241908
0.00242002
0.00242096
0.0024219
0.00242283
0.00242377
0.00242471
0.00242565
0.00242659
0.00242753
0.00242847
0.00242941
0.00243035
0.00243129
0.00243223
0.00243317
0.00243412
0.00243136
0.002436
0.00243694
0.00243788
0.00243882
0.00243977
0.00244071
0.00244165
0.0024426
0.00244354
0.00244448
0.00244543
0.00244637
0.00244731
0.00244826
0.0024492
0.00245015
0.00245109
0.00245204
0.00245298
0.00245393
0.00245487
0.00245582
0.00245676
0.00245771
0.00245865
0.0024596
0.00246055
0.00246149
0.00246244
0.00246339
0.00246434
0.00246528
0.00246623
0.00246718
0.00246813
0.00246908
0.00247002
0.00247097
0.00247192
0.00247287
0.00247382
0.00247477
0.00247572
0.00247667
0.00247762
0.00247857
0.00247952
0.00248047
0.00248142
0.00248237
0.00248332
0.00248428
0.00248523
0.00248618
0.00248713
0.00248808
0.00248904
0.00248999
0.00249094
0.0024919
0.00249285
0.0024938
0.00249476
0.00249571
0.00249666
0.00249762
0.00249857
0.00249953
0.00250048
0.00250144
0.00250239
0.00250335
0.0025043
0.00250526
0.00250621
0.00250717
0.00250813
0.00250908
0.00251004
0.002511
0.00251195
0.00251291
0.00251014
0.00251483
0.00251579
0.00251674
0.0025177
0.00251866
0.00251962
0.00252058
0.00252154
0.0025225
0.00252346
0.00252442
0.00252538
0.00252634
0.0025273
0.00252826
0.00252922
0.00253018
0.00253114
0.0025321
0.00253306
0.00253402
0.00253499
0.00253595
0.00253691
0.00253787
0.00253883
0.0025398
0.00254076
0.00254172
0.00254269
0.00254365
0.00254461
0.00254558
0.00254654
0.00254751
0.00254847
0.00254944
0.0025504
0.00255137
0.00255233
0.0025533
0.00255426
0.00255523
0.0025562
0.00255716
0.00255813
0.0025591
0.00256006
0.00256103
0.002562
0.00256297
0.00256393
0.0025649
0.00256587
0.00256684
0.00256781
0.00256877
0.00256974
0.00257071
0.00257168
0.00257265
0.00257362
0.00257459
0.00257556
0.00257653
0.0025775
0.00257847
0.00257944
0.00257668
0.00258139
0.00258236
0.00258333
0.0025843
0.00258527
0.00258625
0.00258722
0.00258819
0.00258916
0.00259014
0.00259111
0.00259208
0.00259306
0.00259403
0.00259501
0.00259598
0.00259696
0.00259793
0.0025989
0.00259988
0.00259711
0.00260183
0.00260281
0.00260378
0.00260476
0.00260573
0.00260671
0.00260769
0.00260866
0.00260964
0.00261062
0.0026116
0.00261257
0.00261355
0.00261453
0.00261551
0.00261649
0.00261747
0.00261844
0.00261942
0.0026204
0.00262138
0.00262236
0.00262334
0.00262058
0.0026253
0.00262628
0.00262726
0.00262824
0.00262922
0.00263021
0.00263119
0.00263217
0.00263315
0.00263413
0.00263512
0.0026361
0.00263708
0.00263806
0.00263905
0.00264003
0.00263727
0.002642
0.00264298
0.00264396
0.00264495
0.00264593
0.00264692
0.0026479
0.00264889
0.00264987
0.00265086
0.00265184
0.00265283
0.00265382
0.0026548
0.00265579
0.00265303
0.00265776
0.00265875
0.00265974
0.00266072
0.00266171
0.0026627
0.00266369
0.00266468
0.00266566
0.00266665
0.00266764
0.00266488
0.00266962
0.00267061
0.0026716
0.00267259
0.00267358
0.00267457
0.00267556
0.00267655
0.00267754
0.00267853
0.00267952
0.00268051
0.00268151
0.0026825
0.00268349
0.00268448
0.00268547
0.00268647
0.00268746
0.00268845
0.00268945
0.00269044
0.00269143
0.00269243
0.00269342
0.00269442
0.00269541
0.0026964
0.0026974
0.00269839
0.00269939
0.00270038
0.00270138
0.00270238
0.00270337
0.00270437
0.00270536
0.00270636
0.00270736
0.00270836
0.00270935
0.00271035
0.00271135
0.00271235
0.00271334
0.00271434
0.00271534
0.00271634
0.00271734
0.00271834
0.00271934
0.00272034
0.00272134
0.00272233
0.00272333
0.00272434
0.00272534
0.00272634
0.00272734
0.00272834
0.00272934
0.00273034
0.00273134
0.00273234
0.00273335
0.00273435
0.00273535
0.00273635
0.00273736
0.00273836
0.00273936
0.00274037
0.00274137
0.00274237
0.00274338
0.00274438
0.00274539
0.00274264
0.0027474
0.0027484
0.00274941
0.00275041
0.00275142
0.00275242
0.00275343
0.00275444
0.00275544
0.00275645
0.00275746
0.00275846
0.00275947
0.00276048
0.00276149
0.00276249
0.0027635
0.00276451
0.00276552
0.00276653
0.00276754
0.00276855
0.00276956
0.00277056
0.00277157
0.00277258
0.00277359
0.0027746
0.00277562
0.00277663
0.00277764
0.00277865
0.00277966
0.00278067
0.00278168
0.00278269
0.00278371
0.00278472
0.00278573
0.00278674
0.00278776
0.00278877
0.00278978
0.0027908
0.00279181
0.00279283
0.00279384
0.00279485
0.00279587
0.00279688
0.0027979
0.00279891
0.00279993
0.00280094
0.00280196
0.00280298
0.00280025
0.00280501
0.00280603
0.00280704
0.00280806
0.00280908
0.00281009
0.00281111
0.00281213
0.00281315
0.00281417
0.00281518
0.0028162
0.00281722
0.00281824
0.00281926
0.00282028
0.0028213
0.00282232
0.00282334
0.00282436
0.00282538
0.0028264
0.00282742
0.00282844
0.00282946
0.00283049
0.00283151
0.00283253
0.00283355
0.00283457
0.0028356
0.00283662
0.00283764
0.00283867
0.00283969
0.00283698
0.00284174
0.00284276
0.00284378
0.00284481
0.00284583
0.00284686
0.00284788
0.00284891
0.00284993
0.00285096
0.00285198
0.00285301
0.00285404
0.00285506
0.00285609
0.00285712
0.00285814
0.00285544
0.0028602
0.00286123
0.00286225
0.00286328
0.00286431
0.00286534
0.00286637
0.0028674
0.00286842
0.00286945
0.00287048
0.00287151
0.00287254
0.00287357
0.0028746
0.00287563
0.00287666
0.0028777
0.00287873
0.00287976
0.00288079
0.00288182
0.00288285
0.00288389
0.00288492
0.00288595
0.00288698
0.00288802
0.00288905
0.00289008
0.00289112
0.00289215
0.00289318
0.00289422
0.00289525
0.00289629
0.00289732
0.00289836
0.00289939
0.00290043
0.00290146
0.0029025
0.00290354
0.00290457
0.00290561
0.00290664
0.00290768
0.00290872
0.00290976
0.00291079
0.00291183
0.00291287
0.00291391
0.00291495
0.00291227
0.00291702
0.00291806
0.0029191
0.00292014
0.00292118
0.00292222
0.00292326
0.0029243
0.00292534
0.00292638
0.00292742
0.00292846
0.00292579
0.00293054
0.00293159
0.00293263
0.00293367
0.00293471
0.00293575
0.0029368
0.00293784
0.00293888
0.00293993
0.00294097
0.00294201
0.00293935
0.0029441
0.00294515
0.00294619
0.00294723
0.00294828
0.00294932
0.00295037
0.00295142
0.00295246
0.00295351
0.00295455
0.0029556
0.00295665
0.00295769
0.00295874
0.00295979
0.00296083
0.00296188
0.00295923
0.00296398
0.00296503
0.00296607
0.00296712
0.00296817
0.00296922
0.00297027
0.00297132
0.00297237
0.00297342
0.00297077
0.00297552
0.00297657
0.00297762
0.00297867
0.00297972
0.00298077
0.00298183
0.00298288
0.00298393
0.00298498
0.00298603
0.00298709
0.00298814
0.00298919
0.00299025
0.0029913
0.00299235
0.00299341
0.00299446
0.00299551
0.00299657
0.00299762
0.00299868
0.00299973
0.00300079
0.00300184
0.0030029
0.00300396
0.00300501
0.00300607
0.00300712
0.00300818
0.00300924
0.0030103
0.00301135
0.00301241
0.00301347
0.00301453
0.00301558
0.00301664
0.0030177
0.00301876
0.00301982
0.00302088
0.00302194
0.003023
0.00302406
0.00302512
0.00302618
0.00302724
0.0030283
0.00302936
0.00302675
0.00303148
0.00303254
0.0030336
0.00303467
0.00303573
0.00303312
0.00303785
0.00303892
0.00303998
0.00304104
0.00304211
0.00304317
0.00304423
0.0030453
0.00304636
0.00304743
0.00304849
0.00304956
0.00305062
0.00305169
0.00305275
0.00305382
0.00305488
0.00305595
0.00305702
0.00305808
0.00305915
0.00306022
0.00306128
0.00306235
0.00306342
0.00306449
0.00306555
0.00306662
0.00306769
0.00306876
0.00306983
0.0030709
0.00307197
0.00307304
0.0030741
0.00307517
0.00307624
0.00307731
0.00307839
0.00307946
0.00308053
0.0030816
0.00308267
0.00308374
0.00308116
0.00308588
0.00308696
0.00308803
0.0030891
0.00309017
0.00309125
0.00309232
0.00309339
0.00309447
0.00309554
0.00309662
0.00309769
0.00309876
0.00309984
0.00309728
0.00310199
0.00310307
0.00310414
0.00310522
0.00310629
0.00310737
0.00310844
0.00310952
0.0031106
0.00311168
0.00311275
0.00311383
0.00311491
0.00311599
0.00311706
0.00311814
0.00311922
0.0031203
0.00312138
0.00312246
0.00312354
0.00312462
0.0031257
0.00312678
0.00312786
0.00312894
0.00313002
0.0031311
0.00313218
0.00313326
0.00313434
0.00313542
0.0031365
0.00313759
0.00313867
0.00313975
0.00314083
0.00314192
0.003143
0.00314408
0.00314517
0.00314625
0.00314734
0.00314842
0.0031495
0.00315059
0.00315167
0.00315276
0.00315384
0.00315493
0.00315601
0.0031571
0.00315819
0.00315927
0.00316036
0.00316145
0.00315893
0.00316362
0.00316111
0.00316219
0.00316688
0.00316797
0.00316906
0.00317015
0.00317124
0.00317233
0.00317341
0.0031745
0.00317559
0.00317668
0.00317777
0.00317886
0.00317995
0.00318104
0.00318213
0.00318323
0.00318432
0.00318541
0.0031865
0.00318759
0.00318868
0.00318978
0.00319087
0.00319196
0.00319305
0.00319415
0.00319524
0.00319633
0.00319743
0.00319852
0.00319962
0.00320071
0.0032018
0.0032029
0.00320399
0.00320509
0.00320618
0.00320728
0.00320838
0.00320947
0.00321057
0.00321167
0.00321276
0.00321386
0.00321496
0.00321605
0.00321715
0.00321825
0.00321935
0.00322044
0.00322154
0.00322264
0.00322374
0.00322484
0.00322594
0.00322704
0.00322814
0.00322924
0.00323034
0.00323144
0.00323254
0.00323364
0.00323474
0.00323584
0.00323694
0.00323805
0.00323915
0.00324025
0.00324135
0.00324245
0.00324356
0.00324466
0.00324576
0.00324687
0.00324797
0.00324907
0.00325018
0.00325128
0.00325239
0.00325349
0.0032546
0.0032557
0.00325681
0.00325791
0.00325902
0.00326012
0.00326123
0.00326233
0.00326344
0.00326455
0.00326566
0.00326676
0.00326787
0.00326898
0.00327009
0.00327119
0.0032723
0.00327341
0.00327452
0.00327563
0.00327674
0.00327785
0.00327896
0.00328007
0.00328118
0.00328229
0.0032834
0.00328451
0.00328562
0.00328673
0.00328784
0.00328895
0.00329006
0.00329117
0.00329229
0.0032934
0.00329451
0.00329562
0.00329674
0.00329785
0.00329896
0.00330008
0.00330119
0.00330231
0.00330342
0.00330453
0.00330565
0.00330676
0.00330788
0.00330899
0.00331011
0.00331123
0.00331234
0.00331346
0.00331457
0.00331569
0.00331681
0.00331792
0.00331904
0.00332016
0.00332128
0.0033224
0.00332351
0.00332463
0.00332575
0.00332687
0.00332799
0.00332911
0.00333023
0.00333135
0.00333247
0.00333359
0.00333471
0.00333583
0.00333695
0.0033346
0.00333919
0.00334031
0.00334143
0.00334255
0.00334368
0.0033448
0.00334592
0.00334704
0.00334817
0.00334929
0.00335041
0.00335154
0.00335266
0.00335378
0.00335491
0.00335603
0.00335716
0.00335828
0.00335941
0.00336053
0.00336166
0.00336278
0.00336391
0.00336504
0.00336616
0.00336729
0.00336842
0.00336954
0.00337067
0.0033718
0.00337293
0.00337405
0.00337518
0.00337631
0.00337744
0.00337857
0.0033797
0.00338083
0.00338195
0.00338308
0.00338421
0.00338534
0.00338647
0.0033876
0.00338874
0.00338987
0.003391
0.00338871
0.00339326
0.00339439
0.00339211
0.00339666
0.00339779
0.00339892
0.00340005
0.00340119
0.00340232
0.00340345
0.00340459
0.00340572
0.00340686
0.00340799
0.00340913
0.00341026
0.00341139
0.00341253
0.00341367
0.0034148
0.00341594
0.00341707
0.00341821
0.00341935
0.00342048
0.00342162
0.00342276
0.00342389
0.00342503
0.00342617
0.00342731
0.00342845
0.00342959
0.00343072
0.00343186
0.00342962
0.00343414
0.00343528
0.00343642
0.00343756
0.0034387
0.00343984
0.00344098
0.00344212
0.00344326
0.00344441
0.00344555
0.00344669
0.00344783
0.00344897
0.00345012
0.00345126
0.0034524
0.00345354
0.00345469
0.00345583
0.00345698
0.00345812
0.00345926
0.00346041
0.00346155
0.0034627
0.00346384
0.00346499
0.00346613
0.00346728
0.00346843
0.00346957
0.00347072
0.00347186
0.00347301
0.00347416
0.00347531
0.00347645
0.00347427
0.00347875
0.0034799
0.00348105
0.00348219
0.00348334
0.00348449
0.00348564
0.00348679
0.00348794
0.00348909
0.00349024
0.00349139
0.00349254
0.00349369
0.00349484
0.00349599
0.00349715
0.0034983
0.00349945
0.0035006
0.00350175
0.00350291
0.00350406
0.00350521
0.00350637
0.00350752
0.00350867
0.00350983
0.00351098
0.00351213
0.00351329
0.00351444
0.0035156
0.00351675
0.00351791
0.00351578
0.00352022
0.00352138
0.00352253
0.00352369
0.00352485
0.003526
0.00352716
0.00352832
0.00352948
0.00353063
0.00353179
0.00353295
0.00353411
0.00353527
0.00353643
0.00353759
0.00353874
0.0035399
0.00354106
0.00354222
0.00354338
0.00354454
0.00354571
0.00354687
0.00354803
0.00354919
0.00355035
0.00355151
0.00355267
0.00355384
0.003555
0.00355616
0.00355732
0.00355849
0.00355965
0.00356081
0.00356198
0.00356314
0.00356108
0.00356547
0.00356664
0.0035678
0.00356897
0.00357013
0.0035713
0.00357246
0.00357363
0.0035748
0.00357596
0.00357391
0.0035783
0.00357625
0.00358063
0.0035818
0.00358296
0.00358413
0.0035853
0.00358647
0.00358764
0.00358881
0.00358998
0.00359115
0.00358912
0.00359349
0.00359466
0.00359583
0.003597
0.00359817
0.00359934
0.00360051
0.00360168
0.00360285
0.00360402
0.0036052
0.00360637
0.00360754
0.00360871
0.00360989
0.00361106
0.00361223
0.00361341
0.00361458
0.00361575
0.00361693
0.0036181
0.00361928
0.00362045
0.00362163
0.0036228
0.00362398
0.00362515
0.00362633
0.00362751
0.00362868
0.00362986
0.00363104
0.00363221
0.00363339
0.00363457
0.00363575
0.00363692
0.0036381
0.00363614
0.00364046
0.00364164
0.00364282
0.00364087
0.00364518
0.00364636
0.00364754
0.00364872
0.0036499
0.00364796
0.00365226
0.00365344
0.00365462
0.0036558
0.00365698
0.00365817
0.00365935
0.00366053
0.00366171
0.0036629
0.00366408
0.00366526
0.00366645
0.00366763
0.00366881
0.00367
0.00367118
0.00367237
0.00367355
0.00367474
0.00367592
0.00367402
0.0036783
0.0036764
0.00367759
0.00368185
0.00368304
0.00368423
0.00368541
0.0036866
0.00368779
0.00368898
0.0036871
0.00369135
0.00369254
0.00369373
0.00369186
0.00369611
0.0036973
0.00369543
0.00369968
0.00370087
0.00370206
0.00370325
0.00370444
0.00370563
0.00370682
0.00370801
0.00370921
0.0037104
0.00370855
0.00371278
0.00371397
0.00371517
0.00371636
0.00371755
0.00371875
0.00371994
0.00372114
0.00372233
0.00372352
0.00372472
0.0037229
0.00372711
0.0037283
0.0037295
0.00373069
0.00373189
0.00373309
0.00373428
0.00373548
0.00373368
0.00373787
0.00373907
0.00374027
0.00374147
0.00374266
0.00374386
0.00374506
0.00374626
0.00374746
0.00374866
0.00374986
0.00375106
0.00374928
0.00375346
0.00375168
0.00375586
0.00375706
0.00375826
0.00375946
0.00376066
0.00376186
0.00376306
0.00376427
0.00376547
0.00376667
0.00376787
0.00376908
0.00376733
0.00377148
0.00377269
0.00377389
0.00377215
0.00377336
0.0037775
0.00377871
0.00377991
0.00377818
0.00378232
0.00378353
0.00378181
0.00378594
0.00378715
0.00378836
0.00378956
0.00379077
0.00378906
0.00379318
0.00379439
0.0037956
0.00379681
0.00379802
0.00379922
0.00380043
0.00380164
0.00380285
0.00380406
0.00380237
0.00380648
0.00380769
0.0038089
0.00381011
0.00380844
0.00381253
0.00381375
0.00381496
0.00381617
0.00381738
0.00381859
0.00381981
0.00382102
0.00382223
0.00382345
0.00382466
0.00382587
0.00382709
0.0038283
0.00382951
0.00383073
0.00383194
0.00383316
0.00383437
0.00383559
0.0038368
0.00383802
0.00383924
0.00384045
0.00383883
0.00384005
0.0038441
0.00384532
0.00384654
0.00384776
0.00384897
0.00385019
0.00384859
0.00384981
0.00385385
0.00385507
0.00385347
0.00385469
0.00385873
0.00385995
0.00386117
0.00386239
0.00386361
0.00386483
0.00386605
0.00386727
0.00386849
0.00386971
0.00387094
0.00387216
0.00387338
0.0038746
0.00387304
0.00387705
0.00387827
0.0038795
0.00388072
0.00387917
0.00388317
0.00388439
0.00388285
0.00388684
0.00388807
0.00388929
0.00389052
0.00389175
0.00389297
0.00389145
0.00389543
0.00389665
0.00389788
0.00389911
0.00390033
0.00390156
0.00390279
0.00390402
0.00390525
0.00390374
0.0039077
0.00390893
0.00391016
0.00391139
0.00391262
0.00391113
0.00391508
0.00391631
0.00391754
0.00391878
0.00392001
0.00392124
0.00392247
0.0039237
0.00392493
0.00392347
0.0039274
0.00392863
0.00392986
0.0039311
0.00393233
0.00393357
0.0039348
0.00393603
0.00393727
0.0039385
0.00393974
0.00394097
0.00394221
0.00394344
0.00394468
0.00394592
0.00394715
0.00394839
0.00394963
0.00395086
0.0039521
0.00395334
0.00395457
0.00395581
0.00395705
0.00395829
0.00395953
0.00396077
0.00396201
0.00396324
0.00396448
0.00396572
0.00396696
0.0039682
0.00396944
0.00397069
0.00397193
0.00397317
0.00397441
0.00397565
0.00397689
0.00397813
0.00397938
0.00398062
0.00398186
0.0039831
0.00398435
0.00398559
0.00398684
0.00398808
0.00398932
0.00399057
0.00399181
0.00399306
0.0039943
0.00399555
0.00399679
0.00399804
0.00399928
0.00400053
0.00400178
0.00400302
0.00400427
0.00400552
0.00400677
0.00400801
0.00400926
0.00401051
0.00401176
0.00401301
0.00401425
0.0040155
0.00401675
0.004018
0.00401925
0.0040205
0.00402175
0.004023
0.00402425
0.0040255
0.00402676
0.00402801
0.00402926
0.00403051
0.00403176
0.00403301
0.00403427
0.00403552
0.00403677
0.00403803
0.00403928
0.00404053
0.00404179
0.00404304
0.0040443
0.00404555
0.0040468
0.00404806
0.00404931
0.00405057
0.00405183
0.00405308
0.00405434
0.00405559
0.00405685
0.00405811
0.00405937
0.00406062
0.00406188
0.00406314
0.0040644
0.00406565
0.00406691
0.00406817
0.00406943
0.00407069
0.00407195
0.00407321
0.00407447
0.00407573
0.00407699
0.00407825
0.00407951
0.00408077
0.00408203
0.0040833
0.00408456
0.00408582
0.00408708
0.00408834
0.00408961
0.00409087
0.00409213
0.0040934
0.00409466
0.00409592
0.00409719
0.00409845
0.00409972
0.00410098
0.00410225
0.00410351
0.00410478
0.00410604
0.00410731
0.00410858
0.00410984
0.00411111
0.00411238
0.00411364
0.00411491
0.00411618
0.00411745
0.00411871
0.00411998
0.00412125
0.00412252
0.00412379
0.00412506
0.00412633
0.0041276
0.00412887
0.00413014
0.00413141
0.00413268
0.00413395
0.00413522
0.00413649
0.00413776
0.00413904
0.00414031
0.00414158
0.00414285
0.00414413
0.0041454
0.00414667
0.00414795
0.00414922
0.00415049
0.00415177
0.00415304
0.00415432
0.00415559
0.00415687
0.00415814
0.00415942
0.00416069
0.00416197
0.00416325
0.00416452
0.0041658
0.00416708
0.00416836
0.00416963
0.00417091
0.00417219
0.00417347
0.00417475
0.00417602
0.0041773
0.00417858
0.00417986
0.00418114
0.00418242
0.0041837
0.00418498
0.00418626
0.00418754
0.00418882
0.00419011
0.00419139
0.00419267
0.00419395
0.00419523
0.00419652
0.0041978
0.00419908
0.00420036
0.00420165
0.00420293
0.00420422
0.0042055
0.00420678
0.00420807
0.00420935
0.00421064
0.00421192
0.00421321
0.0042145
0.00421578
0.00421707
0.00421835
0.00421964
0.00422093
0.00422221
0.0042235
0.00422479
0.00422608
0.00422737
0.00422865
0.00422994
0.00423123
0.00423252
0.00423381
0.0042351
0.00423639
0.00423768
0.00423897
0.00424026
0.00424155
0.00424284
0.00424413
0.00424543
0.00424672
0.00424801
0.0042493
0.00425059
0.00425189
0.00425318
0.00425447
0.00425577
0.00425706
0.00425835
0.00425965
0.00426094
0.00426224
0.00426353
0.00426483
0.00426612
0.00426742
0.00426871
0.00427001
0.00427131
0.0042726
0.0042739
0.0042752
0.00427649
0.00427779
0.00427909
0.00428039
0.00428168
0.00428298
0.00428428
0.00428558
0.00428688
0.00428818
0.00428948
0.00429078
0.00429208
0.00429338
0.00429468
0.00429598
0.00429728
0.00429858
0.00429988
0.00430118
0.00430249
0.00430379
0.00430509
0.00430639
0.0043077
0.004309
0.0043103
0.00431161
0.00431291
0.00431421
0.00431552
0.00431682
0.00431813
0.00431943
0.00432074
0.00432204
0.00432335
0.00432466
0.00432596
0.00432727
0.00432858
0.00432988
0.00433119
0.0043325
0.00433381
0.00433511
0.00433642
0.00433773
0.00433904
0.00434035
0.00434166
0.00434297
0.00434428
0.00434559
0.0043469
0.00434821
0.00434952
0.00435083
0.00435214
0.00435345
0.00435476
0.00435607
0.00435738
0.0043587
0.00436001
0.00436132
0.00436264
0.00436395
0.00436526
0.00436658
0.00436789
0.0043692
0.00437052
0.00437183
0.00437315
0.00437446
0.00437578
0.00437709
0.00437841
0.00437973
0.00438104
0.00438236
0.00438368
0.00438499
0.00438631
0.00438763
0.00438895
0.00439026
0.00439158
0.0043929
0.00439422
0.00439554
0.00439686
0.00439818
0.0043995
0.00440082
0.00440214
0.00440346
0.00440478
0.0044061
0.00440742
0.00440874
0.00441006
0.00441138
0.00441271
0.00441403
0.00441535
0.00441667
0.004418
0.00441932
0.00442064
0.00442197
0.00442329
0.00442462
0.00442594
0.00442727
0.00442859
0.00442992
0.00443124
0.00443257
0.00443389
0.00443522
0.00443655
0.00443787
0.0044392
0.00444053
0.00444185
0.00444318
0.00444451
0.00444584
0.00444717
0.0044485
0.00444982
0.00445115
0.00445248
0.00445381
0.00445514
0.00445647
0.0044578
0.00445913
0.00446046
0.0044618
0.00446313
0.00446446
0.00446579
0.00446712
0.00446845
0.00446979
0.00447112
0.00447245
0.00447379
0.00447512
0.00447645
0.00447779
0.00447912
0.00448046
0.00448179
0.00448313
0.00448446
0.0044858
0.00448713
0.00448847
0.0044898
0.00449114
0.00449248
0.00449381
0.00449515
0.00449649
0.00449783
0.00449916
0.0045005
0.00450184
0.00450318
0.00450452
0.00450586
0.0045072
0.00450854
0.00450988
0.00451122
0.00451256
0.0045139
0.00451524
0.00451658
0.00451792
0.00451926
0.0045206
0.00452194
0.00452329
0.00452463
0.00452597
0.00452732
0.00452866
0.00453
0.00453135
0.00453269
0.00453403
0.00453538
0.00453672
0.00453807
0.00453941
0.00454076
0.0045421
0.00454345
0.0045448
0.00454614
0.00454749
0.00454884
0.00455018
0.00455153
0.00455288
0.00455423
0.00455557
0.00455692
0.00455827
0.00455962
0.00456097
0.00456232
0.00456367
0.00456502
0.00456637
0.00456772
0.00456907
0.00457042
0.00457177
0.00457312
0.00457447
0.00457583
0.00457718
0.00457853
0.00457988
0.00458124
0.00458259
0.00458394
0.00458529
0.00458665
0.004588
0.00458936
0.00459071
0.00459207
0.00459342
0.00459478
0.00459613
0.00459749
0.00459884
0.0046002
0.00460156
0.00460291
0.00460427
0.00460563
0.00460698
0.00460834
0.0046097
0.00461106
0.00461242
0.00461378
0.00461513
0.00461649
0.00461785
0.00461921
0.00462057
0.00462193
0.00462329
0.00462465
0.00462601
0.00462738
0.00462874
0.0046301
0.00463146
0.00463282
0.00463418
0.00463555
0.00463691
0.00463827
0.00463964
0.004641
0.00464236
0.00464373
0.00464509
0.00464646
0.00464782
0.00464919
0.00465055
0.00465192
0.00465328
0.00465465
0.00465602
0.00465738
0.00465875
0.00466012
0.00466148
0.00466285
0.00466422
0.00466559
0.00466696
0.00466832
0.00466969
0.00467106
0.00467243
0.0046738
0.00467517
0.00467654
0.00467791
0.00467928
0.00468065
0.00468202
0.00468339
0.00468477
0.00468614
0.00468751
0.00468888
0.00469025
0.00469163
0.004693
0.00469437
0.00469575
0.00469712
0.00469849
0.00469987
0.00470124
0.00470262
0.00470399
0.00470537
0.00470674
0.00470812
0.00470949
0.00471087
0.00471225
0.00471362
0.004715
0.00471638
0.00471776
0.00471913
0.00472051
0.00472189
0.00472327
0.00472465
0.00472603
0.00472741
0.00472878
0.00473016
0.00473154
0.00473292
0.0047343
0.00473569
0.00473707
0.00473845
0.00473983
0.00474121
0.00474259
0.00474397
0.00474536
0.00474674
0.00474812
0.00474951
0.00475089
0.00475227
0.00475366
0.00475504
0.00475643
0.00475781
0.0047592
0.00476058
0.00476197
0.00476335
0.00476474
0.00476612
0.00476751
0.0047689
0.00477028
0.00477167
0.00477306
0.00477445
0.00477583
0.00477722
0.00477861
0.00478
0.00478139
0.00478278
0.00478417
0.00478556
0.00478695
0.00478834
0.00478973
0.00479112
0.00479251
0.0047939
0.00479529
0.00479668
0.00479807
0.00479947
0.00480086
0.00480225
0.00480364
0.00480504
0.00480643
0.00480782
0.00480922
0.00481061
0.00481201
0.0048134
0.0048148
0.00481619
0.00481759
0.00481898
0.00482038
0.00482177
0.00482317
0.00482457
0.00482596
0.00482736
0.00482876
0.00483016
0.00483155
0.00483295
0.00483435
0.00483575
0.00483715
0.00483855
0.00483995
0.00484135
0.00484275
0.00484415
0.00484555
0.00484695
0.00484835
0.00484975
0.00485115
0.00485255
0.00485396
0.00485536
0.00485676
0.00485816
0.00485957
0.00486097
0.00486237
0.00486378
0.00486518
0.00486658
0.00486799
0.00486939
0.0048708
0.0048722
0.00487361
0.00487502
0.00487642
0.00487783
0.00487923
0.00488064
0.00488205
0.00488345
0.00488486
0.00488627
0.00488768
0.00488909
0.00489049
0.0048919
0.00489331
0.00489472
0.00489613
0.00489754
0.00489895
0.00490036
0.00490177
0.00490318
0.00490459
0.004906
0.00490742
0.00490883
0.00491024
0.00491165
0.00491307
0.00491448
0.00491589
0.0049173
0.00491872
0.00492013
0.00492155
0.00492296
0.00492437
0.00492579
0.0049272
0.00492862
0.00493004
0.00493145
0.00493287
0.00493428
0.0049357
0.00493712
0.00493853
0.00493995
0.00494137
0.00494279
0.0049442
0.00494562
0.00494704
0.00494846
0.00494988
0.0049513
0.00495272
0.00495414
0.00495556
0.00495698
0.0049584
0.00495982
0.00496124
0.00496266
0.00496408
0.00496551
0.00496693
0.00496835
0.00496977
0.0049712
0.00497262
0.00497404
0.00497547
0.00497689
0.00497832
0.00497974
0.00498116
0.00498259
0.005
0.00498544
0.00498687
0.00498829
0.00498972
0.00499114
0.005
0.004994
0.00499543
0.00499685
0.00499812
0.00499933
0.005
0.005
0.005
0.005
0.005
0.005
0.005
0.005
0.005
0.005
0.005
0.005
0.005
0.005
0.005
0.005
0.005
0.005
0.005
0.005
0.005
0.005
0.005
0.005
0.005
0.005
0.005
0.005
0.005
0.005
0.005
0.005
0.005
0.005
0.005
0.005
0.005
0.005
0.005
0.005
0.005
0.005
0.005
0.005
0.005
0.005
0.005
0.005
0.005
0.005
0.005
0.005
0.005
0.005
0.005
0.005
0.005
0.005
0.005
0.005
0.005
0.005
0.005
0.005
0.005
0.005
0.005
0.005
0.005
0.005
0.005
0.005
0.005
0.005
0.005
0.005
0.005
0.005
0.005
0.005
0.005
0.005
0.005
0.005
0.005
0.005
0.005
0.005
0.005
0.005
0.005
0.005
0.005
0.005
0.005
0.005
0.005
0.005
0.005
0.005
0.005
0.005
0.005
0.005
0.005
0.005
0.005
0.005
0.005
0.005
0.005
0.005
0.005
0.005
0.005
0.005
0.005
0.005
0.005
0.005
0.005
0.005
0.005
0.005
0.005
0.005
0.005
0.005
0.005
0.005
0.005
0.005
0.005
0.005
0.005
0.005
0.005
0.005
0.005
0.005
0.005
0.005
0.005
0.005
0.005
0.005
0.005
0.005
0.005
0.005
0.005
0.005
0.005
0.005
0.005
0.005
0.005
0.005
0.005
0.005
0.005
0.005
0.005
0.005
0.005
0.005
0.005
0.005
0.005
0.005
0.005
0.005
0.005
0.005
0.005
0.005
0.005
0.005
0.005
0.005
0.005
0.005
0.005
0.005
0.005
0.005
0.005
0.005
0.005
0.005
0.005
0.005
0.005
0.005
0.005
0.005
0.005
0.005
0.005
0.005
0.005
0.005
0.005
0.005
0.005
0.005
0.005
0.005
0.005
0.005
0.005
0.005
0.005
0.005
0.005
0.005
0.005
0.005
0.005
0.005
0.005
0.005
0.005
0.005
0.005
0.005
0.005
0.005
0.005
0.005
0.005
0.005
0.005
0.005
0.005
0.005
0.005
0.005
0.005
0.005
0.005
0.005
0.005
0.005
0.005
0.005
0.005
0.005
0.005
0.005
0.005
0.005
0.005
0.005
0.005
0.005
0.005
0.005
0.005
0.005
0.005
0.005
0.005
0.005
0.005
0.005
0.005
0.005
0.005
0.005
0.005
0.005
0.005
0.005
0.005
0.005
0.005
0.005
0.005
0.005
0.005
0.005
0.005
0.005
0.005
0.005
0.005
0.005
0.005
0.005
0.005
0.005
0.005
0.005
0.005
0.005
0.005
0.005
0.005
0.005
0.005
0.005
0.005
0.005
0.005
0.005
0.005
0.005
0.005
0.005
0.005
0.005
0.005
0.005
0.005
0.005
0.005
0.005
0.005
0.005
0.005
0.005
0.005
0.005
0.005
0.005
0.005
0.005
0.005
0.005
0.005
0.005
0.005
0.005
0.005
0.005
0.005
0.005
0.005
0.005
0.005
0.005
0.005
0.005
0.005
0.005
0.005
0.005
0.005
0.005
0.005
0.005
0.005
0.005
0.005
0.005
0.005
0.005
0.005
0.005
0.005
0.005
0.005
0.005
0.005
0.005
0.005
0.005
0.005
0.005
0.005
0.005
0.005
0.005
0.005
0.005
0.005
0.005
0.005
0.005
0.005
0.005
0.005
0.005
0.005
0.005
0.005
0.005
0.005
0.005
0.005
0.005
0.005
0.005
0.005
0.005
0.005
0.005
0.005
0.005
0.005
0.005
0.005
0.005
0.005
0.005
0.005
0.005
0.005
0.005
0.005
0.005
0.005
0.005
0.005
0.005
0.005
0.005
0.005
0.005
0.005
0.005
0.005
0.005
0.005
0.005
0.005
0.005
0.005
0.005
0.005
0.005
0.005
0.005
0.005
0.005
0.005
0.005
0.005
0.005
0.005
0.005
0.005
0.005
0.005
0.005
0.005
0.005
0.005
0.005
0.005
0.005
0.005
0.005
0.005
0.005
0.005
0.005
0.005
0.005
0.005
0.005
0.005
0.005
0.005
0.005
0.005
0.005
0.005
0.005
0.005
0.005
0.005
0.005
0.005
0.005
0.005
0.005
0.005
0.005
0.005
0.005
0.005
0.005
0.005
0.005
0.005
0.005
0.005
0.005
0.005
0.005
0.005
0.005
0.005
0.005
0.005
0.005
0.005
0.005
0.005
0.005
0.005
0.005
0.005
0.005
0.005
0.005
0.005
0.005
0.005
0.005
0.005
0.005
0.005
0.005
0.005
0.005
0.005
0.005
0.005
0.005
0.005
0.005
0.005
0.005
0.005
0.005
0.005
0.005
0.005
0.005
0.005
0.005
0.005
0.005
0.005
0.005
0.005
0.005
0.005
0.005
0.005
0.005
0.005
0.005
0.005
0.005
0.005
0.005
0.005
0.005
0.005
0.005
0.005
0.005
0.005
0.005
0.005
0.005
0.005
0.005
0.005
0.005
0.005
0.005
0.005
0.005
0.005
0.005
0.005
0.005
0.005
0.005
0.005
0.005
0.005
0.005
0.005
0.005
0.005
0.005
0.005
0.005
0.005
0.005
0.005
0.005
0.005
0.005
0.005
0.005
0.005
0.005
0.005
0.005
0.005
0.005
0.005
0.005
0.005
0.005
0.005
0.005
0.005
0.005
0.005
0.005
0.005
0.005
0.005
0.005
0.005
0.005
0.005
0.005
0.005
0.005
0.005
0.005
0.005
0.005
0.005
0.005
0.005
0.005
0.005
0.005
0.005
0.005
0.005
0.005
0.005
0.005
0.005
0.005
0.005
0.005
0.005
0.005
0.005
0.005
0.005
0.005
0.005
0.005
0.005
0.005
0.005
0.005
0.005
0.005
0.005
0.005
0.005
0.005
0.005
0.005
0.005
0.005
0.005
0.005
0.005
0.005
0.005
0.005
0.005
0.005
0.005
0.005
0.005
0.005
0.005
0.005
0.005
0.005
0.005
0.005
0.005
0.005
0.005
0.005
0.005
0.005
0.005
0.005
0.005
0.005
0.005
0.005
0.005
0.005
0.005
0.005
0.005
0.005
0.005
0.005
0.005
0.005
0.005
0.005
0.005
0.005
0.005
0.005
0.005
0.005
0.005
0.005
0.005
0.005
0.005
0.005
0.005
0.005
0.005
0.005
0.005
0.005
0.005
0.005
0.005
0.005
0.005
0.005
0.005
0.005
0.005
0.005
0.005
0.005
0.005
0.005
0.005
0.005
0.005
0.005
0.005
0.005
0.005
0.005
0.005
0.005
0.005
0.005
0.005
0.005
0.005
0.005
0.005
0.005
0.005
0.005
0.005
0.005
0.005
0.005
0.005
0.005
0.005
0.005
0.005
0.005
0.005
0.005
0.005
0.005
0.005
0.005
0.005
0.005
0.005
0.005
0.005
0.005
0.005
0.005
0.005
0.005
0.005
0.005
0.005
0.005
0.005
0.005
0.005
0.005
0.005
0.005
0.005
0.005
0.005
0.005
0.005
0.005
0.005
0.005
0.005
0.005
0.005
0.005
0.005
0.005
0.005
0.005
0.005
0.005
0.005
0.005
0.005
0.005
0.005
0.005
0.005
0.005
0.005
0.005
0.005
0.005
0.005
0.005
0.005
0.005
0.005
0.005
0.005
0.005
0.005
0.005
0.005
0.005
0.005
0.005
0.005
0.005
0.005
0.005
0.005
0.005
0.005
0.005
0.005
0.005
0.005
0.005
0.005
0.005
0.005
0.005
0.005
0.005
0.005
0.005
0.005
0.005
0.005
0.005
0.005
0.005
0.005
0.005
0.005
0.005
0.005
0.005
0.005
0.005
0.005
0.005
0.005
0.005
0.005
0.005
0.005
0.005
0.005
0.005
0.005
0.005
0.005
0.005
0.005
0.005
0.005
0.005
0.005
0.005
0.005
0.005
0.005
0.005
0.005
0.005
0.005
0.005
0.005
0.005
0.005
0.005
0.005
0.005
0.005
0.005
0.005
0.005
0.005
0.005
0.005
0.005
0.005
0.005
0.005
0.005
0.005
0.005
0.005
0.005
0.005
0.005
0.005
0.005
0.005
0.005
0.005
0.005
0.005
0.005
0.005
0.005
0.005
0.005
0.005
0.005
0.005
0.005
0.005
0.005
0.005
0.005
0.005
0.005
0.005
0.005
0.005
0.005
0.005
0.005
0.005
0.005
0.005
0.005
0.005
0.005
0.005
0.005
0.005
0.005
0.005
0.005
0.005
0.005
0.005
0.005
0.005
0.005
0.005
0.005
0.005
0.005
0.005
0.005
0.005
0.005
0.005
0.005
0.005
0.005
0.005
0.005
0.005
0.005
0.005
0.005
0.005
0.005
0.005
0.005
0.005
0.005
0.005
0.005
0.005
0.005
0.005
0.005
0.005
0.005
0.005
0.005
0.005
0.005
0.005
0.005
0.005
0.005
0.005
0.005
0.005
0.005
0.005
0.005
0.005
0.005
0.005
0.005
0.005
0.005
0.005
0.005
0.005
0.005
0.005
0.005
0.005
0.005
0.005
0.005
0.005
0.005
0.005
0.005
0.005
0.005
0.005
0.005
0.005
0.005
0.005
0.005
0.005
0.005
0.005
0.005
0.005
0.005
0.005
0.005
0.005
0.005
0.005
0.005
0.005
0.005
0.005
0.005
0.005
0.005
0.005
0.005
0.005
0.005
0.005
0.005
0.005
0.005
0.005
0.005
0.005
0.005
0.005
0.005
0.005
0.005
0.005
0.005
0.005
0.005
0.005
0.005
0.005
0.005
0.005
0.005
0.005
0.005
0.005
0.005
0.005
0.005
0.005
0.005
0.005
0.005
0.005
0.005
0.005
0.005
0.005
0.005
0.005
0.005
0.005
0.005
0.005
0.005
0.005
0.005
0.005
0.005
0.005
0.005
0.005
0.005
0.005
0.005
0.005
0.005
0.005
0.005
0.005
0.005
0.005
0.005
0.005
0.005
0.005
0.005
0.005
0.005
0.005
0.005
0.005
0.005
0.005
0.005
0.005
0.005
0.005
0.005
0.005
0.005
0.005
0.005
0.005
0.005
0.005
0.005
0.005
0.005
0.005
0.005
0.005
0.005
0.005
0.005
0.005
0.005
0.005
0.005
0.005
0.005
0.005
0.005
0.005
0.005
0.005
0.005
0.005
0.005
0.005
0.005
0.005
0.005
0.005
0.005
0.005
0.005
0.005
0.005
0.005
0.005
0.005
0.005
0.005
0.005
0.005
0.005
0.005
0.005
0.005
0.005
0.005
0.005
0.005
0.005
0.005
0.005
0.005
0.005
0.005
0.005
0.005
0.005
0.005
0.005
0.005
0.005
0.005
0.005
0.005
0.005
0.005
0.005
0.005
0.005
0.005
0.005
0.005
0.005
0.005
0.005
0.005
0.005
0.005
0.005
0.005
0.005
0.005
0.005
0.005
0.005
0.005
0.005
0.005
0.005
0.005
0.005
0.005
0.005
0.005
0.005
0.005
0.005
0.005
0.005
0.005
0.005
0.005
0.005
0.005
0.005
0.005
0.005
0.005
0.005
0.005
0.005
0.005
0.005
0.005
0.005
0.005
0.005
0.005
0.005
0.005
0.005
0.005
0.005
0.005
0.005
0.005
0.005
0.005
0.005
0.005
0.005
0.005
0.005
0.005
0.005
0.005
0.005
0.005
0.005
0.005
0.005
0.005
0.005
0.005
0.005
0.005
0.005
0.005
0.005
0.005
0.005
0.005
0.005
0.005
0.005
0.005
0.005
0.005
0.005
0.005
0.005
0.005
0.005
0.005
0.005
0.005
0.005
0.005
0.005
0.005
0.005
0.005
0.005
0.005
0.005
0.005
0.005
0.005
0.005
0.005
0.005
0.005
0.005
0.005
0.005
0.005
0.005
0.005
0.005
0.005
0.005
0.005
0.005
0.005
0.005
0.005
0.005
0.005
0.005
0.005
0.005
0.005
0.005
0.005
0.005
0.005
0.005
0.005
0.005
0.005
0.005
0.005
0.005
0.005
0.005
0.005
0.005
0.005
0.005
0.005
0.005
0.005
0.005
0.005
0.005
0.005
0.005
0.005
0.005
0.005
0.005
0.005
0.005
0.005
0.005
0.005
0.005
0.005
0.005
0.005
0.005
0.005
0.005
0.005
0.005
0.005
0.005
0.005
0.005
0.005
0.005
0.005
0.005
0.005
0.005
0.005
0.005
0.005
0.005
0.005
0.005
0.005
0.005
0.005
0.005
0.005
0.005
0.005
0.005
0.005
0.005
0.005
0.005
0.005
0.005
0.005
0.005
0.005
0.005
0.005
0.005
0.005
0.005
0.005
0.005
0.005
0.005
0.005
0.005
0.005
0.005
0.005
0.005
0.005
0.005
0.005
0.005
0.005
0.005
0.005
0.005
0.005
0.005
0.005
0.005
0.005
0.005
0.005
0.005
0.005
0.005
0.005
0.005
0.005
0.005
0.005
0.005
0.005
0.005
0.005
0.005
0.005
0.005
0.005
0.005
0.005
0.005
0.005
0.005
0.005
0.005
0.005
0.005
0.005
0.005
0.005
0.005
0.005
0.005
0.005
0.005
0.005
0.005
0.005
0.005
0.005
0.005
0.005
0.005
0.005
0.005
0.005
0.005
0.005
0.005
0.005
0.005
0.005
0.005
0.005
0.005
0.005
0.005
0.005
0.005
0.005
0.005
0.005
0.005
0.005
0.005
0.005
0.005
0.005
0.005
0.005
0.005
0.005
0.005
0.005
0.005
0.005
0.005
0.005
0.005
0.005
0.005
0.005
0.005
0.005
0.005
0.005
0.005
0.005
0.005
0.005
0.005
0.005
0.005
0.005
0.005
0.005
0.005
0.005
0.005
0.005
0.005
0.005
0.005
0.005
0.005
0.005
0.005
0.005
0.005
0.005
0.005
0.005
0.005
0.005
0.005
0.005
0.005
0.005
0.005
0.005
0.005
0.005
0.005
0.005
0.005
0.005
0.005
0.005
0.005
0.005
0.005
0.005
0.005
0.005
0.005
0.005
0.005
0.005
0.005
0.005
0.005
0.005
0.005
0.005
0.005
0.005
0.005
0.005
0.005
0.005
0.005
0.005
0.005
0.005
0.005
0.005
0.005
0.005
0.005
0.005
0.005
0.005
0.005
0.005
0.005
0.005
0.005
0.005
0.005
0.005
0.005
0.005
0.005
0.005
0.005
0.005
0.005
0.005
0.005
0.005
0.005
0.005
0.005
0.005
0.005
0.005
0.005
0.005
0.005
0.005
0.005
0.005
0.005
0.005
0.005
0.005
0.005
0.005
0.005
0.005
0.005
0.005
0.005
0.005
0.005
0.005
0.005
0.005
0.005
0.005
0.005
0.005
0.005
0.005
0.005
0.005
0.005
0.005
0.005
0.005
0.005
0.005
0.005
0.005
0.005
0.005
0.005
0.005
0.005
0.005
0.005
0.005
0.005
0.005
0.005
0.005
0.005
0.005
0.005
0.005
0.005
0.005
0.005
0.005
0.005
0.005
0.005
0.005
0.005
0.005
0.005
0.005
0.005
0.005
0.005
0.005
0.005
0.005
0.005
0.005
0.005
0.005
0.005
0.005
0.005
0.005
0.005
0.005
0.005
0.005
0.005
0.005
0.005
0.005
0.005
0.005
0.005
0.005
0.005
0.005
0.005
0.005
0.005
0.005
0.005
0.005
0.005
0.005
0.005
0.005
0.005
0.005
0.005
0.005
0.005
0.005
0.005
0.005
0.005
0.005
0.005
0.005
0.005
0.005
0.005
0.005
0.005
0.005
0.005
0.005
0.005
0.005
0.005
0.005
0.005
0.005
0.005
0.005
0.005
0.005
0.005
0.005
0.005
0.005
0.005
0.005
0.005
0.005
0.005
0.005
0.005
0.005
0.005
0.005
0.005
0.005
0.005
0.005
0.005
0.005
0.005
0.005
0.005
0.005
0.005
0.005
0.005
0.005
0.005
0.005
0.005
0.005
0.005
0.005
0.005
0.005
0.005
0.005
0.005
0.005
0.005
0.005
0.005
0.005
0.005
0.005
0.005
0.005
0.005
0.005
0.005
0.005
0.005
0.005
0.005
0.005
0.005
0.005
0.005
0.005
0.005
0.005
0.005
0.005
0.005
0.005
0.005
0.005
0.005
0.005
0.005
0.005
0.005
0.005
0.005
0.005
0.005
0.005
0.005
0.005
0.005
0.005
0.005
0.005
0.005
0.005
0.005
0.005
0.005
0.005
0.005
0.005
0.005
0.005
0.005
0.005
0.005
0.005
0.005
0.005
0.005
0.005
0.005
0.005
0.005
0.005
0.005
0.005
0.005
0.005
0.005
0.005
0.005
0.005
0.005
0.005
0.005
0.005
0.005
0.005
0.005
0.005
0.005
0.005
0.005
0.005
0.005
0.005
0.005
0.005
0.005
0.005
0.005
0.005
0.005
0.005
0.005
0.005
0.005
0.005
0.005
0.005
0.005
0.005
0.005
0.005
0.005
0.005
0.005
0.005
0.005
0.005
0.005
0.005
0.005
0.005
0.005
0.005
0.005
0.005
0.005
0.005
0.005
0.005
0.005
0.005
0.005
0.005
0.005
0.005
0.005
0.005
0.005
0.005
0.005
0.005
0.005
0.005
0.005
0.005
0.005
0.005
0.005
0.005
0.005
0.005
0.005
0.005
0.005
0.005
0.005
0.005
0.005
0.005
0.005
0.005
0.005
0.005
0.005
0.005
0.005
0.005
0.005
0.005
0.005
0.005
0.005
0.005
0.005
0.005
0.005
0.005
0.005
0.005
0.005
0.005
0.005
0.005
0.005
0.005
0.005
0.005
0.005
0.005
0.005
0.005
0.005
0.005
0.005
0.005
0.005
0.005
0.005
0.005
0.005
0.005
0.005
0.005
0.005
0.005
0.005
0.005
0.005
0.005
0.005
0.005
0.005
0.005
0.005
0.005
0.005
0.005
0.005
0.005
0.005
0.005
0.005
0.005
0.005
0.005
0.005
0.005
0.005
0.005
0.005
0.005
0.005
0.005
0.005
0.005
0.005
0.005
0.005
0.005
0.005
0.005
0.005
0.005
0.005
0.005
0.005
0.005
0.005
0.005
0.005
0.005
0.005
0.005
0.005
0.005
0.005
0.005
0.005
0.005
0.005
0.005
0.005
0.005
0.005
0.005
0.005
0.005
0.005
0.005
0.005
0.005
0.005
0.005
0.005
0.005
0.005
0.005
0.005
0.005
0.005
0.005
0.005
0.005
0.005
0.005
0.005
0.005
0.005
0.005
0.005
0.005
0.005
0.005
0.005
0.005
0.005
0.005
0.005
0.005
0.005
0.005
0.005
0.005
0.005
0.005
0.005
0.005
0.005
0.005
0.005
0.005
0.005
0.005
0.005
0.005
0.005
0.005
0.005
0.005
0.005
0.005
0.005
0.005
0.005
0.005
0.005
0.005
0.005
0.005
0.005
0.005
0.005
0.005
0.005
0.005
0.005
0.005
0.005
0.005
0.005
0.005
0.005
0.005
0.005
0.005
0.005
0.005
0.005
0.005
0.005
0.005
0.005
0.005
0.005
0.005
0.005
0.005
0.005
0.005
0.005
0.005
0.005
0.005
0.005
0.005
0.005
0.005
0.005
0.005
0.005
0.005
0.005
0.005
0.005
0.005
0.005
0.005
0.005
0.005
0.005
0.005
0.005
0.005
0.005
0.005
0.005
0.005
0.005
0.005
0.005
0.005
0.005
0.005
0.005
0.005
0.005
0.005
0.005
0.005
0.005
0.005
0.005
0.005
0.005
0.005
0.005
0.005
0.005
0.005
0.005
0.005
0.005
0.005
0.005
0.005
0.005
0.005
0.005
0.005
0.005
0.005
0.005
0.005
0.005
0.005
0.005
0.005
0.005
0.005
0.005
0.005
0.005
0.005
0.005
0.005
0.005
0.005
0.005
0.005
0.005
0.005
0.005
0.005
0.005
0.005
0.005
0.005
0.005
0.005
0.005
0.005
0.005
0.005
0.005
0.005
0.005
0.005
0.005
0.005
0.005
0.005
0.005
0.005
0.005
0.005
0.005
0.005
0.005
0.005
0.005
0.005
0.005
0.005
0.005
0.005
0.005
0.005
0.005
0.005
0.005
0.005
0.005
0.005
0.005
0.005
0.005
0.005
0.005
0.005
0.005
0.005
0.005
0.005
0.005
0.005
0.005
0.005
0.005
0.005
0.005
0.005
0.005
0.005
0.005
0.005
0.005
0.005
0.005
0.005
0.005
0.005
0.005
0.005
0.005
0.005
0.005
0.005
0.005
0.005
0.005
0.005
0.005
0.005
0.005
0.005
0.005
0.005
0.005
0.005
0.005
0.005
0.005
0.005
0.005
0.005
0.005
0.005
0.005
0.005
0.005
0.005
0.005
0.005
0.005
0.005
0.005
0.005
0.005
0.005
0.005
0.005
0.005
0.005
0.005
0.005
0.005
0.005
0.005
0.005
0.005
0.005
0.005
0.005
0.005
0.005
0.005
0.005
0.005
0.005
0.005
0.005
0.005
0.005
0.005
0.005
0.005
0.005
0.005
0.005
0.005
0.005
0.005
0.005
0.005
0.005
0.005
0.005
0.005
0.005
0.005
0.005
0.005
0.005
0.005
0.005
0.005
0.005
0.005
0.005
0.005
0.005
0.005
0.005
0.005
0.005
0.005
0.005
0.005
0.005
0.005
0.005
0.005
0.005
0.005
0.005
0.005
0.005
0.005
0.005
0.005
0.005
0.005
0.005
0.005
0.005
0.005
0.005
0.005
0.005
0.005
0.005
0.005
0.005
0.005
0.005
0.005
0.005
0.005
0.005
0.005
0.005
0.005
0.005
0.005
0.005
0.005
0.005
0.005
0.005
0.005
0.005
0.005
0.005
0.005
0.005
0.005
0.005
0.005
0.005
0.005
0.005
0.005
0.005
0.005
0.005
0.005
0.005
0.005
0.005
0.005
0.005
0.005
0.005
0.005
0.005
0.005
0.005
0.005
0.005
0.005
0.005
0.005
0.005
0.005
0.005
0.005
0.005
0.005
0.005
0.005
0.005
0.005
0.005
0.005
0.005
0.005
0.005
0.005
0.005
0.005
0.005
0.005
0.005
0.005
0.005
0.005
0.005
0.005
0.005
0.005
0.005
0.005
0.005
0.005
0.005
0.005
0.005
0.005
0.005
0.005
0.005
0.005
0.005
0.005
0.005
0.005
0.005
0.005
0.005
0.005
0.005
0.005
0.005
0.005
0.005
0.005
0.005
0.005
0.005
0.005
0.005
0.005
0.005
0.005
0.005
0.005
0.005
0.005
0.005
0.005
0.005
0.005
0.005
0.005
0.005
0.005
0.005
0.005
0.005
0.005
0.005
0.005
0.005
0.005
0.005
0.005
0.005
0.005
0.005
0.005
0.005
0.005
0.005
0.005
0.005
0.005
0.005
0.005
0.005
0.005
0.005
0.005
0.005
0.005
0.005
0.005
0.005
0.005
0.005
0.005
0.005
0.005
0.005
0.005
0.005
0.005
0.005
0.005
0.005
0.005
0.005
0.005
0.005
0.005
0.005
0.005
0.005
0.005
0.005
0.005
0.005
0.005
0.005
0.005
0.005
0.005
0.005
0.005
0.005
0.005
0.005
0.005
0.005
0.005
0.005
0.005
0.005
0.005
0.005
0.005
0.005
0.005
0.005
0.005
0.005
0.005
0.005
0.005
0.005
0.005
0.005
0.005
0.005
0.005
0.005
0.005
0.005
0.005
0.005
0.005
0.005
0.005
0.005
0.005
0.005
0.005
0.005
0.005
0.005
0.005
0.005
0.005
0.005
0.005
0.005
0.005
0.005
0.005
0.005
0.005
0.005
0.005
0.005
0.005
0.005
0.005
0.005
0.005
0.005
0.005
0.005
0.005
0.005
0.005
0.005
0.005
0.005
0.005
0.005
0.005
0.005
0.005
0.005
0.005
0.005
0.005
0.005
0.005
0.005
0.005
0.005
0.005
0.005
0.005
0.005
0.005
0.005
0.005
0.005
0.005
0.005
0.005
0.005
0.005
0.005
0.005
0.005
0.005
0.005
0.005
0.005
0.005
0.005
0.005
0.005
0.005
0.005
0.005
0.005
0.005
0.005
0.005
0.005
0.005
0.005
0.005
0.005
0.005
0.005
0.005
0.005
0.005
0.005
0.005
0.005
0.005
0.005
0.005
0.005
0.005
0.005
0.005
0.005
0.005
0.005
0.005
0.005
0.005
0.005
0.005
0.005
0.005
0.005
0.005
0.005
0.005
0.005
0.005
0.005
0.005
0.005
0.005
0.005
0.005
0.005
0.005
0.005
0.005
0.005
0.005
0.005
0.005
0.005
0.005
0.005
0.005
0.005
0.005
0.005
0.005
0.005
0.005
0.005
0.005
0.005
0.005
0.005
0.005
0.005
0.005
0.005
0.005
0.005
0.005
0.005
0.005
0.005
0.005
0.005
0.005
0.005
0.005
0.005
0.005
0.005
0.005
0.005
0.005
0.005
0.005
0.005
0.005
0.005
0.005
0.005
0.005
0.005
0.005
0.005
0.005
0.005
0.005
0.005
0.005
0.005
0.005
0.005
0.005
0.005
0.005
0.005
0.005
0.005
0.005
0.005
0.005
0.005
0.005
0.005
0.005
0.005
0.005
0.005
0.005
0.005
0.005
0.005
0.005
0.005
0.005
0.005
0.005
0.005
0.005
0.005
0.005
0.005
0.005
0.005
0.005
0.005
0.005
0.005
0.005
0.005
0.005
0.005
0.005
0.005
0.005
0.005
0.005
0.005
0.005
0.005
0.005
0.005
0.005
0.005
0.005
0.005
0.005
0.005
0.005
0.005
0.005
0.005
0.005
0.005
0.005
0.005
0.005
0.005
0.005
0.005
0.005
0.005
0.005
0.005
0.005
0.005
0.005
0.005
0.005
0.005
0.005
0.005
0.005
0.005
0.005
0.005
0.005
0.005
0.005
0.005
0.005
0.005
0.005
0.005
0.005
0.005
0.005
0.005
0.005
0.005
0.005
0.005
0.005
0.005
0.005
0.005
0.005
0.005
0.005
0.005
0.005
0.005
0.005
0.005
0.005
0.005
0.005
0.005
0.005
0.005
0.005
0.005
0.005
0.005
0.005
0.005
0.005
0.005
0.005
0.005
0.005
0.005
0.005
0.005
0.005
0.005
0.005
0.005
0.005
0.005
0.005
0.005
0.005
0.005
0.005
0.005
0.005
0.005
0.005
0.005
0.005
0.005
0.005
0.005
0.005
0.005
0.005
0.005
0.005
0.005
0.005
0.005
0.005
0.005
0.005
0.005
0.005
0.005
0.005
0.005
0.005
0.005
0.005
0.005
0.005
0.005
0.005
0.005
0.005
0.005
0.005
0.005
0.005
0.005
0.005
0.005
0.005
0.005
0.005
0.005
0.005
0.005
0.005
0.005
0.005
0.005
0.005
0.005
0.005
0.005
0.005
0.005
0.005
0.005
0.005
0.005
0.005
0.005
0.005
0.005
0.005
0.005
0.005
0.005
0.005
0.005
0.005
0.005
0.005
0.005
0.005
0.005
0.005
0.005
0.005
0.005
0.005
0.005
0.005
0.005
0.005
0.005
0.005
0.005
0.005
0.005
0.005
0.005
0.005
0.005
0.005
0.005
0.005
0.005
0.005
0.005
0.005
0.005
0.005
0.005
0.005
0.005
0.005
0.005
0.005
0.005
0.005
0.005
0.005
0.005
0.005
0.005
0.005
0.005
0.005
0.005
0.005
0.005
0.005
0.005
0.005
0.005
0.005
0.005
0.005
0.005
0.005
0.005
0.005
0.005
0.005
0.005
0.005
0.005
0.005
0.005
0.005
0.005
0.005
0.005
0.005
0.005
0.005
0.005
0.005
0.005
0.005
0.005
0.005
0.005
0.005
0.005
0.005
0.005
0.005
0.005
0.005
0.005
0.005
0.005
0.005
0.005
0.005
0.005
0.005
0.005
0.005
0.005
0.005
0.005
0.005
0.005
0.005
0.005
0.005
0.005
0.005
0.005
0.005
0.005
0.005
0.005
0.005
0.005
0.005
0.005
0.005
0.005
0.005
0.005
0.005
0.005
0.005
0.005
0.005
0.005
0.005
0.005
0.005
0.005
0.005
0.005
0.005
0.005
0.005
0.005
0.005
0.005
0.005
0.005
0.005
0.005
0.005
0.005
0.005
0.005
0.005
0.005
0.005
0.005
0.005
0.005
0.005
0.005
0.005
0.005
0.005
0.005
0.005
0.005
0.005
0.005
0.005
0.005
0.005
0.005
0.005
0.005
0.005
0.005
0.005
0.005
0.005
0.005
0.005
0.005
0.005
0.005
0.005
0.005
0.005
0.005
0.005
0.005
0.005
0.005
0.005
0.005
0.005
0.005
0.005
0.005
0.005
0.005
0.005
0.005
0.005
0.005
0.005
0.005
0.005
0.005
0.005
0.005
0.005
0.005
0.005
0.005
0.005
0.005
0.005
0.005
0.005
0.005
0.005
0.005
0.005
0.005
0.005
0.005
0.005
0.005
0.005
0.005
0.005
0.005
0.005
0.005
0.005
0.005
0.005
0.005
0.005
0.005
0.005
0.005
0.005
0.005
0.005
0.005
0.005
0.005
0.005
0.005
0.005
0.005
0.005
0.005
0.005
0.005
0.005
0.005
0.005
0.005
0.005
0.005
0.005
0.005
0.005
0.005
0.005
0.005
0.005
0.005
0.005
0.005
0.005
0.005
0.005
0.005
0.005
0.005
0.005
0.005
0.005
0.005
0.005
0.005
0.005
0.005
0.005
0.005
0.005
0.005
0.005
0.005
0.005
0.005
0.005
0.005
0.005
0.005
0.005
0.005
0.005
0.005
0.005
0.005
0.005
0.005
0.005
0.005
0.005
0.005
0.005
0.005
0.005
0.005
0.005
0.005
0.005
0.005
0.005
0.005
0.005
0.005
0.005
0.005
0.005
0.005
0.005
0.005
0.005
0.005
0.005
0.005
0.005
0.005
0.005
0.005
0.005
0.005
0.005
0.005
0.005
0.005
0.005
0.005
0.005
0.005
0.005
0.005
0.005
0.005
0.005
0.005
0.005
0.005
0.005
0.005
0.005
0.005
0.005
0.005
0.005
0.005
0.005
0.005
0.005
0.005
0.005
0.005
0.005
0.005
0.005
0.005
0.005
0.005
0.005
0.005
0.005
0.005
0.005
0.005
0.005
0.005
0.005
0.005
0.005
0.005
0.005
0.005
0.005
0.005
0.005
0.005
0.005
0.005
0.005
0.005
0.005
0.005
0.005
0.005
0.005
0.005
0.005
0.005
0.005
0.005
0.005
0.005
0.005
0.005
0.005
0.005
0.005
0.005
0.005
0.005
0.005
0.005
0.005
0.005
0.005
0.005
0.005
0.005
0.005
0.005
0.005
0.005
0.005
0.005
0.005
0.005
0.005
0.005
0.005
0.005
0.005
0.005
0.005
0.005
0.005
0.005
0.005
0.005
0.005
0.005
0.005
0.005
0.005
0.005
0.005
0.005
0.005
0.005
0.005
0.005
0.005
0.005
0.005
0.005
0.005
0.005
0.005
0.005
0.005
0.005
0.005
0.005
0.005
0.005
0.005
0.005
0.005
0.005
0.005
0.005
0.005
0.005
0.005
0.005
0.005
0.005
0.005
0.005
0.005
0.005
0.005
0.005
0.005
0.005
0.005
0.005
0.005
0.005
0.005
0.005
0.005
0.005
0.005
0.005
0.005
0.005
0.005
0.005
0.005
0.005
0.005
0.005
0.005
0.005
0.005
0.005
0.005
0.005
0.005
0.005
0.005
0.005
0.005
0.005
0.005
0.005
0.005
0.005
0.005
0.005
0.005
0.005
0.005
0.005
0.005
0.005
0.005
