0.00123174
0.00134296
0.0014523
0.00155983
0.00166559
0.00176965
0.00187205
0.00197284
0.00207206
0.00216976
0.00226597
0.00236073
0.00245408
0.00254606
0.00263668
0.00272599
0.00281402
0.00290078
0.00298631
0.00307064
0.00315378
0.00323576
0.00331661
0.00339634
0.00347497
0.00355253
0.00362903
0.00370449
0.00377893
0.00385236
0.00392481
0.00399628
0.0040668
0.00413637
0.00420502
0.00427275
0.00433957
0.00440551
0.00447058
0.00453478
0.00459813
0.00466063
0.00472231
0.00478317
0.00484323
0.00490248
0.00496095
0.00501865
0.00507558
0.00513175
0.00518717
0.00524186
0.00529581
0.00534905
0.00540158
0.0054534
0.00550453
0.00555498
0.00560474
0.00565384
0.00570228
0.00575007
0.00579721
0.00584372
0.00588959
0.00593485
0.00597949
0.00602352
0.00606696
0.0061098
0.00615206
0.00619374
0.00623486
0.00627541
0.00631541
0.00635485
0.00639376
0.00643213
0.00646997
0.00650729
0.0065441
0.0065804
0.0066162
0.00665151
0.00668633
0.00672066
0.00675452
0.00678791
0.00682084
0.00685332
0.00688534
0.00691692
0.00694807
0.00697878
0.00700906
0.00703893
0.00706838
0.00709743
0.00712607
0.00715431
0.00718217
0.00720964
0.00723673
0.00726345
0.00728979
0.00731578
0.00734141
0.00736668
0.00739161
0.00741619
0.00744044
0.00746435
0.00748794
0.00751121
0.00753415
0.00755679
0.00757912
0.00760114
0.00762287
0.0076443
0.00766544
0.0076863
0.00770687
0.00772717
0.0077472
0.00776696
0.00778645
0.00780569
0.00782467
0.0078434
0.00786188
0.00788011
0.00789811
0.00791587
0.0079334
0.00795069
0.00796776
0.00798461
0.00800125
0.00801766
0.00803387
0.00804986
0.00806565
0.00808124
0.00809663
0.00811183
0.00812683
0.00814164
0.00815627
0.00817071
0.00818497
0.00819905
0.00821296
0.00822669
0.00824026
0.00825366
0.00826689
0.00827996
0.00829287
0.00830562
0.00831822
0.00833067
0.00834297
0.00835512
0.00836712
0.00837898
0.0083907
0.00840228
0.00841373
0.00842504
0.00843622
0.00844726
0.00845818
0.00846897
0.00847964
0.00849018
0.00850061
0.00851091
0.0085211
0.00853117
0.00854113
0.00855097
0.00856071
0.00857033
0.00857985
0.00858926
0.00859857
0.00860778
0.00861689
0.00862589
0.0086348
0.00864361
0.00865233
0.00866095
0.00866948
0.00867791
0.00868626
0.00869452
0.00870269
0.00871078
0.00871878
0.0087267
0.00873454
0.00874229
0.00874996
0.00875756
0.00876507
0.00877251
0.00877988
0.00878717
0.00879438
0.00880153
0.0088086
0.0088156
0.00882253
0.00882939
0.00883619
0.00884291
0.00884958
0.00885617
0.0088627
0.00886917
0.00887558
0.00888192
0.00888821
0.00889443
0.0089006
0.0089067
0.00891275
0.00891874
0.00892468
0.00893056
0.00893638
0.00894215
0.00894787
0.00895354
0.00895915
0.00896471
0.00897022
0.00897568
0.0089811
0.00898646
0.00899177
0.00899704
0.00900226
0.00900744
0.00901257
0.00901765
0.00902269
0.00902768
0.00903263
0.00903754
0.00904241
0.00904723
0.00905201
0.00905675
0.00906145
0.00906612
0.00907074
0.00907532
0.00907986
0.00908437
0.00908884
0.00909327
0.00909766
0.00910202
0.00910634
0.00911063
0.00911488
0.0091191
0.00912328
0.00912743
0.00913155
0.00913563
0.00913968
0.0091437
0.00914768
0.00915163
0.00915556
0.00915945
0.00916331
0.00916714
0.00917094
0.00917471
0.00917846
0.00918217
0.00918586
0.00918951
0.00919314
0.00919674
0.00920032
0.00920387
0.00920739
0.00921088
0.00921435
0.00921779
0.00922121
0.0092246
0.00922796
0.0092313
0.00923462
0.00923791
0.00924118
0.00924443
0.00924765
0.00925085
0.00925402
0.00925717
0.0092603
0.00926341
0.0092665
0.00926956
0.0092726
0.00927562
0.00927862
0.0092816
0.00928456
0.0092875
0.00929041
0.00929331
0.00929619
0.00929904
0.00930188
0.0093047
0.0093075
0.00931028
0.00931304
0.00931578
0.00931851
0.00932121
0.0093239
0.00932657
0.00932922
0.00933186
0.00933448
0.00933708
0.00933966
0.00934223
0.00934478
0.00934731
0.00934983
0.00935233
0.00935481
0.00935728
0.00935973
0.00936217
0.00936459
0.009367
0.00936939
0.00937176
0.00937413
0.00937647
0.0093788
0.00938112
0.00938342
0.00938571
0.00938799
0.00939025
0.00939249
0.00939473
0.00939695
0.00939915
0.00940134
0.00940352
0.00940569
0.00940784
0.00940998
0.00941211
0.00941422
0.00941632
0.00941841
0.00942049
0.00942256
0.00942461
0.00942665
0.00942868
0.00943069
0.0094327
0.00943469
0.00943668
0.00943865
0.00944061
0.00944255
0.00944449
0.00944642
0.00944833
0.00945023
0.00945213
0.00945401
0.00945588
0.00945774
0.00945959
0.00946144
0.00946327
0.00946509
0.0094669
0.0094687
0.00947049
0.00947227
0.00947404
0.0094758
0.00947755
0.00947929
0.00948102
0.00948275
0.00948446
0.00948616
0.00948786
0.00948955
0.00949122
0.00949289
0.00949455
0.0094962
0.00949784
0.00949948
0.0095011
0.00950272
0.00950433
0.00950593
0.00950752
0.0095091
0.00951067
0.00951224
0.0095138
0.00951535
0.00951689
0.00951843
0.00951995
0.00952147
0.00952298
0.00952449
0.00952598
0.00952747
0.00952895
0.00953043
0.00953189
0.00953335
0.0095348
0.00953625
0.00953768
0.00953911
0.00954054
0.00954195
0.00954336
0.00954476
0.00954616
0.00954755
0.00954893
0.0095503
0.00955167
0.00955303
0.00955439
0.00955574
0.00955708
0.00955842
0.00955975
0.00956107
0.00956239
0.0095637
0.009565
0.0095663
0.00956759
0.00956888
0.00957016
0.00957143
0.0095727
0.00957396
0.00957522
0.00957647
0.00957772
0.00957896
0.00958019
0.00958142
0.00958264
0.00958386
0.00958507
0.00958627
0.00958747
0.00958867
0.00958986
0.00959104
0.00959222
0.00959339
0.00959456
0.00959572
0.00959688
0.00959803
0.00959918
0.00960032
0.00960146
0.00960259
0.00960372
0.00960484
0.00960596
0.00960707
0.00960818
0.00960929
0.00961038
0.00961148
0.00961257
0.00961365
0.00961473
0.0096158
0.00961687
0.00961794
0.009619
0.00962006
0.00962111
0.00962216
0.0096232
0.00962424
0.00962527
0.0096263
0.00962733
0.00962835
0.00962937
0.00963038
0.00963139
0.00963239
0.00963339
0.00963439
0.00963538
0.00963637
0.00963736
0.00963834
0.00963931
0.00964028
0.00964125
0.00964222
0.00964318
0.00964413
0.00964508
0.00964603
0.00964698
0.00964792
0.00964886
0.00964979
0.00965072
0.00965165
0.00965257
0.00965349
0.0096544
0.00965531
0.00965622
0.00965713
0.00965803
0.00965892
0.00965982
0.00966071
0.0096616
0.00966248
0.00966336
0.00966423
0.00966511
0.00966598
0.00966684
0.00966771
0.00966857
0.00966942
0.00967028
0.00967113
0.00967197
0.00967282
0.00967366
0.00967449
0.00967533
0.00967616
0.00967699
0.00967781
0.00967863
0.00967945
0.00968027
0.00968108
0.00968189
0.0096827
0.0096835
0.0096843
0.0096851
0.00968589
0.00968668
0.00968747
0.00968826
0.00968904
0.00968982
0.0096906
0.00969137
0.00969214
0.00969291
0.00969368
0.00969444
0.0096952
0.00969596
0.00969672
0.00969747
0.00969822
0.00969896
0.00969971
0.00970045
0.00970119
0.00970193
0.00970266
0.00970339
0.00970412
0.00970485
0.00970557
0.00970629
0.00970701
0.00970773
0.00970844
0.00970915
0.00970986
0.00971056
0.00971127
0.00971197
0.00971267
0.00971336
0.00971406
0.00971475
0.00971544
0.00971613
0.00971681
0.00971749
0.00971817
0.00971885
0.00971953
0.0097202
0.00972087
0.00972154
0.0097222
0.00972287
0.00972353
0.00972419
0.00972485
0.0097255
0.00972616
0.00972681
0.00972746
0.0097281
0.00972875
0.00972939
0.00973003
0.00973067
0.0097313
0.00973194
0.00973257
0.0097332
0.00973383
0.00973445
0.00973508
0.0097357
0.00973632
0.00973693
0.00973755
0.00973816
0.00973877
0.00973938
0.00973999
0.0097406
0.0097412
0.0097418
0.0097424
0.009743
0.0097436
0.00974419
0.00974478
0.00974537
0.00974596
0.00974655
0.00974714
0.00974772
0.0097483
0.00974888
0.00974946
0.00975003
0.00975061
0.00975118
0.00975175
0.00975232
0.00975289
0.00975345
0.00975401
0.00975458
0.00975514
0.00975569
0.00975625
0.00975681
0.00975736
0.00975791
0.00975846
0.00975901
0.00975955
0.0097601
0.00976064
0.00976118
0.00976172
0.00976226
0.0097628
0.00976333
0.00976387
0.0097644
0.00976493
0.00976546
0.00976599
0.00976651
0.00976704
0.00976756
0.00976808
0.0097686
0.00976912
0.00976963
0.00977015
0.00977066
0.00977117
0.00977168
0.00977219
0.0097727
0.0097732
0.00977371
0.00977421
0.00977471
0.00977521
0.00977571
0.00977621
0.0097767
0.0097772
0.00977769
0.00977818
0.00977867
0.00977916
0.00977965
0.00978013
0.00978062
0.0097811
0.00978158
0.00978206
0.00978254
0.00978302
0.0097835
0.00978397
0.00978445
0.00978492
0.00978539
0.00978586
0.00978633
0.00978679
0.00978726
0.00978772
0.00978819
0.00978865
0.00978911
0.00978957
0.00979003
0.00979048
0.00979094
0.00979139
0.00979185
0.0097923
0.00979275
0.0097932
0.00979364
0.00979409
0.00979454
0.00979498
0.00979542
0.00979587
0.00979631
0.00979675
0.00979718
0.00979762
0.00979806
0.00979849
0.00979893
0.00979936
0.00979979
0.00980022
0.00980065
0.00980108
0.0098015
0.00980193
0.00980235
0.00980278
0.0098032
0.00980362
0.00980404
0.00980446
0.00980488
0.00980529
0.00980571
0.00980612
0.00980654
0.00980695
0.00980736
0.00980777
0.00980818
0.00980859
0.009809
0.0098094
0.00980981
0.00981021
0.00981061
0.00981102
0.00981142
0.00981182
0.00981221
0.00981261
0.00981301
0.0098134
0.0098138
0.00981419
0.00981459
0.00981498
0.00981537
0.00981576
0.00981615
0.00981653
0.00981692
0.00981731
0.00981769
0.00981807
0.00981846
0.00981884
0.00981922
0.0098196
0.00981998
0.00982036
0.00982073
0.00982111
0.00982149
0.00982186
0.00982223
0.00982261
0.00982298
0.00982335
0.00982372
0.00982409
0.00982445
0.00982482
0.00982519
0.00982555
0.00982592
0.00982628
0.00982664
0.009827
0.00982736
0.00982772
0.00982808
0.00982844
0.0098288
0.00982916
0.00982951
0.00982987
0.00983022
0.00983057
0.00983092
0.00983128
0.00983163
0.00983198
0.00983232
0.00983267
0.00983302
0.00983337
0.00983371
0.00983406
0.0098344
0.00983474
0.00983508
0.00983543
0.00983577
0.00983611
0.00983644
0.00983678
0.00983712
0.00983746
0.00983779
0.00983813
0.00983846
0.0098388
0.00983913
0.00983946
0.00983979
0.00984012
0.00984045
0.00984078
0.00984111
0.00984143
0.00984176
0.00984209
0.00984241
0.00984274
0.00984306
0.00984338
0.0098437
0.00984403
0.00984435
0.00984467
0.00984499
0.0098453
0.00984562
0.00984594
0.00984625
0.00984657
0.00984689
0.0098472
0.00984751
0.00984783
0.00984814
0.00984845
0.00984876
0.00984907
0.00984938
0.00984969
0.00984999
0.0098503
0.00985061
0.00985091
0.00985122
0.00985152
0.00985183
0.00985213
0.00985243
0.00985273
0.00985303
0.00985334
0.00985364
0.00985393
0.00985423
0.00985453
0.00985483
0.00985512
0.00985542
0.00985571
0.00985601
0.0098563
0.0098566
0.00985689
0.00985718
0.00985747
0.00985776
0.00985805
0.00985834
0.00985863
0.00985892
0.00985921
0.00985949
0.00985978
0.00986007
0.00986035
0.00986064
0.00986092
0.0098612
0.00986148
0.00986177
0.00986205
0.00986233
0.00986261
0.00986289
0.00986317
0.00986345
0.00986372
0.009864
0.00986428
0.00986455
0.00986483
0.00986511
0.00986538
0.00986565
0.00986593
0.0098662
0.00986647
0.00986674
0.00986701
0.00986728
0.00986755
0.00986782
0.00986809
0.00986836
0.00986863
0.0098689
0.00986916
0.00986943
0.00986969
0.00986996
0.00987022
0.00987049
0.00987075
0.00987101
0.00987127
0.00987154
0.0098718
0.00987206
0.00987232
0.00987258
0.00987284
0.00987309
0.00987335
0.00987361
0.00987387
0.00987412
0.00987438
0.00987463
0.00987489
0.00987514
0.0098754
0.00987565
0.0098759
0.00987615
0.00987641
0.00987666
0.00987691
0.00987716
0.00987741
0.00987766
0.00987791
0.00987815
0.0098784
0.00987865
0.0098789
0.00987914
0.00987939
0.00987963
0.00987988
0.00988012
0.00988037
0.00988061
0.00988085
0.0098811
0.00988134
0.00988158
0.00988182
0.00988206
0.0098823
0.00988254
0.00988278
0.00988302
0.00988326
0.00988349
0.00988373
0.00988397
0.0098842
0.00988444
0.00988468
0.00988491
0.00988515
0.00988538
0.00988561
0.00988585
0.00988608
0.00988631
0.00988654
0.00988677
0.00988701
0.00988724
0.00988747
0.0098877
0.00988793
0.00988815
0.00988838
0.00988861
0.00988884
0.00988906
0.00988929
0.00988952
0.00988974
0.00988997
0.00989019
0.00989042
0.00989064
0.00989087
0.00989109
0.00989131
0.00989153
0.00989176
0.00989198
0.0098922
0.00989242
0.00989264
0.00989286
0.00989308
0.0098933
0.00989352
0.00989374
0.00989395
0.00989417
0.00989439
0.0098946
0.00989482
0.00989504
0.00989525
0.00989547
0.00989568
0.0098959
0.00989611
0.00989632
0.00989654
0.00989675
0.00989696
0.00989717
0.00989739
0.0098976
0.00989781
0.00989802
0.00989823
0.00989844
0.00989865
0.00989886
0.00989906
0.00989927
0.00989948
0.00989969
0.00989989
0.0099001
0.00990031
0.00990051
0.00990072
0.00990092
0.00990113
0.00990133
0.00990154
0.00990174
0.00990194
0.00990215
0.00990235
0.00990255
0.00990275
0.00990296
0.00990316
0.00990336
0.00990356
0.00990376
0.00990396
0.00990416
0.00990436
0.00990456
0.00990475
0.00990495
0.00990515
0.00990535
0.00990554
0.00990574
0.00990594
0.00990613
0.00990633
0.00990652
0.00990672
0.00990691
0.00990711
0.0099073
0.0099075
0.00990769
0.00990788
0.00990807
0.00990827
0.00990846
0.00990865
0.00990884
0.00990903
0.00990922
0.00990941
0.0099096
0.00990979
0.00990998
0.00991017
0.00991036
0.00991055
0.00991074
0.00991092
0.00991111
0.0099113
0.00991149
0.00991167
0.00991186
0.00991204
0.00991223
0.00991241
0.0099126
0.00991278
0.00991297
0.00991315
0.00991334
0.00991352
0.0099137
0.00991388
0.00991407
0.00991425
0.00991443
0.00991461
0.00991479
0.00991497
0.00991515
0.00991534
0.00991551
0.00991569
0.00991587
0.00991605
0.00991623
0.00991641
0.00991659
0.00991677
0.00991694
0.00991712
0.0099173
0.00991748
0.00991765
0.00991783
0.009918
0.00991818
0.00991835
0.00991853
0.0099187
0.00991888
0.00991905
0.00991923
0.0099194
0.00991957
0.00991975
0.00991992
0.00992009
0.00992026
0.00992044
0.00992061
0.00992078
0.00992095
0.00992112
0.00992129
0.00992146
0.00992163
0.0099218
0.00992197
0.00992214
0.00992231
0.00992248
0.00992264
0.00992281
0.00992298
0.00992315
0.00992332
0.00992348
0.00992365
0.00992382
0.00992398
0.00992415
0.00992431
0.00992448
0.00992464
0.00992481
0.00992497
0.00992514
0.0099253
0.00992547
0.00992563
0.00992579
0.00992596
0.00992612
0.00992628
0.00992644
0.0099266
0.00992677
0.00992693
0.00992709
0.00992725
0.00992741
0.00992757
0.00992773
0.00992789
0.00992805
0.00992821
0.00992837
0.00992853
0.00992869
0.00992885
0.00992901
0.00992916
0.00992932
0.00992948
0.00992964
0.00992979
0.00992995
0.00993011
0.00993026
0.00993042
0.00993057
0.00993073
0.00993089
0.00993104
0.0099312
0.00993135
0.0099315
0.00993166
0.00993181
0.00993197
0.00993212
0.00993227
0.00993243
0.00993258
0.00993273
0.00993288
0.00993304
0.00993319
0.00993334
0.00993349
0.00993364
0.00993379
0.00993394
0.00993409
0.00993424
0.00993439
0.00993454
0.00993469
0.00993484
0.00993499
0.00993514
0.00993529
0.00993544
0.00993559
0.00993574
0.00993588
0.00993603
0.00993618
0.00993633
0.00993647
0.00993662
0.00993677
0.00993691
0.00993706
0.0099372
0.00993735
0.00993749
0.00993764
0.00993779
0.00993793
0.00993807
0.00993822
0.00993836
0.00993851
0.00993865
0.00993879
0.00993894
0.00993908
0.00993922
0.00993937
0.00993951
0.00993965
0.00993979
0.00993993
0.00994008
0.00994022
0.00994036
0.0099405
0.00994064
0.00994078
0.00994092
0.00994106
0.0099412
0.00994134
0.00994148
0.00994162
0.00994176
0.0099419
0.00994204
0.00994218
0.00994232
0.00994245
0.00994259
0.00994273
0.00994287
0.009943
0.00994314
0.00994328
0.00994342
0.00994355
0.00994369
0.00994382
0.00994396
0.0099441
0.00994423
0.00994437
0.0099445
0.00994464
0.00994477
0.00994491
0.00994504
0.00994518
0.00994531
0.00994545
0.00994558
0.00994571
0.00994585
0.00994598
0.00994611
0.00994624
0.00994638
0.00994651
0.00994664
0.00994677
0.00994691
0.00994704
0.00994717
0.0099473
0.00994743
0.00994756
0.00994769
0.00994782
0.00994796
0.00994809
0.00994822
0.00994835
0.00994848
0.0099486
0.00994873
0.00994886
0.00994899
0.00994912
0.00994925
0.00994938
0.00994951
0.00994963
0.00994976
0.00994989
0.00995002
0.00995015
0.00995027
0.0099504
0.00995053
0.00995065
0.00995078
0.00995091
0.00995103
0.00995116
0.00995128
0.00995141
0.00995154
0.00995166
0.00995179
0.00995191
0.00995204
0.00995216
0.00995229
0.00995241
0.00995253
0.00995266
0.00995278
0.00995291
0.00995303
0.00995315
0.00995328
0.0099534
0.00995352
0.00995364
0.00995377
0.00995389
0.00995401
0.00995413
0.00995426
0.00995438
0.0099545
0.00995462
0.00995474
0.00995486
0.00995498
0.0099551
0.00995522
0.00995534
0.00995547
0.00995559
0.00995571
0.00995583
0.00995594
0.00995606
0.00995618
0.0099563
0.00995642
0.00995654
0.00995666
0.00995678
0.0099569
0.00995701
0.00995713
0.00995725
0.00995737
0.00995749
0.0099576
0.00995772
0.00995784
0.00995795
0.00995807
0.00995819
0.0099583
0.00995842
0.00995854
0.00995865
0.00995877
0.00995889
0.009959
0.00995912
0.00995923
0.00995935
0.00995946
0.00995958
0.00995969
0.00995981
0.00995992
0.00996003
0.00996015
0.00996026
0.00996038
0.00996049
0.0099606
0.00996072
0.00996083
0.00996094
0.00996106
0.00996117
0.00996128
0.0099614
0.00996151
0.00996162
0.00996173
0.00996184
0.00996196
0.00996207
0.00996218
0.00996229
0.0099624
0.00996251
0.00996262
0.00996273
0.00996285
0.00996296
0.00996307
0.00996318
0.00996329
0.0099634
0.00996351
0.00996362
0.00996373
0.00996384
0.00996395
0.00996405
0.00996416
0.00996427
0.00996438
0.00996449
0.0099646
0.00996471
0.00996481
0.00996492
0.00996503
0.00996514
0.00996525
0.00996535
0.00996546
0.00996557
0.00996568
0.00996578
0.00996589
0.009966
0.0099661
0.00996621
0.00996632
0.00996642
0.00996653
0.00996663
0.00996674
0.00996685
0.00996695
0.00996706
0.00996716
0.00996727
0.00996737
0.00996748
0.00996758
0.00996769
0.00996779
0.0099679
0.009968
0.00996811
0.00996821
0.00996831
0.00996842
0.00996852
0.00996862
0.00996873
0.00996883
0.00996893
0.00996904
0.00996914
0.00996924
0.00996935
0.00996945
0.00996955
0.00996965
0.00996976
0.00996986
0.00996996
0.00997006
0.00997016
0.00997026
0.00997037
0.00997047
0.00997057
0.00997067
0.00997077
0.00997087
0.00997097
0.00997107
0.00997117
0.00997127
0.00997137
0.00997147
0.00997157
0.00997167
0.00997177
0.00997187
0.00997197
0.00997207
0.00997217
0.00997227
0.00997237
0.00997247
0.00997257
0.00997267
0.00997276
0.00997286
0.00997296
0.00997306
0.00997316
0.00997326
0.00997335
0.00997345
0.00997355
0.00997365
0.00997374
0.00997384
0.00997394
0.00997404
0.00997413
0.00997423
0.00997433
0.00997442
0.00997452
0.00997462
0.00997471
0.00997481
0.00997491
0.009975
0.0099751
0.00997519
0.00997529
0.00997538
0.00997548
0.00997557
0.00997567
0.00997577
0.00997586
0.00997595
0.00997605
0.00997614
0.00997624
0.00997633
0.00997643
0.00997652
0.00997662
0.00997671
0.0099768
0.0099769
0.00997699
0.00997709
0.00997718
0.00997727
0.00997737
0.00997746
0.00997755
0.00997764
0.00997774
0.00997783
0.00997792
0.00997802
0.00997811
0.0099782
0.00997829
0.00997838
0.00997848
0.00997857
0.00997866
0.00997875
0.00997884
0.00997893
0.00997903
0.00997912
0.00997921
0.0099793
0.00997939
0.00997948
0.00997957
0.00997966
0.00997975
0.00997984
0.00997993
0.00998002
0.00998011
0.0099802
0.00998029
0.00998038
0.00998047
0.00998056
0.00998065
0.00998074
0.00998083
0.00998092
0.00998101
0.0099811
0.00998119
0.00998128
0.00998137
0.00998145
0.00998154
0.00998163
0.00998172
0.00998181
0.0099819
0.00998198
0.00998207
0.00998216
0.00998225
0.00998234
0.00998242
0.00998251
0.0099826
0.00998269
0.00998277
0.00998286
0.00998295
0.00998303
0.00998312
0.00998321
0.00998329
0.00998338
0.00998347
0.00998355
0.00998364
0.00998373
0.00998381
0.0099839
0.00998398
0.00998407
0.00998416
0.00998424
0.00998433
0.00998441
0.0099845
0.00998458
0.00998467
0.00998475
0.00998484
0.00998492
0.00998501
0.00998509
0.00998518
0.00998526
0.00998535
0.00998543
0.00998551
0.0099856
0.00998568
0.00998577
0.00998585
0.00998593
0.00998602
0.0099861
0.00998618
0.00998627
0.00998635
0.00998643
0.00998652
0.0099866
0.00998668
0.00998677
0.00998685
0.00998693
0.00998701
0.0099871
0.00998718
0.00998726
0.00998734
0.00998743
0.00998751
0.00998759
0.00998767
0.00998775
0.00998784
0.00998792
0.009988
0.00998808
0.00998816
0.00998824
0.00998832
0.00998841
0.00998849
0.00998857
0.00998865
0.00998873
0.00998881
0.00998889
0.00998897
0.00998905
0.00998913
0.00998921
0.00998929
0.00998937
0.00998945
0.00998953
0.00998961
0.00998969
0.00998977
0.00998985
0.00998993
0.00999001
0.00999009
0.00999017
0.00999025
0.00999033
0.00999041
0.00999049
0.00999056
0.00999064
0.00999072
0.0099908
0.00999088
0.00999096
0.00999104
0.00999111
0.00999119
0.00999127
0.00999135
0.00999143
0.00999151
0.00999158
0.00999166
0.00999174
0.00999182
0.00999189
0.00999197
0.00999205
0.00999213
0.0099922
0.00999228
0.00999236
0.00999243
0.00999251
0.00999259
0.00999266
0.00999274
0.00999282
0.00999289
0.00999297
0.00999305
0.00999312
0.0099932
0.00999328
0.00999335
0.00999343
0.0099935
0.00999358
0.00999365
0.00999373
0.00999381
0.00999388
0.00999396
0.00999403
0.00999411
0.00999418
0.00999426
0.00999433
0.00999441
0.00999448
0.00999456
0.00999463
0.00999471
0.00999478
0.00999486
0.00999493
0.00999501
0.00999508
0.00999515
0.00999523
0.0099953
0.00999538
0.00999545
0.00999552
0.0099956
0.00999567
0.00999574
0.00999582
0.00999589
0.00999597
0.00999604
0.00999611
0.00999619
0.00999626
0.00999633
0.0099964
0.00999648
0.00999655
0.00999662
0.0099967
0.00999677
0.00999684
0.00999691
0.00999699
0.00999706
0.00999713
0.0099972
0.00999727
0.00999735
0.00999742
0.00999749
0.00999756
0.00999763
0.00999771
0.00999778
0.00999785
0.00999792
0.00999799
0.00999806
0.00999813
0.00999821
0.00999828
0.00999835
0.00999842
0.00999849
0.00999856
0.00999863
0.0099987
0.00999877
0.00999884
0.00999891
0.00999898
0.00999906
0.00999913
0.0099992
0.00999927
0.00999934
0.00999941
0.00999948
0.00999955
0.00999962
0.00999969
0.00999976
0.00999982
0.00999989
0.00999996
0.01
0.0100001
0.0100002
0.0100002
0.0100003
0.0100004
0.0100004
0.0100005
0.0100006
0.0100007
0.0100007
0.0100008
0.0100009
0.0100009
0.010001
0.0100011
0.0100011
0.0100012
0.0100013
0.0100013
0.0100014
0.0100015
0.0100015
0.0100016
0.0100017
0.0100017
0.0100018
0.0100019
0.010002
0.010002
0.0100021
0.0100022
0.0100022
0.0100023
0.0100024
0.0100024
0.0100025
0.0100026
0.0100026
0.0100027
0.0100028
0.0100028
0.0100029
0.010003
0.010003
0.0100031
0.0100032
0.0100032
0.0100033
0.0100034
0.0100034
0.0100035
0.0100036
0.0100036
0.0100037
0.0100038
0.0100038
0.0100039
0.010004
0.010004
0.0100041
0.0100041
0.0100042
0.0100043
0.0100043
0.0100044
0.0100045
0.0100045
0.0100046
0.0100047
0.0100047
0.0100048
0.0100049
0.0100049
0.010005
0.0100051
0.0100051
0.0100052
0.0100053
0.0100053
0.0100054
0.0100054
0.0100055
0.0100056
0.0100056
0.0100057
0.0100058
0.0100058
0.0100059
0.010006
0.010006
0.0100061
0.0100062
0.0100062
0.0100063
0.0100063
0.0100064
0.0100065
0.0100065
0.0100066
0.0100067
0.0100067
0.0100068
0.0100068
0.0100069
0.010007
0.010007
0.0100071
0.0100072
0.0100072
0.0100073
0.0100074
0.0100074
0.0100075
0.0100075
0.0100076
0.0100077
0.0100077
0.0100078
0.0100078
0.0100079
0.010008
0.010008
0.0100081
0.0100082
0.0100082
0.0100083
0.0100083
0.0100084
0.0100085
0.0100085
0.0100086
0.0100087
0.0100087
0.0100088
0.0100088
0.0100089
0.010009
0.010009
0.0100091
0.0100091
0.0100092
0.0100093
0.0100093
0.0100094
0.0100094
0.0100095
0.0100096
0.0100096
0.0100097
0.0100098
0.0100098
0.0100099
0.0100099
0.01001
0.0100101
0.0100101
0.0100102
0.0100102
0.0100103
0.0100104
0.0100104
0.0100105
0.0100105
0.0100106
0.0100107
0.0100107
0.0100108
0.0100108
0.0100109
0.0100109
0.010011
0.0100111
0.0100111
0.0100112
0.0100112
0.0100113
0.0100114
0.0100114
0.0100115
0.0100115
0.0100116
0.0100117
0.0100117
0.0100118
0.0100118
0.0100119
0.010012
0.010012
0.0100121
0.0100121
0.0100122
0.0100122
0.0100123
0.0100124
0.0100124
0.0100125
0.0100125
0.0100126
0.0100127
0.0100127
0.0100128
0.0100128
0.0100129
0.0100129
0.010013
0.0100131
0.0100131
0.0100132
0.0100132
0.0100133
0.0100133
0.0100134
0.0100135
0.0100135
0.0100136
0.0100136
0.0100137
0.0100137
0.0100138
0.0100139
0.0100139
0.010014
0.010014
0.0100141
0.0100141
0.0100142
0.0100143
0.0100143
0.0100144
0.0100144
0.0100145
0.0100145
0.0100146
0.0100146
0.0100147
0.0100148
0.0100148
0.0100149
0.0100149
0.010015
0.010015
0.0100151
0.0100152
0.0100152
0.0100153
0.0100153
0.0100154
0.0100154
0.0100155
0.0100155
0.0100156
0.0100157
0.0100157
0.0100158
0.0100158
0.0100159
0.0100159
0.010016
0.010016
0.0100161
0.0100162
0.0100162
0.0100163
0.0100163
0.0100164
0.0100164
0.0100165
0.0100165
0.0100166
0.0100166
0.0100167
0.0100168
0.0100168
0.0100169
0.0100169
0.010017
0.010017
0.0100171
0.0100171
0.0100172
0.0100172
0.0100173
0.0100173
0.0100174
0.0100175
0.0100175
0.0100176
0.0100176
0.0100177
0.0100177
0.0100178
0.0100178
0.0100179
0.0100179
0.010018
0.010018
0.0100181
0.0100182
0.0100182
0.0100183
0.0100183
0.0100184
0.0100184
0.0100185
0.0100185
0.0100186
0.0100186
0.0100187
0.0100187
0.0100188
0.0100188
0.0100189
0.0100189
0.010019
0.0100191
0.0100191
0.0100192
0.0100192
0.0100193
0.0100193
0.0100194
0.0100194
0.0100195
0.0100195
0.0100196
0.0100196
0.0100197
0.0100197
0.0100198
0.0100198
0.0100199
0.0100199
0.01002
0.01002
0.0100201
0.0100201
0.0100202
0.0100203
0.0100203
0.0100204
0.0100204
0.0100205
0.0100205
0.0100206
0.0100206
0.0100207
0.0100207
0.0100208
0.0100208
0.0100209
0.0100209
0.010021
0.010021
0.0100211
0.0100211
0.0100212
0.0100212
0.0100213
0.0100213
0.0100214
0.0100214
0.0100215
0.0100215
0.0100216
0.0100216
0.0100217
0.0100217
0.0100218
0.0100218
0.0100219
0.0100219
0.010022
0.010022
0.0100221
0.0100221
0.0100222
0.0100222
0.0100223
0.0100223
0.0100224
0.0100224
0.0100225
0.0100225
0.0100226
0.0100226
0.0100227
0.0100227
0.0100228
0.0100228
0.0100229
0.0100229
0.010023
0.010023
0.0100231
0.0100231
0.0100232
0.0100232
0.0100233
0.0100233
0.0100234
0.0100234
0.0100235
0.0100235
0.0100236
0.0100236
0.0100237
0.0100237
0.0100238
0.0100238
0.0100239
0.0100239
0.010024
0.010024
0.0100241
0.0100241
0.0100242
0.0100242
0.0100243
0.0100243
0.0100244
0.0100244
0.0100244
0.0100245
0.0100245
0.0100246
0.0100246
0.0100247
0.0100247
0.0100248
0.0100248
0.0100249
0.0100249
0.010025
0.010025
0.0100251
0.0100251
0.0100252
0.0100252
0.0100253
0.0100253
0.0100254
0.0100254
0.0100255
0.0100255
0.0100256
0.0100256
0.0100256
0.0100257
0.0100257
0.0100258
0.0100258
0.0100259
0.0100259
0.010026
0.010026
0.0100261
0.0100261
0.0100262
0.0100262
0.0100263
0.0100263
0.0100264
0.0100264
0.0100264
0.0100265
0.0100265
0.0100266
0.0100266
0.0100267
0.0100267
0.0100268
0.0100268
0.0100269
0.0100269
0.010027
0.010027
0.0100271
0.0100271
0.0100271
0.0100272
0.0100272
0.0100273
0.0100273
0.0100274
0.0100274
0.0100275
0.0100275
0.0100276
0.0100276
0.0100277
0.0100277
0.0100277
0.0100278
0.0100278
0.0100279
0.0100279
0.010028
0.010028
0.0100281
0.0100281
0.0100282
0.00988536
0.0100282
0.0100283
0.0100283
0.0100284
0.00988553
0.0100285
0.0100285
0.0100286
0.0100286
0.0100287
0.0100287
0.0100287
0.0100288
0.0100288
0.0100289
0.0100289
0.010029
0.010029
0.0100291
0.0100291
0.0100291
0.0100292
0.0100292
0.0100293
0.0100293
0.0100294
0.0100294
0.0100295
0.00988632
0.0100295
0.0100296
0.0100296
0.0100297
0.0100297
0.0100298
0.0100298
0.0100299
0.0100299
0.0100299
0.01003
0.01003
0.0100301
0.0100301
0.0100302
0.0100302
0.0100303
0.0100303
0.0100303
0.0100304
0.0100304
0.0100305
0.0100305
0.0100306
0.0100306
0.0100307
0.0100307
0.0100307
0.0100308
0.0100308
0.0100309
0.0100309
0.010031
0.010031
0.010031
0.0100311
0.0100311
0.0100312
0.0100312
0.0100313
0.0100313
0.0100313
0.0100314
0.0100314
0.0100315
0.0100315
0.0100316
0.0100316
0.0100316
0.0100317
0.0100317
0.0100318
0.0100318
0.0100319
0.0100319
0.0100319
0.010032
0.010032
0.0100321
0.0100321
0.0100322
0.0100322
0.0100322
0.0100323
0.0100323
0.0100324
0.0100324
0.0100325
0.0100325
0.0100325
0.0100326
0.0100326
0.0100327
0.0100327
0.0100328
0.0100328
0.0100328
0.0100329
0.0100329
0.010033
0.010033
0.0100331
0.0100331
0.0100331
0.0100332
0.0100332
0.0100333
0.00988943
0.0100333
0.0100334
0.0100334
0.0100335
0.0100335
0.0100336
0.0100336
0.0100336
0.0100337
0.0100337
0.0100338
0.0100338
0.0100338
0.0100339
0.0100339
0.010034
0.010034
0.010034
0.0100341
0.0100341
0.0100342
0.0100342
0.0100343
0.0100343
0.0100343
0.0100344
0.0100344
0.0100345
0.0100345
0.0100345
0.0100346
0.0100346
0.0100347
0.0100347
0.0100347
0.0100348
0.0100348
0.0100349
0.0100349
0.010035
0.010035
0.010035
0.0100351
0.0100351
0.0100352
0.0100352
0.0100352
0.0100353
0.00989117
0.0100354
0.0100354
0.0100354
0.0100355
0.0100355
0.0100356
0.0100356
0.0100356
0.0100357
0.0100357
0.0100358
0.0100358
0.0100358
0.0100359
0.0100359
0.010036
0.010036
0.010036
0.0100361
0.0100361
0.0100362
0.0100362
0.0100362
0.0100363
0.0100363
0.0100364
0.0100364
0.0100364
0.0100365
0.0100365
0.0100366
0.0100366
0.0100366
0.0100367
0.0100367
0.0100368
0.0100368
0.0100368
0.0100369
0.0100369
0.0100369
0.010037
0.010037
0.0100371
0.0100371
0.0100371
0.0100372
0.0100372
0.0100373
0.0100373
0.0100373
0.0100374
0.0100374
0.0100375
0.0100375
0.0100375
0.0100376
0.0100376
0.0100377
0.0100377
0.0100377
0.0100378
0.0100378
0.0100378
0.0100379
0.0100379
0.010038
0.010038
0.010038
0.0100381
0.0100381
0.0100382
0.0100382
0.0100382
0.0100383
0.0100383
0.0100383
0.0100384
0.0100384
0.0100385
0.0100385
0.0100385
0.0100386
0.0100386
0.0100387
0.0100387
0.0100387
0.0100388
0.00989439
0.0100388
0.0100389
0.0100389
0.010039
0.010039
0.010039
0.0100391
0.0100391
0.0100391
0.0100392
0.0100392
0.0100393
0.0100393
0.0100393
0.0100394
0.0100394
0.0100394
0.0100395
0.0100395
0.0100396
0.0100396
0.0100396
0.0100397
0.0100397
0.0100397
0.0100398
0.0100398
0.0100399
0.0100399
0.0100399
0.01004
0.01004
0.01004
0.0100401
0.0100401
0.0100402
0.0100402
0.0100402
0.0100403
0.0100403
0.0100403
0.0100404
0.0100404
0.0100405
0.0100405
0.0100405
0.0100406
0.0100406
0.0100406
0.0100407
0.0100407
0.0100407
0.0100408
0.0100408
0.0100409
0.0100409
0.0100409
0.010041
0.010041
0.010041
0.0100411
0.0100411
0.0100411
0.0100412
0.0100412
0.0100413
0.0100413
0.0100413
0.0100414
0.0100414
0.0100414
0.0100415
0.0100415
0.0100415
0.0100416
0.0100416
0.0100417
0.0100417
0.00989731
0.00989734
0.0100418
0.0100418
0.0100419
0.0100419
0.0100419
0.010042
0.010042
0.0100421
0.0100421
0.0100421
0.0100422
0.0100422
0.0100422
0.0100423
0.0100423
0.0100423
0.0100424
0.0100424
0.0100424
0.0100425
0.0100425
0.0100426
0.0100426
0.0100426
0.0100427
0.0100427
0.0100427
0.0100428
0.0100428
0.0100428
0.0100429
0.0100429
0.0100429
0.010043
0.010043
0.010043
0.0100431
0.0100431
0.0100432
0.0100432
0.0100432
0.0100433
0.0100433
0.0100433
0.0100434
0.0100434
0.0100434
0.0100435
0.0100435
0.0100435
0.0100436
0.0100436
0.0100436
0.0100437
0.0100437
0.0100437
0.0100438
0.0100438
0.0100439
0.0100439
0.0100439
0.010044
0.010044
0.010044
0.0100441
0.0100441
0.0100441
0.0100442
0.0100442
0.0100442
0.0100443
0.0100443
0.0100443
0.0100444
0.0100444
0.0100444
0.0100445
0.0100445
0.0100445
0.0100446
0.0100446
0.0100446
0.0100447
0.0100447
0.0100447
0.0100448
0.0100448
0.0100449
0.0100449
0.0100449
0.010045
0.010045
0.010045
0.0100451
0.0100451
0.0100451
0.0100452
0.0100452
0.0100452
0.0100453
0.0100453
0.0100453
0.0100454
0.0100454
0.0100454
0.0100455
0.0100455
0.0100455
0.0100456
0.0100456
0.0100456
0.0100457
0.0100457
0.0100457
0.0100458
0.0100458
0.0100458
0.0100459
0.0100459
0.0100459
0.010046
0.010046
0.010046
0.0100461
0.0100461
0.0100461
0.0100462
0.0100462
0.0100462
0.0100463
0.0100463
0.0100463
0.0100464
0.0100464
0.0100464
0.0100465
0.0100465
0.0100465
0.0100466
0.0100466
0.00990269
0.0100467
0.0100467
0.0100467
0.0100468
0.0100468
0.0100468
0.0100469
0.0100469
0.0100469
0.010047
0.010047
0.010047
0.0100471
0.0100471
0.0100471
0.0100472
0.0100472
0.0100472
0.0100473
0.0100473
0.0100473
0.00990354
0.0100474
0.0100474
0.0100474
0.0100475
0.0100475
0.0100475
0.0100476
0.0100476
0.0100476
0.0100477
0.0100477
0.0100477
0.0100478
0.0100478
0.0100478
0.0100479
0.0100479
0.0100479
0.010048
0.010048
0.010048
0.0100481
0.0100481
0.00990447
0.0100482
0.0100482
0.0100482
0.0100483
0.0100483
0.0100483
0.0100484
0.0100484
0.0100484
0.0100484
0.0100485
0.0100485
0.0100485
0.0100486
0.0100486
0.0100486
0.0100487
0.0100487
0.0100487
0.0100488
0.0100488
0.0100488
0.0100489
0.0100489
0.0100489
0.010049
0.00990553
0.010049
0.010049
0.0100491
0.0100491
0.0100491
0.0100492
0.0100492
0.0100492
0.0100493
0.0100493
0.0100493
0.0100494
0.0100494
0.0100494
0.0100495
0.0100495
0.0100495
0.0100496
0.0100496
0.0100496
0.0100496
0.0100497
0.0100497
0.0100497
0.0100498
0.0100498
0.0100498
0.0100499
0.0100499
0.0100499
0.00990675
0.01005
0.01005
0.01005
0.0100501
0.00990695
0.0100501
0.0100502
0.0100502
0.0100502
0.0100503
0.0100503
0.0100503
0.0100504
0.0100504
0.0100504
0.0100504
0.0100505
0.00990746
0.0100505
0.0100506
0.0100506
0.0100506
0.0100507
0.0100507
0.0100507
0.0100508
0.0100508
0.0100508
0.0099079
0.0100509
0.0100509
0.0100509
0.010051
0.010051
0.010051
0.0100511
0.0100511
0.0100511
0.0100512
0.0100512
0.0100512
0.0100512
0.0100513
0.0100513
0.00990854
0.0100514
0.0100514
0.0100514
0.0100515
0.0100515
0.0100515
0.0100515
0.0100516
0.0100516
0.0100516
0.0100517
0.0100517
0.0100517
0.0100518
0.0100518
0.0100518
0.0100518
0.0100519
0.0099093
0.0100519
0.010052
0.010052
0.010052
0.0100521
0.0100521
0.0100521
0.0100521
0.0100522
0.0100522
0.0100522
0.0100523
0.0100523
0.0100523
0.0100523
0.0100524
0.00990998
0.0100524
0.0100525
0.0100525
0.0100525
0.00991018
0.0100526
0.0100526
0.0100526
0.0100527
0.0100527
0.0100527
0.00991046
0.0100528
0.0100528
0.0100528
0.0100529
0.0100529
0.0100529
0.010053
0.010053
0.010053
0.0100531
0.0100531
0.0100531
0.00991099
0.0100532
0.0100532
0.0100532
0.0100533
0.0100533
0.0100533
0.0100533
0.0100534
0.0100534
0.0100534
0.00991143
0.0100535
0.0100535
0.0100535
0.0100536
0.0100536
0.0100536
0.0100537
0.0100537
0.0100537
0.0100537
0.0100538
0.0100538
0.0100538
0.0100539
0.0100539
0.0100539
0.010054
0.010054
0.010054
0.010054
0.0100541
0.0100541
0.0100541
0.0100542
0.0100542
0.0100542
0.0100542
0.0100543
0.0100543
0.0100543
0.0100544
0.0100544
0.0100544
0.0100544
0.0100545
0.0100545
0.0100545
0.0100545
0.0100546
0.0100546
0.0100546
0.0100547
0.0100547
0.0100547
0.0100547
0.0100548
0.0100548
0.0100548
0.0100549
0.0100549
0.0100549
0.00991356
0.010055
0.010055
0.010055
0.0100551
0.0100551
0.0100551
0.0100551
0.0100552
0.0100552
0.0100552
0.0100553
0.0100553
0.0100553
0.0100553
0.0100554
0.0100554
0.0100554
0.0100554
0.0100555
0.0100555
0.0100555
0.0100556
0.0100556
0.0100556
0.0100556
0.0100557
0.0100557
0.0100557
0.0100558
0.0100558
0.0100558
0.00991488
0.0100559
0.0100559
0.0100559
0.0100559
0.00991508
0.010056
0.010056
0.0100561
0.0100561
0.0100561
0.0100561
0.0100562
0.0100562
0.0100562
0.0100562
0.0100563
0.0100563
0.0100563
0.0100564
0.0100564
0.0100564
0.0100564
0.0100565
0.00991587
0.0100565
0.0100565
0.0100566
0.0100566
0.0100566
0.0100567
0.0100567
0.0100567
0.0100567
0.0100568
0.0100568
0.0100568
0.0100568
0.0100569
0.0100569
0.0100569
0.010057
0.010057
0.00991667
0.00991671
0.0100571
0.0100571
0.0100571
0.0100571
0.0100572
0.0100572
0.0100572
0.0100573
0.0100573
0.0100573
0.0100573
0.0100574
0.0100574
0.0100574
0.0100574
0.0100575
0.0100575
0.0100575
0.0100575
0.0100576
0.00991759
0.0100576
0.0100577
0.0100577
0.0100577
0.0100577
0.0100578
0.0100578
0.00991792
0.0100578
0.0100579
0.0100579
0.00991809
0.0100579
0.010058
0.00991822
0.010058
0.010058
0.0100581
0.0100581
0.00991843
0.0100582
0.0100582
0.0100582
0.0100582
0.0100583
0.0100583
0.0100583
0.0100583
0.0100584
0.0100584
0.0100584
0.0100584
0.0100585
0.0100585
0.0100585
0.00991911
0.0100586
0.0100586
0.0100586
0.0100587
0.0100587
0.0100587
0.0100587
0.0100588
0.0100588
0.0100588
0.0100588
0.0100589
0.0100589
0.0100589
0.0100589
0.010059
0.00991983
0.010059
0.010059
0.0100591
0.0100591
0.0100591
0.0100591
0.0100592
0.0100592
0.0100592
0.0100592
0.0100593
0.0100593
0.0100593
0.0100594
0.0100594
0.0100594
0.0100594
0.0100595
0.0100595
0.0100595
0.0100595
0.0100596
0.0100596
0.0100596
0.0100596
0.0100597
0.0100597
0.0100597
0.0100597
0.0100598
0.0100598
0.0100598
0.0100598
0.0100599
0.0100599
0.0100599
0.0100599
0.01006
0.01006
0.01006
0.01006
0.0100601
0.0100601
0.0100601
0.0100601
0.0100602
0.0100602
0.0100602
0.0100602
0.0100603
0.0100603
0.0100603
0.0100603
0.0100604
0.0100604
0.0100604
0.0100604
0.0100605
0.0100605
0.0100605
0.0100605
0.0100606
0.0100606
0.0100606
0.00992261
0.0100607
0.0100607
0.0100607
0.0100607
0.0100608
0.0100608
0.0100608
0.0100608
0.0100609
0.0100609
0.0100609
0.0100609
0.010061
0.010061
0.010061
0.010061
0.0100611
0.0100611
0.0100611
0.0100611
0.0100612
0.0100612
0.0100612
0.0100612
0.0100613
0.0100613
0.0100613
0.0100613
0.0100614
0.0100614
0.0100614
0.0100614
0.0100615
0.00992408
0.0100615
0.0100615
0.0100616
0.0100616
0.0100616
0.0100616
0.00992439
0.0100617
0.0100617
0.00992452
0.0100618
0.0100618
0.0100618
0.0100618
0.0100619
0.0100619
0.0100619
0.0100619
0.0100619
0.010062
0.010062
0.010062
0.010062
0.0100621
0.0100621
0.0100621
0.0100621
0.0100622
0.0100622
0.0100622
0.0100622
0.0100623
0.0100623
0.0100623
0.0100623
0.00992565
0.0100624
0.0100624
0.0100624
0.0100625
0.0100625
0.0100625
0.0100625
0.009926
0.0100626
0.0100626
0.0100626
0.0100626
0.0100627
0.0100627
0.0100627
0.0100627
0.0100628
0.0100628
0.0100628
0.0100628
0.0100629
0.0100629
0.0100629
0.0100629
0.010063
0.010063
0.010063
0.010063
0.0100631
0.0100631
0.0100631
0.0100631
0.0100631
0.0100632
0.0100632
0.0100632
0.0100632
0.0100633
0.0100633
0.0100633
0.0100633
0.0099275
0.0100634
0.0100634
0.0100634
0.0100635
0.0100635
0.0100635
0.0100635
0.0100635
0.0100636
0.0100636
0.0100636
0.0100636
0.0100637
0.0100637
0.0100637
0.0100637
0.0100638
0.0100638
0.0100638
0.0100638
0.0100639
0.0100639
0.0100639
0.0100639
0.0100639
0.010064
0.010064
0.010064
0.010064
0.0100641
0.0100641
0.0100641
0.00992897
0.0100642
0.0100642
0.0100642
0.0100642
0.0100642
0.0100643
0.0100643
0.0100643
0.0100643
0.0100644
0.0100644
0.0100644
0.0100644
0.0100645
0.0100645
0.0100645
0.0100645
0.0100645
0.0100646
0.0100646
0.0100646
0.0100646
0.0100647
0.0100647
0.0100647
0.0100647
0.0100648
0.0100648
0.0100648
0.0100648
0.0100648
0.0100649
0.0100649
0.0100649
0.0100649
0.010065
0.010065
0.010065
0.010065
0.0100651
0.0100651
0.0100651
0.0100651
0.00993094
0.0100652
0.0100652
0.0100652
0.0100652
0.0100653
0.0100653
0.0100653
0.0100653
0.0100653
0.0100654
0.0100654
0.0100654
0.0100654
0.0100655
0.0100655
0.0100655
0.0100655
0.0100655
0.0100656
0.0100656
0.0100656
0.0100656
0.0100657
0.0100657
0.0100657
0.0100657
0.0100657
0.0100658
0.0100658
0.0100658
0.0100658
0.0100659
0.0100659
0.0100659
0.0100659
0.0100659
0.010066
0.010066
0.010066
0.010066
0.0100661
0.0100661
0.0100661
0.0100661
0.0100661
0.0100662
0.0100662
0.0100662
0.0100662
0.0100663
0.0100663
0.0100663
0.0100663
0.0100663
0.0100664
0.0100664
0.0100664
0.0100664
0.0100665
0.0100665
0.0100665
0.0100665
0.0100665
0.0100666
0.0100666
0.0100666
0.0100666
0.0100667
0.0100667
0.0100667
0.0100667
0.0100667
0.0100668
0.0100668
0.0100668
0.0100668
0.0100669
0.0100669
0.0100669
0.0100669
0.0100669
0.010067
0.010067
0.010067
0.010067
0.010067
0.0100671
0.0100671
0.0100671
0.0100671
0.0100672
0.0100672
0.0100672
0.00993521
0.0100672
0.0100673
0.0100673
0.0100673
0.0100673
0.0100674
0.0100674
0.0100674
0.0100674
0.0100674
0.0100675
0.0100675
0.0100675
0.0100675
0.0100675
0.0100676
0.0100676
0.0100676
0.0100676
0.00993613
0.0100677
0.0100677
0.0100677
0.0100677
0.0100678
0.0100678
0.0100678
0.0100678
0.0100678
0.0100679
0.0100679
0.0100679
0.0100679
0.010068
0.010068
0.010068
0.010068
0.010068
0.00993701
0.0100681
0.0100681
0.0100681
0.0100681
0.0100682
0.0100682
0.0100682
0.0100682
0.0100682
0.0100683
0.0100683
0.0100683
0.0100683
0.0100684
0.0100684
0.0100684
0.0099378
0.00993784
0.0100685
0.0100685
0.0100685
0.0100685
0.0100685
0.0100686
0.0100686
0.0100686
0.0100686
0.0100686
0.0100687
0.0100687
0.0100687
0.0100687
0.0100688
0.0100688
0.0100688
0.0100688
0.0100688
0.0100689
0.0100689
0.0100689
0.0100689
0.0100689
0.010069
0.010069
0.010069
0.010069
0.010069
0.0100691
0.0100691
0.0100691
0.0100691
0.0100691
0.0100692
0.0100692
0.0100692
0.0100692
0.0100692
0.0100693
0.0100693
0.0100693
0.0100693
0.0100694
0.0100694
0.0100694
0.0100694
0.0100694
0.0100695
0.0100695
0.0100695
0.0100695
0.0100695
0.0100696
0.0100696
0.0100696
0.0100696
0.0100696
0.0100697
0.0100697
0.0100697
0.0100697
0.0100697
0.0100698
0.0100698
0.0100698
0.00994098
0.0100698
0.0100699
0.0100699
0.0100699
0.0100699
0.0100699
0.01007
0.01007
0.01007
0.01007
0.01007
0.0100701
0.00994159
0.0100701
0.0100701
0.0100701
0.0100702
0.0100702
0.0100702
0.0100702
0.0100702
0.0100703
0.0100703
0.0100703
0.0100703
0.0100703
0.0100704
0.0100704
0.0100704
0.0100704
0.0100704
0.0100705
0.0100705
0.0100705
0.0100705
0.0100705
0.0100706
0.0100706
0.0100706
0.0100706
0.0100706
0.0100707
0.0100707
0.0100707
0.0100707
0.0100707
0.0100708
0.0100708
0.0100708
0.0100708
0.0100708
0.0100709
0.0100709
0.0100709
0.0100709
0.0100709
0.010071
0.010071
0.010071
0.010071
0.010071
0.0100711
0.0100711
0.0100711
0.0100711
0.0100711
0.0100712
0.0100712
0.0100712
0.0100712
0.0100712
0.0100713
0.0100713
0.0100713
0.0100713
0.0100713
0.0100714
0.0100714
0.0100714
0.0100714
0.0100714
0.0100715
0.0100715
0.0100715
0.0100715
0.0100715
0.0100716
0.0100716
0.0100716
0.0100716
0.0100716
0.0100717
0.0100717
0.0100717
0.0100717
0.0100717
0.0100717
0.0100718
0.0100718
0.0100718
0.0100718
0.0100718
0.0100719
0.0100719
0.0100719
0.0100719
0.0100719
0.010072
0.010072
0.010072
0.010072
0.010072
0.0100721
0.0100721
0.0100721
0.0100721
0.0100721
0.0100722
0.0100722
0.0100722
0.0100722
0.0100722
0.0100722
0.00994691
0.0100723
0.0100723
0.0100723
0.0100723
0.0100724
0.0100724
0.0100724
0.0100724
0.0100724
0.0100725
0.0100725
0.0100725
0.0100725
0.0100725
0.0100726
0.0100726
0.0100726
0.0100726
0.0100726
0.0100726
0.0100727
0.0100727
0.0100727
0.0100727
0.0100727
0.0100728
0.0100728
0.0100728
0.0100728
0.0100728
0.0100729
0.0100729
0.0100729
0.0100729
0.0100729
0.010073
0.010073
0.010073
0.010073
0.010073
0.0099489
0.0100731
0.0100731
0.0100731
0.0100731
0.0100731
0.0100732
0.0100732
0.0100732
0.0100732
0.0100732
0.0100733
0.0100733
0.0100733
0.00994958
0.0100733
0.0100733
0.0100734
0.0100734
0.0100734
0.0100734
0.0100734
0.0100735
0.0100735
0.0100735
0.0100735
0.0100735
0.0100735
0.0100736
0.0100736
0.0100736
0.0100736
0.0100736
0.0100737
0.0100737
0.0100737
0.0100737
0.0100737
0.0100738
0.0100738
0.0100738
0.0100738
0.0100738
0.0100738
0.0100739
0.0100739
0.0100739
0.0100739
0.0100739
0.010074
0.010074
0.010074
0.010074
0.010074
0.010074
0.0100741
0.0100741
0.0100741
0.0100741
0.0100741
0.0100742
0.0100742
0.0100742
0.0100742
0.0100742
0.0100742
0.0100743
0.0100743
0.00995225
0.0100743
0.0100743
0.0100744
0.0100744
0.0100744
0.0100744
0.0100744
0.0100744
0.00995269
0.0100745
0.0100745
0.0100745
0.0100745
0.0100746
0.0100746
0.0100746
0.0100746
0.0100746
0.0100746
0.0100747
0.0100747
0.0100747
0.0100747
0.0100747
0.0100748
0.0100748
0.0100748
0.0100748
0.0100748
0.0100748
0.0100749
0.0100749
0.0100749
0.0100749
0.0100749
0.010075
0.010075
0.010075
0.010075
0.010075
0.010075
0.0100751
0.0100751
0.0100751
0.0100751
0.0100751
0.0100751
0.0100752
0.00995469
0.0100752
0.0100752
0.0100752
0.0100753
0.0100753
0.0100753
0.0100753
0.0100753
0.0100753
0.0100754
0.0100754
0.0100754
0.0100754
0.0100754
0.0100754
0.0100755
0.0100755
0.0100755
0.0100755
0.0100755
0.0100756
0.0100756
0.0100756
0.0100756
0.0100756
0.0100756
0.0100757
0.0100757
0.0100757
0.0100757
0.0100757
0.0100757
0.0100758
0.0100758
0.0100758
0.0100758
0.0100758
0.0100759
0.0100759
0.0100759
0.0100759
0.0100759
0.0100759
0.010076
0.010076
0.010076
0.010076
0.010076
0.010076
0.0100761
0.0100761
0.0100761
0.0100761
0.0100761
0.0100761
0.0100762
0.0100762
0.0100762
0.0100762
0.0100762
0.0100763
0.0100763
0.0100763
0.0100763
0.0100763
0.0100763
0.0100764
0.0100764
0.0100764
0.0100764
0.0100764
0.0100764
0.0100765
0.0100765
0.0100765
0.0100765
0.0100765
0.0100765
0.0100766
0.0100766
0.0100766
0.0100766
0.0100766
0.0100766
0.0100767
0.0100767
0.0100767
0.0100767
0.0100767
0.0100768
0.0100768
0.0100768
0.0100768
0.0100768
0.0100768
0.0100769
0.0100769
0.0100769
0.0100769
0.0100769
0.0100769
0.010077
0.010077
0.010077
0.010077
0.010077
0.010077
0.0100771
0.00996021
0.0100771
0.0100771
0.0100771
0.0100771
0.0100772
0.0100772
0.0100772
0.0100772
0.0100772
0.0100772
0.0100773
0.0100773
0.0100773
0.0100773
0.0100773
0.0100773
0.0100774
0.0100774
0.0100774
0.0100774
0.0100774
0.0100774
0.0100775
0.0100775
0.0100775
0.0100775
0.0100775
0.0100775
0.0100776
0.0100776
0.0100776
0.0100776
0.0100776
0.0100776
0.0100777
0.0100777
0.0100777
0.0100777
0.0100777
0.0100777
0.0100778
0.0100778
0.0100778
0.0100778
0.0100778
0.0100778
0.0100779
0.0100779
0.0100779
0.0100779
0.0100779
0.0100779
0.010078
0.010078
0.010078
0.010078
0.010078
0.010078
0.0100781
0.0100781
0.0100781
0.0100781
0.0100781
0.0100781
0.0100782
0.0100782
0.0100782
0.0100782
0.0100782
0.0100782
0.0100783
0.0100783
0.0100783
0.0100783
0.0100783
0.0100783
0.0100784
0.0100784
0.0100784
0.0100784
0.0100784
0.0100784
0.00996449
0.0100785
0.0100785
0.0100785
0.0100785
0.0100785
0.0100785
0.0100786
0.0100786
0.0100786
0.0100786
0.0100786
0.0100786
0.0100787
0.0100787
0.0100787
0.0100787
0.0100787
0.0100787
0.0100788
0.0100788
0.0100788
0.0100788
0.0100788
0.0100788
0.0100789
0.0100789
0.0100789
0.0100789
0.0100789
0.0100789
0.0100789
0.010079
0.010079
0.010079
0.010079
0.010079
0.010079
0.0100791
0.0100791
0.0100791
0.0100791
0.0100791
0.0100791
0.0100792
0.0100792
0.0100792
0.0100792
0.0100792
0.0100792
0.0100793
0.0100793
0.0100793
0.0100793
0.0100793
0.0100793
0.0100793
0.0100794
0.0100794
0.0100794
0.0100794
0.0100794
0.0100794
0.0100795
0.0100795
0.0100795
0.0100795
0.0100795
0.0100795
0.00996812
0.0100796
0.0100796
0.0100796
0.0100796
0.0100796
0.0100796
0.0100797
0.0100797
0.0100797
0.0100797
0.0100797
0.0100797
0.0100798
0.0100798
0.0100798
0.0100798
0.0100798
0.0100798
0.0100799
0.0100799
0.00996923
0.0100799
0.0100799
0.0100799
0.0100799
0.01008
0.01008
0.01008
0.01008
0.01008
0.01008
0.0100801
0.0100801
0.0100801
0.0100801
0.0100801
0.0100801
0.0100801
0.0100802
0.0100802
0.0100802
0.0100802
0.0100802
0.0100802
0.0099705
0.0100803
0.0100803
0.0100803
0.0100803
0.0100803
0.0100803
0.0100804
0.0100804
0.0100804
0.0100804
0.0100804
0.0100804
0.0100805
0.0100805
0.0100805
0.0100805
0.00997141
0.0100805
0.0100805
0.0100806
0.0100806
0.0100806
0.0100806
0.0100806
0.0100806
0.0100807
0.0100807
0.0100807
0.0100807
0.0100807
0.0100807
0.0100807
0.00997227
0.0100808
0.0100808
0.0100808
0.0100808
0.0100808
0.0100809
0.0100809
0.0100809
0.0100809
0.0100809
0.0100809
0.00997292
0.010081
0.010081
0.010081
0.010081
0.010081
0.010081
0.010081
0.0100811
0.0100811
0.0100811
0.0100811
0.0100811
0.0100811
0.0100812
0.0100812
0.0100812
0.0100812
0.0100812
0.0100812
0.0100812
0.0100813
0.0100813
0.0100813
0.0100813
0.0100813
0.0100813
0.0100813
0.0100814
0.0100814
0.0100814
0.0100814
0.0100814
0.0100814
0.0100815
0.0100815
0.0100815
0.0100815
0.0100815
0.0100815
0.0100815
0.0100816
0.0100816
0.0100816
0.0100816
0.0100816
0.0100816
0.0100816
0.0100817
0.0100817
0.0100817
0.0100817
0.0100817
0.0100817
0.0100817
0.0100818
0.0100818
0.0100818
0.0100818
0.0100818
0.0100818
0.0100819
0.0100819
0.0100819
0.0100819
0.0100819
0.0100819
0.0100819
0.010082
0.010082
0.010082
0.010082
0.010082
0.010082
0.010082
0.0100821
0.0100821
0.0100821
0.00997715
0.0100821
0.0100821
0.0100821
0.0100822
0.0100822
0.0100822
0.0100822
0.0100822
0.0100822
0.0100822
0.0100823
0.0100823
0.0100823
0.0100823
0.0100823
0.0100823
0.0100823
0.0100824
0.0100824
0.0100824
0.0100824
0.0100824
0.0100824
0.0100824
0.0100825
0.0100825
0.0100825
0.0100825
0.0100825
0.0100825
0.0100825
0.0100826
0.0100826
0.0100826
0.0100826
0.0100826
0.0100826
0.0100826
0.0100827
0.0100827
0.0100827
0.0100827
0.0100827
0.0100827
0.0100827
0.0100828
0.0100828
0.0100828
0.0100828
0.0100828
0.0100828
0.0100828
0.0100829
0.0100829
0.0100829
0.0100829
0.00998028
0.0100829
0.0100829
0.010083
0.010083
0.010083
0.010083
0.010083
0.010083
0.010083
0.0100831
0.0100831
0.0100831
0.0100831
0.0100831
0.0100831
0.0100831
0.0100832
0.0100832
0.0100832
0.0100832
0.0100832
0.0100832
0.0100832
0.0100833
0.0100833
0.0100833
0.0100833
0.0100833
0.0100833
0.0100833
0.0100834
0.0100834
0.0100834
0.0100834
0.0100834
0.00998228
0.0100834
0.0100835
0.0100835
0.0100835
0.0100835
0.0100835
0.0100835
0.0100835
0.0100836
0.0100836
0.0100836
0.0100836
0.0100836
0.0100836
0.0100836
0.0100837
0.0100837
0.00998329
0.0100837
0.0100837
0.0100837
0.0100837
0.0100837
0.0100838
0.0100838
0.0100838
0.0100838
0.0100838
0.0100838
0.0100838
0.0100839
0.0100839
0.0100839
0.0100839
0.0100839
0.0100839
0.0100839
0.010084
0.010084
0.010084
0.010084
0.010084
0.010084
0.010084
0.010084
0.0100841
0.0100841
0.0100841
0.0100841
0.0100841
0.0100841
0.0100841
0.0100842
0.0100842
0.0100842
0.0100842
0.0100842
0.0100842
0.0100842
0.0100843
0.0100843
0.0100843
0.0100843
0.0100843
0.0100843
0.0100843
0.0100843
0.0100844
0.0100844
0.0100844
0.0100844
0.0100844
0.00998638
0.0100844
0.0100845
0.0100845
0.0100845
0.0100845
0.0100845
0.0100845
0.0100845
0.0100846
0.0100846
0.0100846
0.0100846
0.00998712
0.0100846
0.0100846
0.0100846
0.0100847
0.0100847
0.0100847
0.0100847
0.0100847
0.0100847
0.0100847
0.0100848
0.0100848
0.00998785
0.0100848
0.0100848
0.0100848
0.0100848
0.0100848
0.0100849
0.0100849
0.0100849
0.0100849
0.0100849
0.0100849
0.0100849
0.010085
0.010085
0.010085
0.010085
0.010085
0.010085
0.00998893
0.010085
0.0100851
0.0100851
0.0100851
0.0100851
0.0100851
0.0100851
0.0100851
0.0100852
0.0100852
0.00998956
0.0100852
0.0100852
0.0100852
0.0100852
0.0100852
0.0100853
0.0100853
0.0100853
0.0100853
0.0100853
0.0100853
0.0100853
0.0100853
0.0100854
0.0100854
0.0100854
0.0100854
0.0100854
0.0100854
0.0100854
0.0100855
0.0100855
0.0100855
0.0100855
0.0100855
0.0100855
0.0100855
0.0100855
0.0100856
0.0100856
0.0100856
0.0100856
0.0100856
0.0100856
0.0100856
0.0100856
0.0100857
0.0100857
0.0100857
0.0100857
0.0100857
0.0100857
0.0100857
0.0100858
0.0100858
0.0100858
0.0100858
0.0100858
0.0100858
0.0100858
0.0100858
0.0100859
0.00999261
0.0100859
0.0100859
0.0100859
0.0100859
0.0100859
0.00999296
0.010086
0.010086
0.010086
0.010086
0.010086
0.010086
0.010086
0.010086
0.0100861
0.0100861
0.0100861
0.0100861
0.0100861
0.0100861
0.0100861
0.0100861
0.0100862
0.0100862
0.0100862
0.0100862
0.0100862
0.0100862
0.0100862
0.0100863
0.0100863
0.0100863
0.0100863
0.0100863
0.0100863
0.0100863
0.0100863
0.0100864
0.0100864
0.0100864
0.0100864
0.0100864
0.0100864
0.0100864
0.0100864
0.0100865
0.0100865
0.0100865
0.0100865
0.0100865
0.00999557
0.0100865
0.0100865
0.0100866
0.0100866
0.0100866
0.0100866
0.0100866
0.0100866
0.0100866
0.0100866
0.0100867
0.0100867
0.0100867
0.0100867
0.00999645
0.0100867
0.0100867
0.0100867
0.0100868
0.0100868
0.0100868
0.0100868
0.0100868
0.0100868
0.0100868
0.0100868
0.0100869
0.0100869
0.0100869
0.0100869
0.0100869
0.0100869
0.0100869
0.0100869
0.010087
0.010087
0.010087
0.010087
0.010087
0.010087
0.010087
0.010087
0.0100871
0.0100871
0.0100871
0.0100871
0.0100871
0.0100871
0.0100871
0.0100871
0.0100871
0.0100872
0.0100872
0.0100872
0.0100872
0.0100872
0.0100872
0.0100872
0.0100872
0.0100873
0.0100873
0.0100873
0.0100873
0.0100873
0.0100873
0.0100873
0.0100873
0.0100874
0.0100874
0.0100874
0.0100874
0.0099998
0.0100874
0.00999992
0.00999998
0.0100875
0.0100875
0.0100875
0.0100875
0.0100875
0.0100875
0.0100875
0.0100875
0.0100876
0.0100876
0.0100876
0.0100876
0.0100876
0.0100876
0.0100876
0.0100876
0.0100876
0.0100877
0.0100877
0.0100877
0.0100877
0.0100877
0.0100877
0.0100877
0.0100877
0.0100878
0.0100878
0.0100878
0.0100878
0.0100878
0.0100878
0.0100878
0.0100878
0.0100879
0.0100879
0.0100879
0.0100879
0.0100879
0.0100879
0.0100879
0.0100879
0.0100879
0.010088
0.010088
0.010088
0.010088
0.010088
0.010088
0.010088
0.010088
0.0100881
0.0100881
0.0100881
0.0100881
0.0100881
0.0100881
0.0100881
0.0100881
0.0100881
0.0100882
0.0100882
0.0100882
0.0100882
0.0100882
0.0100882
0.0100882
0.0100882
0.0100883
0.0100883
0.0100883
0.0100883
0.0100883
0.0100883
0.0100883
0.0100883
0.0100883
0.0100884
0.0100884
0.0100884
0.0100884
0.0100884
0.0100884
0.0100884
0.0100884
0.0100885
0.0100885
0.0100885
0.0100885
0.0100885
0.0100885
0.0100885
0.0100885
0.0100885
0.0100886
0.0100886
0.0100886
0.0100886
0.0100886
0.0100886
0.0100886
0.0100886
0.0100887
0.0100887
0.0100887
0.0100887
0.0100887
0.0100887
0.0100887
0.0100887
0.0100887
0.0100888
0.0100888
0.0100888
0.0100888
0.0100888
0.0100888
0.0100888
0.0100888
0.0100888
0.0100889
0.0100889
0.0100889
0.0100889
0.0100889
0.0100889
0.0100889
0.0100889
0.010089
0.010089
0.010089
0.010089
0.010089
0.010089
0.010089
0.010089
0.010089
0.0100891
0.0100891
0.0100891
0.0100891
0.0100891
0.0100891
0.0100891
0.0100891
0.0100891
0.0100892
0.0100892
0.0100892
0.0100892
0.0100892
0.0100892
0.0100892
0.0100892
0.0100892
0.0100893
0.0100094
0.0100893
0.0100893
0.0100893
0.0100893
0.0100893
0.0100893
0.0100893
0.0100894
0.0100894
0.0100894
0.0100894
0.0100894
0.0100894
0.0100894
0.0100894
0.0100894
0.0100895
0.0100895
0.0100895
0.0100895
0.0100895
0.0100895
0.0100895
0.0100895
0.0100895
0.0100896
0.0100896
0.0100896
0.0100896
0.0100896
0.0100896
0.0100896
0.0100896
0.0100896
0.0100897
0.0100897
0.0100897
0.0100897
0.0100897
0.0100897
0.0100897
0.0100897
0.0100897
0.0100898
0.0100898
0.0100898
0.0100898
0.0100123
0.0100898
0.0100898
0.0100125
0.0100898
0.0100899
0.0100899
0.0100899
0.0100899
0.0100899
0.0100899
0.0100899
0.0100899
0.0100899
0.01009
0.01009
0.01009
0.01009
0.01009
0.01009
0.01009
0.01009
0.01009
0.0100901
0.0100901
0.0100901
0.0100901
0.0100901
0.0100901
0.0100901
0.0100901
0.0100901
0.0100902
0.0100902
0.0100902
0.0100902
0.0100145
0.0100902
0.0100902
0.0100902
0.0100902
0.0100903
0.0100903
0.0100903
0.0100903
0.0100903
0.0100903
0.0100903
0.0100903
0.0100903
0.0100903
0.0100904
0.0100904
0.0100904
0.0100904
0.0100904
0.0100904
0.0100904
0.0100904
0.0100904
0.0100905
0.0100905
0.0100905
0.0100905
0.0100905
0.0100905
0.0100905
0.0100905
0.0100905
0.0100906
0.0100906
0.0100906
0.0100906
0.0100906
0.0100906
0.010017
0.0100906
0.0100906
0.0100906
0.0100907
0.0100907
0.0100907
0.0100907
0.0100907
0.0100907
0.0100907
0.0100907
0.0100907
0.0100908
0.0100908
0.0100908
0.0100908
0.0100908
0.0100908
0.0100908
0.0100908
0.0100908
0.0100908
0.0100909
0.0100909
0.0100909
0.0100909
0.0100909
0.0100909
0.0100909
0.0100909
0.0100909
0.010091
0.010091
0.010091
0.010091
0.0100192
0.010091
0.010091
0.010091
0.010091
0.010091
0.0100911
0.0100911
0.0100911
0.0100911
0.0100911
0.0100911
0.0100911
0.0100911
0.0100911
0.0100912
0.0100912
0.0100912
0.0100912
0.0100912
0.0100912
0.0100912
0.0100912
0.0100912
0.0100912
0.0100913
0.0100913
0.0100913
0.0100913
0.0100913
0.0100913
0.0100913
0.0100913
0.0100913
0.0100913
0.0100914
0.0100914
0.0100914
0.0100914
0.0100217
0.0100914
0.0100914
0.0100914
0.0100914
0.0100915
0.0100915
0.0100915
0.0100915
0.0100915
0.0100915
0.0100224
0.0100915
0.0100225
0.0100915
0.0100916
0.0100916
0.0100916
0.0100916
0.0100916
0.0100916
0.0100916
0.0100916
0.0100916
0.0100232
0.0100917
0.0100917
0.0100917
0.0100917
0.0100917
0.0100917
0.0100917
0.0100917
0.0100917
0.0100917
0.0100918
0.0100918
0.0100918
0.0100918
0.0100918
0.0100918
0.0100918
0.0100918
0.0100918
0.0100918
0.0100919
0.0100919
0.0100919
0.0100919
0.0100919
0.0100919
0.0100919
0.0100919
0.0100919
0.0100919
0.010092
0.010092
0.010092
0.010092
0.010092
0.010092
0.010092
0.010092
0.010092
0.0100258
0.0100921
0.0100921
0.0100921
0.010026
0.0100921
0.0100921
0.0100921
0.0100921
0.0100921
0.0100264
0.0100922
0.0100922
0.0100922
0.0100922
0.0100922
0.0100922
0.0100922
0.0100922
0.0100922
0.0100922
0.0100923
0.0100923
0.0100923
0.0100923
0.0100923
0.0100923
0.0100923
0.0100923
0.0100923
0.0100923
0.0100924
0.0100278
0.0100924
0.010028
0.010028
0.0100924
0.0100924
0.0100924
0.0100924
0.0100924
0.0100925
0.0100925
0.0100285
0.0100925
0.0100925
0.0100925
0.0100288
0.0100925
0.0100925
0.010029
0.0100925
0.0100926
0.0100926
0.0100926
0.0100926
0.0100926
0.0100926
0.0100926
0.0100926
0.0100926
0.0100297
0.0100927
0.0100927
0.0100927
0.0100927
0.0100927
0.0100927
0.0100927
0.0100927
0.0100927
0.0100927
0.0100928
0.0100305
0.0100928
0.0100928
0.0100928
0.0100928
0.0100928
0.0100928
0.0100928
0.0100928
0.0100311
0.0100929
0.0100929
0.0100929
0.0100929
0.0100929
0.0100929
0.0100929
0.0100929
0.0100929
0.0100929
0.010093
0.010093
0.0100319
0.010093
0.0100321
0.010093
0.010093
0.010093
0.010093
0.010093
0.010093
0.0100931
0.0100931
0.0100931
0.0100931
0.0100931
0.0100931
0.0100329
0.0100931
0.0100931
0.0100931
0.0100332
0.0100332
0.0100932
0.0100932
0.0100932
0.0100335
0.0100932
0.0100932
0.0100337
0.0100932
0.0100932
0.0100933
0.0100933
0.0100933
0.0100341
0.0100933
0.0100933
0.0100933
0.0100933
0.0100933
0.0100933
0.0100933
0.0100934
0.0100934
0.0100934
0.0100348
0.0100934
0.0100934
0.0100934
0.0100934
0.0100352
0.0100934
0.0100934
0.0100935
0.0100935
0.0100935
0.0100935
0.0100935
0.0100935
0.0100935
0.0100935
0.0100935
0.0100935
0.0100935
0.0100936
0.0100936
0.0100936
0.0100936
0.0100936
0.0100936
0.0100936
0.0100936
0.0100936
0.0100936
0.0100936
0.0100368
0.0100369
0.0100937
0.0100937
0.0100937
0.0100937
0.0100937
0.0100937
0.0100373
0.0100374
0.0100938
0.0100938
0.0100376
0.0100377
0.0100938
0.0100938
0.0100938
0.0100938
0.0100938
0.0100938
0.0100938
0.0100938
0.0100939
0.0100939
0.0100939
0.0100939
0.0100939
0.0100939
0.0100387
0.0100939
0.0100939
0.0100939
0.0100939
0.010039
0.010094
0.010094
0.0100392
0.010094
0.010094
0.010094
0.010094
0.010094
0.010094
0.0100397
0.0100941
0.0100941
0.0100941
0.0100941
0.0100941
0.0100941
0.0100941
0.0100941
0.0100941
0.0100403
0.0100941
0.0100942
0.0100942
0.0100942
0.0100942
0.0100407
0.0100942
0.0100942
0.0100942
0.0100942
0.0100942
0.0100942
0.0100943
0.0100943
0.0100943
0.0100414
0.0100943
0.0100943
0.0100943
0.0100943
0.0100943
0.0100943
0.0100943
0.0100943
0.0100944
0.0100944
0.0100944
0.0100944
0.0100944
0.0100944
0.0100944
0.0100944
0.0100944
0.0100944
0.0100944
0.0100945
0.0100945
0.0100945
0.0100945
0.0100945
0.0100945
0.0100945
0.0100945
0.0100945
0.0100945
0.0100945
0.0100945
0.0100946
0.0100946
0.0100946
0.0100946
0.0100946
0.0100946
0.0100946
0.0100946
0.0100946
0.0100946
0.0100946
0.0100947
0.0100947
0.0100947
0.0100947
0.0100947
0.0100947
0.0100947
0.0100947
0.0100947
0.0100947
0.0100947
0.0100947
0.0100948
0.0100948
0.0100948
0.0100948
0.0100948
0.0100948
0.0100948
0.0100948
0.0100948
0.0100948
0.0100948
0.0100949
0.0100949
0.0100949
0.0100949
0.0100949
0.0100949
0.0100949
0.0100949
0.0100949
0.0100949
0.0100949
0.0100949
0.010095
0.010095
0.010095
0.010095
0.010095
0.010095
0.010095
0.010095
0.010095
0.010095
0.010095
0.010095
0.0100951
0.0100951
0.0100951
0.0100951
0.0100951
0.0100951
0.0100951
0.0100951
0.0100951
0.0100951
0.0100951
0.0100951
0.0100952
0.0100952
0.0100952
0.0100952
0.0100952
0.0100952
0.0100952
0.0100952
0.0100952
0.0100952
0.0100952
0.0100952
0.0100953
0.0100953
0.0100953
0.0100953
0.0100953
0.0100953
0.0100953
0.0100953
0.0100953
0.0100953
0.0100953
0.0100953
0.0100954
0.0100954
0.0100954
0.0100954
0.0100954
0.0100954
0.0100954
0.0100954
0.0100954
0.0100954
0.0100954
0.0100954
0.0100955
0.0100955
0.0100955
0.0100955
0.0100955
0.0100955
0.0100955
0.0100955
0.0100955
0.0100955
0.0100955
0.0100955
0.0100956
0.0100956
0.0100956
0.0100956
0.0100956
0.0100956
0.0100956
0.0100956
0.0100956
0.0100956
0.0100956
0.0100956
0.0100956
0.0100957
0.0100957
0.0100957
0.0100957
0.0100957
0.0100957
0.0100957
0.0100957
0.0100957
0.0100957
0.0100957
0.0100957
0.0100958
0.0100958
0.0100958
0.0100958
0.0100958
0.0100958
0.0100958
0.0100958
0.0100958
0.0100958
0.0100958
0.0100958
0.0100958
0.0100959
0.0100959
0.0100959
0.0100959
0.0100959
0.0100959
0.0100959
0.0100959
0.0100959
0.0100959
0.0100959
0.0100959
0.010096
0.010096
0.010096
0.010096
0.010096
0.010096
0.010096
0.010096
0.010096
0.010096
0.010096
0.010096
0.010096
0.0100961
0.0100961
0.0100961
0.0100961
0.0100961
0.0100961
0.0100961
0.0100961
0.0100961
0.0100961
0.0100961
0.0100961
0.0100961
0.0100962
0.0100962
0.0100962
0.0100962
0.0100962
0.0100962
0.0100962
0.0100962
0.0100962
0.0100962
0.0100962
0.0100962
0.0100963
0.0100963
0.0100963
0.0100963
0.0100963
0.0100963
0.0100963
0.0100963
0.0100963
0.0100963
0.0100963
0.0100963
0.0100963
0.0100964
0.0100964
0.0100964
0.0100964
0.0100964
0.0100964
0.0100964
0.0100964
0.0100964
0.0100964
0.0100964
0.0100964
0.0100964
0.0100965
0.0100965
0.0100965
0.0100965
0.0100965
0.0100965
0.0100965
0.0100965
0.0100965
0.0100965
0.0100965
0.0100965
0.0100965
0.0100966
0.0100966
0.0100966
0.0100966
0.0100966
0.0100966
0.0100966
0.0100966
0.0100966
0.0100966
0.0100966
0.0100966
0.0100966
0.0100966
0.0100967
0.0100967
0.0100967
0.0100967
0.0100967
0.0100967
0.0100967
0.0100967
0.0100967
0.0100967
0.0100967
0.0100967
0.0100967
0.0100968
0.0100968
0.0100968
0.0100968
0.0100968
0.0100968
0.0100968
0.0100968
0.0100968
0.0100968
0.0100968
0.0100968
0.0100968
0.0100969
0.0100969
0.0100969
0.0100969
0.0100969
0.0100969
0.0100969
0.0100969
0.0100969
0.0100969
0.0100969
0.0100969
0.0100969
0.0100969
0.010097
0.010097
0.010097
0.010097
0.010097
0.010097
0.010097
0.010097
0.010097
0.010097
0.010097
0.010097
0.010097
0.010097
0.0100971
0.0100971
0.0100971
0.0100971
0.0100971
0.0100971
0.0100971
0.0100971
0.0100971
0.0100971
0.0100971
0.0100971
0.0100971
0.0100972
0.0100972
0.0100972
0.0100972
0.0100972
0.0100972
0.0100972
0.0100972
0.0100972
0.0100972
0.0100972
0.0100972
0.0100972
0.0100972
0.0100973
0.0100973
0.0100973
0.0100973
0.0100973
0.0100973
0.0100973
0.0100973
0.0100973
0.0100973
0.0100973
0.0100973
0.0100973
0.0100973
0.0100974
0.0100974
0.0100974
0.0100974
0.0100974
0.0100974
0.0100974
0.0100974
0.0100974
0.0100974
0.0100974
0.0100974
0.0100974
0.0100974
0.0100975
0.0100975
0.0100975
0.0100975
0.0100975
0.0100975
0.0100975
0.0100975
0.0100975
0.0100975
0.0100975
0.0100975
0.0100975
0.0100975
0.0100976
0.0100976
0.0100976
0.0100976
0.0100976
0.0100976
0.0100976
0.0100976
0.0100976
0.0100976
0.0100976
0.0100976
0.0100976
0.0100976
0.0100976
0.0100977
0.0100977
0.0100977
0.0100977
0.0100977
0.0100977
0.0100977
0.0100977
0.0100977
0.0100977
0.0100977
0.0100977
0.0100977
0.0100977
0.0100978
0.0100978
0.0100978
0.0100978
0.0100978
0.0100978
0.0100978
0.0100978
0.0100978
0.0100978
0.0100978
0.0100978
0.0100978
0.0100978
0.0100978
0.0100979
0.0100979
0.0100979
0.0100979
0.0100979
0.0100979
0.0100979
0.0100979
0.0100979
0.0100979
0.0100979
0.0100979
0.0100979
0.0100979
0.010098
0.010098
0.010098
0.010098
0.010098
0.010098
0.010098
0.010098
0.010098
0.010098
0.010098
0.010098
0.010098
0.010098
0.010098
0.0100981
0.0100981
0.0100981
0.0100981
0.0100981
0.0100981
0.0100981
0.0100981
0.0100981
0.0100981
0.0100981
0.0100981
0.0100981
0.0100981
0.0100981
0.0100982
0.0100982
0.0100982
0.0100982
0.0100982
0.0100982
0.0100982
0.0100982
0.0100982
0.0100982
0.0100982
0.0100982
0.0100982
0.0100982
0.0100982
0.0100983
0.0100983
0.0100983
0.0100983
0.0100983
0.0100983
0.0100983
0.0100983
0.0100983
0.0100983
0.0100983
0.0100983
0.0100983
0.0100983
0.0100983
0.0100983
0.0100984
0.0100984
0.0100984
0.0100984
0.0100984
0.0100984
0.0100984
0.0100984
0.0100984
0.0100984
0.0100984
0.0100984
0.0100984
0.0100984
0.0100984
0.0100985
0.0100985
0.0100985
0.0100985
0.0100985
0.0100985
0.0100985
0.0100985
0.0100985
0.0100985
0.0100985
0.0100985
0.0100985
0.0100985
0.0100985
0.0100986
0.0100986
0.0100986
0.0100986
0.0100986
0.0100986
0.0100986
0.0100986
0.0100986
0.0100986
0.0100986
0.0100986
0.0100986
0.0100986
0.0100986
0.0100986
0.0100987
0.0100987
0.0100987
0.0100987
0.0100987
0.0100987
0.0100987
0.0100987
0.0100987
0.0100987
0.0100987
0.0100987
0.0100987
0.0100987
0.0100987
0.0100987
0.0100988
0.0100988
0.0100988
0.0100988
0.0100988
0.0100988
0.0100988
0.0100988
0.0100988
0.0100988
0.0100988
0.0100988
0.0100988
0.0100988
0.0100988
0.0100988
0.0100989
0.0100989
0.0100989
0.0100989
0.0100989
0.0100989
0.0100989
0.0100989
0.0100989
0.0100989
0.0100989
0.0100989
0.0100989
0.0100989
0.0100989
0.0100989
0.010099
0.010099
0.010099
0.010099
0.010099
0.010099
0.010099
0.010099
0.010099
0.010099
0.010099
0.010099
0.010099
0.010099
0.010099
0.010099
0.010099
0.0100991
0.0100991
0.0100991
0.0100991
0.0100991
0.0100991
0.0100991
0.0100991
0.0100991
0.0100991
0.0100991
0.0100991
0.0100991
0.0100991
0.0100991
0.0100991
0.0100992
0.0100992
0.0100992
0.0100992
0.0100992
0.0100992
0.0100992
0.0100992
0.0100992
0.0100992
0.0100992
0.0100992
0.0100992
0.0100992
0.0100992
0.0100992
0.0100992
0.0100993
0.0100993
0.0100993
0.0100993
0.0100993
0.0100993
0.0100993
0.0100993
0.0100993
0.0100993
0.0100993
0.0100993
0.0100993
0.0100993
0.0100993
0.0100993
0.0100993
0.0100994
0.0100994
0.0100994
0.0100994
0.0100994
0.0100994
0.0100994
0.0100994
0.0100994
0.0100994
0.0100994
0.0100994
0.0100994
0.0100994
0.0100994
0.0100994
0.0100994
0.0100995
0.0100995
0.0100995
0.0100995
0.0100995
0.0100995
0.0100995
0.0100995
0.0100995
0.0100995
0.0100995
0.0100995
0.0100995
0.0100995
0.0100995
0.0100995
0.0100995
0.0100996
0.0100996
0.0100996
0.0100996
0.0100996
0.0100996
0.0100996
0.0100996
0.0100996
0.0100996
0.0100996
0.0100996
0.0100996
0.0100996
0.0100996
0.0100996
0.0100996
0.0100996
0.0100997
0.0100997
0.0100997
0.0100997
0.0100997
0.0100997
0.0100997
0.0100997
0.0100997
0.0100997
0.0100997
0.0100997
0.0100997
0.0100997
0.0100997
0.0100997
0.0100997
0.0100998
0.0100998
0.0100998
0.0100998
0.0100998
0.0100998
0.0100998
0.0100998
0.0100998
0.0100998
0.0100998
0.0100998
0.0100998
0.0100998
0.0100998
0.0100998
0.0100998
0.0100998
0.0100999
0.0100999
0.0100999
0.0100999
0.0100999
0.0100999
0.0100999
0.0100999
0.0100999
0.0100999
0.0100999
0.0100999
0.0100999
0.0100999
0.0100999
0.0100999
0.0101
0.0100999
0.0100999
0.0101
0.0101
0.0101
0.0101
0.0101
0.0101
0.0101
0.0101
0.0101
0.0101
0.0101
0.0101
0.0101
0.0101
0.0101
0.0101
0.0101
0.0101
0.0101
0.0101
0.0101
0.0101
0.0101
0.0101
0.0101
0.0101
0.0101
0.0101
0.0101
0.0101
0.0101
0.0101
0.0101
0.0101
0.0101
0.0101
0.0101
0.0101
0.0101
0.0101
0.0101
0.0101
0.0101
0.0101
0.0101
0.0101
0.0101
0.0101
0.0101
0.0101
0.0101
0.0101
0.0101
0.0101
0.0101
0.0101
0.0101
0.0101
0.0101
0.0101
0.0101
0.0101
0.0101
0.0101
0.0101
0.0101
0.0101
0.0101
0.0101
0.0101
0.0101
0.0101
0.0101
0.0101
0.0101
0.0101
0.0101
0.0101
0.0101
0.0101
0.0101
0.0101
0.0101
0.0101
0.0101
0.0101
0.0101
0.0101
0.0101
0.0101
0.0101
0.0101
0.0101
0.0101
0.0101
0.0101
0.0101
0.0101
0.0101
0.0101
0.0101
0.0101
0.0101
0.0101
0.0101
0.0101
0.0101
0.0101
0.0101
0.0101
0.0101
0.0101
0.0101
0.0101
0.0101
0.0101
0.0101
0.0101
0.0101
0.0101
0.0101
0.0101
0.0101
0.0101
0.0101
0.0101
0.0101
0.0101
0.0101
0.0101
0.0101
0.0101
0.0101
0.0101
0.0101
0.0101
0.0101
0.0101
0.0101
0.0101
0.0101
0.0101
0.0101
0.0101
0.0101
0.0101
0.0101
0.0101
0.0101
0.0101
0.0101
0.0101
0.0101
0.0101
0.0101
0.0101
0.0101
0.0101
0.0101
0.0101
0.0101
0.0101
0.0101
0.0101
0.0101
0.0101
0.0101
0.0101
0.0101
0.0101
0.0101
0.0101
0.0101
0.0101
0.0101
0.0101
0.0101
0.0101
0.0101
0.0101
0.0101
0.0101
0.0101
0.0101
0.0101
0.0101
0.0101
0.0101
0.0101
0.0101
0.0101
0.0101
0.0101
0.0101
0.0101
0.0101
0.0101
0.0101
0.0101
0.0101
0.0101
0.0101
0.0101
0.0101
0.0101
0.0101
0.0101
0.0101
0.0101
0.0101
0.0101
0.0101
0.0101
0.0101
0.0101
0.0101
0.0101
0.0101
0.0101
0.0101
0.0101
0.0101
0.0101
0.0101
0.0101
0.0101
0.0101
0.0101
0.0101
0.0101
0.0101
0.0101
0.0101
0.0101
0.0101
0.0101
0.0101
0.0101
0.0101
0.0101
0.0101
0.0101
0.0101
0.0101
0.0101
0.0101
0.0101
0.0101
0.0101
0.0101
0.0101
0.0101
0.0101
0.0101
0.0101
0.0101
0.0101
0.0101
0.0101
0.0101
0.0101
0.0101
0.0101
0.0101
0.0101
0.0101
0.0101
0.0101
0.0101
0.0101
0.0101
0.0101
0.0101
0.0101
0.0101
0.0101
0.0101
0.0101
0.0101
0.0101
0.0101
0.0101
0.0101
0.0101
0.0101
0.0101
0.0101
0.0101
0.0101
0.0101
0.0101
0.0101
0.0101
0.0101
0.0101
0.0101
0.0101
0.0101
0.0101
0.0101
0.0101
0.0101
0.0101
0.0101
0.0101
0.0101
0.0101
0.0101
0.0101
0.0101
0.0101
0.0101
0.0101
0.0101
0.0101
0.0101
0.0101
0.0101
0.0101
0.0101
0.0101
0.0101
0.0101
0.0101
0.0101
0.0101
0.0101
0.0101
0.0101
0.0101
0.0101
0.0101
0.0101
0.0101
0.0101
0.0101
0.0101
0.0101
0.0101
0.0101
0.0101
0.0101
0.0101
0.0101
0.0101
0.0101
0.0101
0.0101
0.0101
0.0101
0.0101
0.0101
0.0101
0.0101
0.0101
0.0101
0.0101
0.0101
0.0101
0.0101
0.0101
0.0101
0.0101
0.0101
0.0101
0.0101
0.0101
0.0101
0.0101
0.0101
0.0101
0.0101
0.0101
0.0101
0.0101
0.0101
0.0101
0.0101
0.0101
0.0101
0.0101
0.0101
0.0101
0.0101
0.0101
0.0101
0.0101
0.0101
0.0101
0.0101
0.0101
0.0101
0.0101
0.0101
0.0101
0.0101
0.0101
0.0101
0.0101
0.0101
0.0101
0.0101
0.0101
0.0101
0.0101
0.0101
0.0101
0.0101
0.0101
0.0101
0.0101
0.0101
0.0101
0.0101
0.0101
0.0101
0.0101
0.0101
0.0101
0.0101
0.0101
0.0101
0.0101
0.0101
0.0101
0.0101
0.0101
0.0101
0.0101
0.0101
0.0101
0.0101
0.0101
0.0101
0.0101
0.0101
0.0101
0.0101
0.0101
0.0101
0.0101
0.0101
0.0101
0.0101
0.0101
0.0101
0.0101
0.0101
0.0101
0.0101
0.0101
0.0101
0.0101
0.0101
0.0101
0.0101
0.0101
0.0101
0.0101
0.0101
0.0101
0.0101
0.0101
0.0101
0.0101
0.0101
0.0101
0.0101
0.0101
0.0101
0.0101
0.0101
0.0101
0.0101
0.0101
0.0101
0.0101
0.0101
0.0101
0.0101
0.0101
0.0101
0.0101
0.0101
0.0101
0.0101
0.0101
0.0101
0.0101
0.0101
0.0101
0.0101
0.0101
0.0101
0.0101
0.0101
0.0101
0.0101
0.0101
0.0101
0.0101
0.0101
0.0101
0.0101
0.0101
0.0101
0.0101
0.0101
0.0101
0.0101
0.0101
0.0101
0.0101
0.0101
0.0101
0.0101
0.0101
0.0101
0.0101
0.0101
0.0101
0.0101
0.0101
0.0101
0.0101
0.0101
0.0101
0.0101
0.0101
0.0101
0.0101
0.0101
0.0101
0.0101
0.0101
0.0101
0.0101
0.0101
0.0101
0.0101
0.0101
0.0101
0.0101
0.0101
0.0101
0.0101
0.0101
0.0101
0.0101
0.0101
0.0101
0.0101
0.0101
0.0101
0.0101
0.0101
0.0101
0.0101
0.0101
0.0101
0.0101
0.0101
0.0101
0.0101
0.0101
0.0101
0.0101
0.0101
0.0101
0.0101
0.0101
0.0101
0.0101
0.0101
0.0101
0.0101
0.0101
0.0101
0.0101
0.0101
0.0101
0.0101
0.0101
0.0101
0.0101
0.0101
0.0101
0.0101
0.0101
0.0101
0.0101
0.0101
0.0101
0.0101
0.0101
0.0101
0.0101
0.0101
0.0101
0.0101
0.0101
0.0101
0.0101
0.0101
0.0101
0.0101
0.0101
0.0101
0.0101
0.0101
0.0101
0.0101
0.0101
0.0101
0.0101
0.0101
0.0101
0.0101
0.0101
0.0101
0.0101
0.0101
0.0101
0.0101
0.0101
0.0101
0.0101
0.0101
0.0101
0.0101
0.0101
0.0101
0.0101
0.0101
0.0101
0.0101
0.0101
0.0101
0.0101
0.0101
0.0101
0.0101
0.0101
0.0101
0.0101
0.0101
0.0101
0.0101
0.0101
0.0101
0.0101
0.0101
0.0101
0.0101
0.0101
0.0101
0.0101
0.0101
0.0101
0.0101
0.0101
0.0101
0.0101
0.0101
0.0101
0.0101
0.0101
0.0101
0.0101
0.0101
0.0101
0.0101
0.0101
0.0101
0.0101
0.0101
0.0101
0.0101
0.0101
0.0101
0.0101
0.0101
0.0101
0.0101
0.0101
0.0101
0.0101
0.0101
0.0101
0.0101
0.0101
0.0101
0.0101
0.0101
0.0101
0.0101
0.0101
0.0101
0.0101
0.0101
0.0101
0.0101
0.0101
0.0101
0.0101
0.0101
0.0101
0.0101
0.0101
0.0101
0.0101
0.0101
0.0101
0.0101
0.0101
0.0101
0.0101
0.0101
0.0101
0.0101
0.0101
0.0101
0.0101
0.0101
0.0101
0.0101
0.0101
0.0101
0.0101
0.0101
0.0101
0.0101
0.0101
0.0101
0.0101
0.0101
0.0101
0.0101
0.0101
0.0101
0.0101
0.0101
0.0101
0.0101
0.0101
0.0101
0.0101
0.0101
0.0101
0.0101
0.0101
0.0101
0.0101
0.0101
0.0101
0.0101
0.0101
0.0101
0.0101
0.0101
0.0101
0.0101
0.0101
0.0101
0.0101
0.0101
0.0101
0.0101
0.0101
0.0101
0.0101
0.0101
0.0101
0.0101
0.0101
0.0101
0.0101
0.0101
0.0101
0.0101
0.0101
0.0101
0.0101
0.0101
0.0101
0.0101
0.0101
0.0101
0.0101
0.0101
0.0101
0.0101
0.0101
0.0101
0.0101
0.0101
0.0101
0.0101
0.0101
0.0101
0.0101
0.0101
0.0101
0.0101
0.0101
0.0101
0.0101
0.0101
0.0101
0.0101
0.0101
0.0101
0.0101
0.0101
0.0101
0.0101
0.0101
0.0101
0.0101
0.0101
0.0101
0.0101
0.0101
0.0101
0.0101
0.0101
0.0101
0.0101
0.0101
0.0101
0.0101
0.0101
0.0101
0.0101
0.0101
0.0101
0.0101
0.0101
0.0101
0.0101
0.0101
0.0101
0.0101
0.0101
0.0101
0.0101
0.0101
0.0101
0.0101
0.0101
0.0101
0.0101
0.0101
0.0101
0.0101
0.0101
0.0101
0.0101
0.0101
0.0101
0.0101
0.0101
0.0101
0.0101
0.0101
0.0101
0.0101
0.0101
0.0101
0.0101
0.0101
0.0101
0.0101
0.0101
0.0101
0.0101
0.0101
0.0101
0.0101
0.0101
0.0101
0.0101
0.0101
0.0101
0.0101
0.0101
0.0101
0.0101
0.0101
0.0101
0.0101
0.0101
0.0101
0.0101
0.0101
0.0101
0.0101
0.0101
0.0101
0.0101
0.0101
0.0101
0.0101
0.0101
0.0101
0.0101
0.0101
0.0101
0.0101
0.0101
0.0101
0.0101
0.0101
0.0101
0.0101
0.0101
0.0101
0.0101
0.0101
0.0101
0.0101
0.0101
0.0101
0.0101
0.0101
0.0101
0.0101
0.0101
0.0101
0.0101
0.0101
0.0101
0.0101
0.0101
0.0101
0.0101
0.0101
0.0101
0.0101
0.0101
0.0101
0.0101
0.0101
0.0101
0.0101
0.0101
0.0101
0.0101
0.0101
0.0101
0.0101
0.0101
0.0101
0.0101
0.0101
0.0101
0.0101
0.0101
0.0101
0.0101
0.0101
0.0101
0.0101
0.0101
0.0101
0.0101
0.0101
0.0101
0.0101
0.0101
0.0101
0.0101
0.0101
0.0101
0.0101
0.0101
0.0101
0.0101
0.0101
0.0101
0.0101
0.0101
0.0101
0.0101
0.0101
0.0101
0.0101
0.0101
0.0101
0.0101
0.0101
0.0101
0.0101
0.0101
0.0101
0.0101
0.0101
0.0101
0.0101
0.0101
0.0101
0.0101
0.0101
0.0101
0.0101
0.0101
0.0101
0.0101
0.0101
0.0101
0.0101
0.0101
0.0101
0.0101
0.0101
0.0101
0.0101
0.0101
0.0101
0.0101
0.0101
0.0101
0.0101
0.0101
0.0101
0.0101
0.0101
0.0101
0.0101
0.0101
0.0101
0.0101
0.0101
0.0101
0.0101
0.0101
0.0101
0.0101
0.0101
0.0101
0.0101
0.0101
0.0101
0.0101
0.0101
0.0101
0.0101
0.0101
0.0101
0.0101
0.0101
0.0101
0.0101
0.0101
0.0101
0.0101
0.0101
0.0101
0.0101
0.0101
0.0101
0.0101
0.0101
0.0101
0.0101
0.0101
0.0101
0.0101
0.0101
0.0101
0.0101
0.0101
0.0101
0.0101
0.0101
0.0101
0.0101
0.0101
0.0101
0.0101
0.0101
0.0101
0.0101
0.0101
0.0101
0.0101
0.0101
0.0101
0.0101
0.0101
0.0101
0.0101
0.0101
0.0101
0.0101
0.0101
0.0101
0.0101
0.0101
0.0101
0.0101
0.0101
0.0101
0.0101
0.0101
0.0101
0.0101
0.0101
0.0101
0.0101
0.0101
0.0101
0.0101
0.0101
0.0101
0.0101
0.0101
0.0101
0.0101
0.0101
0.0101
0.0101
0.0101
0.0101
0.0101
0.0101
0.0101
0.0101
0.0101
0.0101
0.0101
0.0101
0.0101
0.0101
0.0101
0.0101
0.0101
0.0101
0.0101
0.0101
0.0101
0.0101
0.0101
0.0101
0.0101
0.0101
0.0101
0.0101
0.0101
0.0101
0.0101
0.0101
0.0101
0.0101
0.0101
0.0101
0.0101
0.0101
0.0101
0.0101
0.0101
0.0101
0.0101
0.0101
0.0101
0.0101
0.0101
0.0101
0.0101
0.0101
0.0101
0.0101
0.0101
0.0101
0.0101
0.0101
0.0101
0.0101
0.0101
0.0101
0.0101
0.0101
0.0101
0.0101
0.0101
0.0101
0.0101
0.0101
0.0101
0.0101
0.0101
0.0101
0.0101
0.0101
0.0101
0.0101
0.0101
0.0101
0.0101
0.0101
0.0101
0.0101
0.0101
0.0101
0.0101
0.0101
0.0101
0.0101
0.0101
0.0101
0.0101
0.0101
0.0101
0.0101
0.0101
0.0101
0.0101
0.0101
0.0101
0.0101
0.0101
0.0101
0.0101
0.0101
0.0101
0.0101
0.0101
0.0101
0.0101
0.0101
0.0101
0.0101
0.0101
0.0101
0.0101
0.0101
0.0101
0.0101
0.0101
0.0101
0.0101
0.0101
0.0101
0.0101
0.0101
0.0101
0.0101
0.0101
0.0101
0.0101
0.0101
0.0101
0.0101
0.0101
0.0101
0.0101
0.0101
0.0101
0.0101
0.0101
0.0101
0.0101
0.0101
0.0101
0.0101
0.0101
0.0101
0.0101
0.0101
0.0101
0.0101
0.0101
0.0101
0.0101
0.0101
0.0101
0.0101
0.0101
0.0101
0.0101
0.0101
0.0101
0.0101
0.0101
0.0101
0.0101
0.0101
0.0101
0.0101
0.0101
0.0101
0.0101
0.0101
0.0101
0.0101
0.0101
0.0101
0.0101
0.0101
0.0101
0.0101
0.0101
0.0101
0.0101
0.0101
0.0101
0.0101
0.0101
0.0101
0.0101
0.0101
0.0101
0.0101
0.0101
0.0101
0.0101
0.0101
0.0101
0.0101
0.0101
0.0101
0.0101
0.0101
0.0101
0.0101
0.0101
0.0101
0.0101
0.0101
0.0101
0.0101
0.0101
0.0101
0.0101
0.0101
0.0101
0.0101
0.0101
0.0101
0.0101
0.0101
0.0101
0.0101
0.0101
0.0101
0.0101
0.0101
0.0101
0.0101
0.0101
0.0101
0.0101
0.0101
0.0101
0.0101
0.0101
0.0101
0.0101
0.0101
0.0101
0.0101
0.0101
0.0101
0.0101
0.0101
0.0101
0.0101
0.0101
0.0101
0.0101
0.0101
0.0101
0.0101
0.0101
0.0101
0.0101
0.0101
0.0101
0.0101
0.0101
0.0101
0.0101
0.0101
0.0101
0.0101
0.0101
0.0101
0.0101
0.0101
0.0101
0.0101
0.0101
0.0101
0.0101
0.0101
0.0101
0.0101
0.0101
0.0101
0.0101
0.0101
0.0101
0.0101
0.0101
0.0101
0.0101
0.0101
0.0101
0.0101
0.0101
0.0101
0.0101
0.0101
0.0101
0.0101
0.0101
0.0101
0.0101
0.0101
0.0101
0.0101
0.0101
0.0101
0.0101
0.0101
0.0101
0.0101
0.0101
0.0101
0.0101
0.0101
0.0101
0.0101
0.0101
0.0101
0.0101
0.0101
0.0101
0.0101
0.0101
0.0101
0.0101
0.0101
0.0101
0.0101
0.0101
0.0101
0.0101
0.0101
0.0101
0.0101
0.0101
0.0101
0.0101
0.0101
0.0101
0.0101
0.0101
0.0101
0.0101
0.0101
0.0101
0.0101
0.0101
0.0101
0.0101
0.0101
0.0101
0.0101
0.0101
0.0101
0.0101
0.0101
0.0101
0.0101
0.0101
0.0101
0.0101
0.0101
0.0101
0.0101
0.0101
0.0101
0.0101
0.0101
0.0101
0.0101
0.0101
0.0101
0.0101
0.0101
0.0101
0.0101
0.0101
0.0101
0.0101
0.0101
0.0101
0.0101
0.0101
0.0101
0.0101
0.0101
0.0101
0.0101
0.0101
0.0101
0.0101
0.0101
0.0101
0.0101
0.0101
0.0101
0.0101
0.0101
0.0101
0.0101
0.0101
0.0101
0.0101
0.0101
0.0101
0.0101
0.0101
0.0101
0.0101
0.0101
0.0101
0.0101
0.0101
0.0101
0.0101
0.0101
0.0101
0.0101
0.0101
0.0101
0.0101
0.0101
0.0101
0.0101
0.0101
0.0101
0.0101
0.0101
0.0101
0.0101
0.0101
0.0101
0.0101
0.0101
0.0101
0.0101
0.0101
0.0101
0.0101
0.0101
0.0101
0.0101
0.0101
0.0101
0.0101
0.0101
0.0101
0.0101
0.0101
0.0101
0.0101
0.0101
0.0101
0.0101
0.0101
0.0101
0.0101
0.0101
0.0101
0.0101
0.0101
0.0101
0.0101
0.0101
0.0101
0.0101
0.0101
0.0101
0.0101
0.0101
0.0101
0.0101
0.0101
0.0101
0.0101
0.0101
0.0101
0.0101
0.0101
0.0101
0.0101
0.0101
0.0101
0.0101
0.0101
0.0101
0.0101
0.0101
0.0101
0.0101
0.0101
0.0101
0.0101
0.0101
0.0101
0.0101
0.0101
0.0101
0.0101
0.0101
0.0101
0.0101
0.0101
0.0101
0.0101
0.0101
0.0101
0.0101
0.0101
0.0101
0.0101
0.0101
0.0101
0.0101
0.0101
0.0101
0.0101
0.0101
0.0101
0.0101
0.0101
0.0101
0.0101
0.0101
0.0101
0.0101
0.0101
0.0101
0.0101
0.0101
0.0101
0.0101
0.0101
0.0101
0.0101
0.0101
0.0101
0.0101
0.0101
0.0101
0.0101
0.0101
0.0101
0.0101
0.0101
0.0101
0.0101
0.0101
0.0101
0.0101
0.0101
0.0101
0.0101
0.0101
0.0101
0.0101
0.0101
0.0101
0.0101
0.0101
0.0101
0.0101
0.0101
0.0101
0.0101
0.0101
0.0101
0.0101
0.0101
0.0101
0.0101
0.0101
0.0101
0.0101
0.0101
0.0101
0.0101
0.0101
0.0101
0.0101
0.0101
0.0101
0.0101
0.0101
0.0101
0.0101
0.0101
0.0101
0.0101
0.0101
0.0101
0.0101
0.0101
0.0101
0.0101
0.0101
0.0101
0.0101
0.0101
0.0101
0.0101
0.0101
0.0101
0.0101
0.0101
0.0101
0.0101
0.0101
0.0101
0.0101
0.0101
0.0101
0.0101
0.0101
0.0101
0.0101
0.0101
0.0101
0.0101
0.0101
0.0101
0.0101
0.0101
0.0101
0.0101
0.0101
0.0101
0.0101
0.0101
0.0101
0.0101
0.0101
0.0101
0.0101
0.0101
0.0101
0.0101
0.0101
0.0101
0.0101
0.0101
0.0101
0.0101
0.0101
0.0101
0.0101
0.0101
0.0101
0.0101
0.0101
0.0101
0.0101
0.0101
0.0101
0.0101
0.0101
0.0101
0.0101
0.0101
0.0101
0.0101
0.0101
0.0101
0.0101
0.0101
0.0101
0.0101
0.0101
0.0101
0.0101
0.0101
0.0101
0.0101
0.0101
0.0101
0.0101
0.0101
0.0101
0.0101
0.0101
0.0101
0.0101
0.0101
0.0101
0.0101
0.0101
0.0101
0.0101
0.0101
0.0101
0.0101
0.0101
0.0101
0.0101
0.0101
0.0101
0.0101
0.0101
0.0101
0.0101
0.0101
0.0101
0.0101
0.0101
0.0101
0.0101
0.0101
0.0101
0.0101
0.0101
0.0101
0.0101
0.0101
0.0101
0.0101
0.0101
0.0101
0.0101
0.0101
0.0101
0.0101
0.0101
0.0101
0.0101
0.0101
0.0101
0.0101
0.0101
0.0101
0.0101
0.0101
0.0101
0.0101
0.0101
0.0101
0.0101
0.0101
0.0101
0.0101
0.0101
0.0101
0.0101
0.0101
0.0101
0.0101
0.0101
0.0101
0.0101
0.0101
0.0101
0.0101
0.0101
0.0101
0.0101
0.0101
0.0101
0.0101
0.0101
0.0101
0.0101
0.0101
0.0101
0.0101
0.0101
0.0101
0.0101
0.0101
0.0101
0.0101
0.0101
0.0101
0.0101
0.0101
0.0101
0.0101
0.0101
0.0101
0.0101
0.0101
0.0101
0.0101
0.0101
0.0101
0.0101
0.0101
0.0101
0.0101
0.0101
0.0101
0.0101
0.0101
0.0101
0.0101
0.0101
0.0101
0.0101
0.0101
0.0101
0.0101
0.0101
0.0101
0.0101
0.0101
0.0101
0.0101
0.0101
0.0101
0.0101
0.0101
0.0101
0.0101
0.0101
0.0101
0.0101
0.0101
0.0101
0.0101
0.0101
0.0101
0.0101
0.0101
0.0101
0.0101
0.0101
0.0101
0.0101
0.0101
0.0101
0.0101
0.0101
0.0101
0.0101
0.0101
0.0101
0.0101
0.0101
0.0101
0.0101
0.0101
0.0101
0.0101
0.0101
0.0101
0.0101
0.0101
0.0101
0.0101
0.0101
0.0101
0.0101
0.0101
0.0101
0.0101
0.0101
0.0101
0.0101
0.0101
0.0101
0.0101
0.0101
0.0101
0.0101
0.0101
0.0101
0.0101
0.0101
0.0101
0.0101
0.0101
0.0101
0.0101
0.0101
0.0101
0.0101
0.0101
0.0101
0.0101
0.0101
0.0101
0.0101
0.0101
0.0101
0.0101
0.0101
0.0101
0.0101
0.0101
0.0101
0.0101
0.0101
0.0101
0.0101
0.0101
0.0101
0.0101
0.0101
0.0101
0.0101
0.0101
0.0101
0.0101
0.0101
0.0101
0.0101
0.0101
0.0101
0.0101
0.0101
0.0101
0.0101
0.0101
0.0101
0.0101
0.0101
0.0101
0.0101
0.0101
0.0101
0.0101
0.0101
0.0101
0.0101
0.0101
0.0101
0.0101
0.0101
0.0101
0.0101
0.0101
0.0101
0.0101
0.0101
0.0101
0.0101
0.0101
0.0101
0.0101
0.0101
0.0101
0.0101
0.0101
0.0101
0.0101
0.0101
0.0101
0.0101
0.0101
0.0101
0.0101
0.0101
0.0101
0.0101
0.0101
0.0101
0.0101
0.0101
0.0101
0.0101
0.0101
0.0101
0.0101
0.0101
0.0101
0.0101
0.0101
0.0101
0.0101
0.0101
0.0101
0.0101
0.0101
0.0101
0.0101
0.0101
0.0101
0.0101
0.0101
0.0101
0.0101
0.0101
0.0101
0.0101
0.0101
0.0101
0.0101
0.0101
0.0101
0.0101
0.0101
0.0101
0.0101
0.0101
0.0101
0.0101
0.0101
0.0101
0.0101
0.0101
0.0101
0.0101
0.0101
0.0101
0.0101
0.0101
0.0101
0.0101
0.0101
0.0101
0.0101
0.0101
0.0101
0.0101
0.0101
0.0101
0.0101
0.0101
0.0101
0.0101
0.0101
0.0101
0.0101
0.0101
0.0101
0.0101
0.0101
0.0101
0.0101
0.0101
0.0101
0.0101
0.0101
0.0101
0.0101
0.0101
0.0101
0.0101
0.0101
0.0101
0.0101
0.0101
0.0101
0.0101
0.0101
0.0101
0.0101
0.0101
0.0101
0.0101
0.0101
0.0101
0.0101
0.0101
0.0101
0.0101
0.0101
0.0101
0.0101
0.0101
0.0101
0.0101
0.0101
0.0101
0.0101
0.0101
0.0101
0.0101
0.0101
0.0101
0.0101
0.0101
0.0101
0.0101
0.0101
0.0101
0.0101
0.0101
0.0101
0.0101
0.0101
0.0101
0.0101
0.0101
0.0101
0.0101
0.0101
0.0101
0.0101
0.0101
0.0101
0.0101
0.0101
0.0101
0.0101
0.0101
0.0101
0.0101
0.0101
0.0101
0.0101
0.0101
0.0101
0.0101
0.0101
0.0101
0.0101
0.0101
0.0101
0.0101
0.0101
0.0101
0.0101
0.0101
0.0101
0.0101
0.0101
0.0101
0.0101
0.0101
0.0101
0.0101
0.0101
0.0101
0.0101
0.0101
0.0101
0.0101
0.0101
0.0101
0.0101
0.0101
0.0101
0.0101
0.0101
0.0101
0.0101
0.0101
0.0101
0.0101
0.0101
0.0101
0.0101
0.0101
0.0101
0.0101
0.0101
0.0101
0.0101
0.0101
0.0101
0.0101
0.0101
0.0101
0.0101
0.0101
0.0101
0.0101
0.0101
0.0101
0.0101
0.0101
0.0101
0.0101
0.0101
0.0101
0.0101
0.0101
0.0101
0.0101
0.0101
0.0101
0.0101
0.0101
0.0101
0.0101
0.0101
0.0101
0.0101
0.0101
0.0101
0.0101
0.0101
0.0101
0.0101
0.0101
0.0101
0.0101
0.0101
0.0101
0.0101
0.0101
0.0101
0.0101
0.0101
0.0101
0.0101
0.0101
0.0101
0.0101
0.0101
0.0101
0.0101
0.0101
0.0101
0.0101
0.0101
0.0101
0.0101
0.0101
0.0101
0.0101
0.0101
0.0101
0.0101
0.0101
0.0101
0.0101
0.0101
0.0101
0.0101
0.0101
0.0101
0.0101
0.0101
0.0101
0.0101
0.0101
0.0101
0.0101
0.0101
0.0101
0.0101
0.0101
0.0101
0.0101
0.0101
0.0101
0.0101
0.0101
0.0101
0.0101
0.0101
0.0101
0.0101
0.0101
0.0101
0.0101
0.0101
0.0101
0.0101
0.0101
0.0101
0.0101
0.0101
0.0101
0.0101
0.0101
0.0101
0.0101
0.0101
0.0101
0.0101
0.0101
0.0101
0.0101
0.0101
0.0101
0.0101
0.0101
0.0101
0.0101
0.0101
0.0101
0.0101
0.0101
0.0101
0.0101
0.0101
0.0101
0.0101
0.0101
0.0101
0.0101
0.0101
0.0101
0.0101
0.0101
0.0101
0.0101
0.0101
0.0101
0.0101
0.0101
0.0101
0.0101
0.0101
0.0101
0.0101
0.0101
0.0101
0.0101
0.0101
0.0101
0.0101
0.0101
0.0101
0.0101
0.0101
0.0101
0.0101
0.0101
0.0101
0.0101
0.0101
0.0101
0.0101
0.0101
0.0101
0.0101
0.0101
0.0101
0.0101
0.0101
0.0101
0.0101
0.0101
0.0101
0.0101
0.0101
0.0101
0.0101
0.0101
0.0101
0.0101
0.0101
0.0101
0.0101
0.0101
0.0101
0.0101
0.0101
0.0101
0.0101
0.0101
0.0101
0.0101
0.0101
0.0101
0.0101
0.0101
0.0101
0.0101
0.0101
0.0101
0.0101
0.0101
0.0101
0.0101
0.0101
0.0101
0.0101
0.0101
0.0101
0.0101
0.0101
0.0101
0.0101
0.0101
0.0101
0.0101
0.0101
0.0101
0.0101
0.0101
0.0101
0.0101
0.0101
0.0101
0.0101
0.0101
0.0101
0.0101
0.0101
0.0101
0.0101
0.0101
0.0101
0.0101
0.0101
0.0101
0.0101
0.0101
0.0101
0.0101
0.0101
0.0101
0.0101
0.0101
0.0101
0.0101
0.0101
0.0101
0.0101
0.0101
0.0101
0.0101
0.0101
0.0101
0.0101
0.0101
0.0101
0.0101
0.0101
0.0101
0.0101
0.0101
0.0101
0.0101
0.0101
0.0101
0.0101
0.0101
0.0101
0.0101
0.0101
0.0101
0.0101
0.0101
0.0101
0.0101
0.0101
0.0101
0.0101
0.0101
0.0101
0.0101
0.0101
0.0101
0.0101
0.0101
0.0101
0.0101
0.0101
0.0101
0.0101
0.0101
0.0101
0.0101
0.0101
0.0101
0.0101
0.0101
0.0101
0.0101
0.0101
0.0101
0.0101
0.0101
0.0101
0.0101
0.0101
0.0101
0.0101
0.0101
0.0101
0.0101
0.0101
0.0101
0.0101
0.0101
0.0101
0.0101
0.0101
0.0101
0.0101
0.0101
0.0101
0.0101
0.0101
0.0101
0.0101
0.0101
0.0101
0.0101
0.0101
0.0101
0.0101
0.0101
0.0101
0.0101
0.0101
0.0101
0.0101
0.0101
0.0101
0.0101
0.0101
0.0101
0.0101
0.0101
0.0101
0.0101
0.0101
0.0101
0.0101
0.0101
0.0101
0.0101
0.0101
0.0101
0.0101
0.0101
0.0101
0.0101
0.0101
0.0101
0.0101
0.0101
0.0101
0.0101
0.0101
0.0101
0.0101
0.0101
0.0101
0.0101
0.0101
0.0101
0.0101
0.0101
0.0101
0.0101
0.0101
0.0101
0.0101
0.0101
0.0101
0.0101
0.0101
0.0101
0.0101
0.0101
0.0101
0.0101
0.0101
0.0101
0.0101
0.0101
0.0101
0.0101
0.0101
0.0101
0.0101
0.0101
0.0101
0.0101
0.0101
0.0101
0.0101
0.0101
0.0101
0.0101
0.0101
0.0101
0.0101
0.0101
0.0101
0.0101
0.0101
0.0101
0.0101
0.0101
0.0101
0.0101
0.0101
0.0101
0.0101
0.0101
0.0101
0.0101
0.0101
0.0101
0.0101
0.0101
0.0101
0.0101
0.0101
0.0101
0.0101
0.0101
0.0101
0.0101
0.0101
0.0101
0.0101
0.0101
0.0101
0.0101
0.0101
0.0101
0.0101
0.0101
0.0101
0.0101
0.0101
0.0101
0.0101
0.0101
0.0101
0.0101
0.0101
0.0101
0.0101
0.0101
0.0101
0.0101
0.0101
0.0101
0.0101
0.0101
0.0101
0.0101
0.0101
0.0101
0.0101
0.0101
0.0101
0.0101
0.0101
0.0101
0.0101
0.0101
0.0101
0.0101
0.0101
0.0101
0.0101
0.0101
0.0101
0.0101
0.0101
0.0101
0.0101
0.0101
0.0101
0.0101
0.0101
0.0101
0.0101
0.0101
0.0101
0.0101
0.0101
0.0101
0.0101
0.0101
0.0101
0.0101
0.0101
0.0101
0.0101
0.0101
0.0101
0.0101
0.0101
0.0101
0.0101
0.0101
0.0101
0.0101
0.0101
0.0101
0.0101
0.0101
0.0101
0.0101
0.0101
0.0101
0.0101
0.0101
0.0101
0.0101
0.0101
0.0101
0.0101
0.0101
0.0101
0.0101
0.0101
0.0101
0.0101
0.0101
0.0101
0.0101
0.0101
0.0101
0.0101
0.0101
0.0101
0.0101
0.0101
0.0101
0.0101
0.0101
0.0101
0.0101
0.0101
0.0101
0.0101
0.0101
0.0101
0.0101
0.0101
0.0101
0.0101
0.0101
0.0101
0.0101
0.0101
0.0101
0.0101
0.0101
0.0101
0.0101
0.0101
0.0101
0.0101
0.0101
0.0101
0.0101
0.0101
0.0101
0.0101
0.0101
0.0101
0.0101
0.0101
0.0101
0.0101
0.0101
0.0101
0.0101
0.0101
0.0101
0.0101
0.0101
0.0101
0.0101
0.0101
0.0101
0.0101
0.0101
0.0101
0.0101
0.0101
0.0101
0.0101
0.0101
0.0101
0.0101
0.0101
0.0101
0.0101
0.0101
0.0101
0.0101
0.0101
0.0101
0.0101
0.0101
0.0101
0.0101
0.0101
0.0101
0.0101
0.0101
0.0101
0.0101
0.0101
0.0101
0.0101
0.0101
0.0101
0.0101
0.0101
0.0101
0.0101
0.0101
0.0101
0.0101
0.0101
0.0101
0.0101
0.0101
0.0101
0.0101
0.0101
0.0101
0.0101
0.0101
0.0101
0.0101
0.0101
0.0101
0.0101
0.0101
0.0101
0.0101
0.0101
0.0101
0.0101
0.0101
0.0101
0.0101
0.0101
0.0101
0.0101
0.0101
0.0101
0.0101
0.0101
0.0101
0.0101
0.0101
0.0101
0.0101
0.0101
0.0101
0.0101
0.0101
0.0101
0.0101
0.0101
0.0101
0.0101
0.0101
0.0101
0.0101
0.0101
0.0101
0.0101
0.0101
0.0101
0.0101
0.0101
0.0101
0.0101
0.0101
0.0101
0.0101
0.0101
0.0101
0.0101
0.0101
0.0101
0.0101
0.0101
0.0101
0.0101
0.0101
0.0101
0.0101
0.0101
0.0101
0.0101
0.0101
0.0101
0.0101
0.0101
0.0101
0.0101
0.0101
0.0101
0.0101
0.0101
0.0101
0.0101
0.0101
0.0101
0.0101
0.0101
0.0101
0.0101
0.0101
0.0101
0.0101
0.0101
0.0101
0.0101
0.0101
0.0101
0.0101
0.0101
0.0101
0.0101
0.0101
0.0101
0.0101
0.0101
0.0101
0.0101
0.0101
0.0101
0.0101
0.0101
0.0101
0.0101
0.0101
0.0101
0.0101
0.0101
0.0101
0.0101
0.0101
0.0101
0.0101
0.0101
0.0101
0.0101
0.0101
0.0101
0.0101
0.0101
0.0101
0.0101
0.0101
0.0101
0.0101
0.0101
0.0101
0.0101
0.0101
0.0101
0.0101
0.0101
0.0101
0.0101
0.0101
0.0101
0.0101
0.0101
0.0101
0.0101
0.0101
0.0101
0.0101
0.0101
0.0101
0.0101
0.0101
0.0101
0.0101
0.0101
0.0101
0.0101
0.0101
0.0101
0.0101
0.0101
0.0101
0.0101
0.0101
0.0101
0.0101
0.0101
0.0101
0.0101
0.0101
0.0101
0.0101
0.0101
0.0101
0.0101
0.0101
0.0101
0.0101
0.0101
0.0101
0.0101
0.0101
0.0101
0.0101
0.0101
0.0101
0.0101
0.0101
0.0101
0.0101
0.0101
0.0101
0.0101
0.0101
0.0101
0.0101
0.0101
0.0101
0.0101
0.0101
0.0101
0.0101
0.0101
0.0101
0.0101
0.0101
0.0101
0.0101
0.0101
0.0101
0.0101
0.0101
0.0101
0.0101
0.0101
0.0101
0.0101
0.0101
0.0101
0.0101
0.0101
0.0101
0.0101
0.0101
0.0101
0.0101
0.0101
0.0101
0.0101
0.0101
0.0101
0.0101
0.0101
0.0101
0.0101
0.0101
0.0101
0.0101
0.0101
0.0101
0.0101
0.0101
0.0101
0.0101
0.0101
0.0101
0.0101
0.0101
0.0101
0.0101
0.0101
0.0101
0.0101
0.0101
0.0101
0.0101
0.0101
0.0101
0.0101
0.0101
0.0101
0.0101
0.0101
0.0101
0.0101
0.0101
0.0101
0.0101
0.0101
0.0101
0.0101
0.0101
0.0101
0.0101
0.0101
0.0101
0.0101
0.0101
0.0101
0.0101
0.0101
0.0101
0.0101
0.0101
0.0101
0.0101
0.0101
0.0101
0.0101
0.0101
0.0101
0.0101
0.0101
0.0101
0.0101
0.0101
0.0101
0.0101
0.0101
0.0101
0.0101
0.0101
0.0101
0.0101
0.0101
0.0101
0.0101
0.0101
0.0101
0.0101
0.0101
0.0101
0.0101
0.0101
0.0101
0.0101
0.0101
0.0101
0.0101
0.0101
0.0101
0.0101
0.0101
0.0101
0.0101
0.0101
0.0101
0.0101
0.0101
0.0101
0.0101
0.0101
0.0101
0.0101
0.0101
0.0101
0.0101
0.0101
0.0101
0.0101
0.0101
0.0101
0.0101
0.0101
0.0101
0.0101
0.0101
0.0101
0.0101
0.0101
0.0101
0.0101
0.0101
0.0101
0.0101
0.0101
0.0101
0.0101
0.0101
0.0101
0.0101
0.0101
0.0101
0.0101
0.0101
0.0101
0.0101
0.0101
0.0101
0.0101
0.0101
0.0101
0.0101
0.0101
0.0101
0.0101
0.0101
0.0101
0.0101
0.0101
0.0101
0.0101
0.0101
0.0101
0.0101
0.0101
0.0101
0.0101
0.0101
0.0101
0.0101
0.0101
0.0101
0.0101
0.0101
0.0101
0.0101
0.0101
0.0101
0.0101
0.0101
0.0101
0.0101
0.0101
0.0101
0.0101
0.0101
0.0101
0.0101
0.0101
0.0101
0.0101
0.0101
0.0101
0.0101
0.0101
0.0101
0.0101
0.0101
0.0101
0.0101
0.0101
0.0101
0.0101
0.0101
0.0101
0.0101
0.0101
0.0101
0.0101
0.0101
0.0101
0.0101
0.0101
0.0101
0.0101
0.0101
0.0101
0.0101
0.0101
0.0101
0.0101
0.0101
0.0101
0.0101
0.0101
0.0101
0.0101
0.0101
0.0101
0.0101
0.0101
0.0101
0.0101
0.0101
0.0101
0.0101
0.0101
0.0101
0.0101
0.0101
0.0101
0.0101
0.0101
0.0101
0.0101
0.0101
0.0101
0.0101
0.0101
0.0101
0.0101
0.0101
0.0101
0.0101
0.0101
0.0101
0.0101
0.0101
0.0101
0.0101
0.0101
0.0101
0.0101
0.0101
0.0101
0.0101
0.0101
0.0101
0.0101
0.0101
0.0101
0.0101
0.0101
0.0101
0.0101
0.0101
0.0101
0.0101
0.0101
0.0101
0.0101
0.0101
0.0101
0.0101
0.0101
0.0101
0.0101
0.0101
0.0101
0.0101
0.0101
0.0101
0.0101
0.0101
0.0101
0.0101
0.0101
0.0101
0.0101
0.0101
0.0101
0.0101
0.0101
0.0101
0.0101
0.0101
0.0101
0.0101
0.0101
0.0101
0.0101
0.0101
0.0101
0.0101
0.0101
0.0101
0.0101
0.0101
0.0101
0.0101
0.0101
0.0101
0.0101
0.0101
0.0101
0.0101
0.0101
0.0101
0.0101
0.0101
0.0101
0.0101
0.0101
0.0101
0.0101
0.0101
0.0101
0.0101
0.0101
0.0101
0.0101
0.0101
0.0101
0.0101
0.0101
0.0101
0.0101
0.0101
0.0101
0.0101
0.0101
0.0101
0.0101
0.0101
0.0101
0.0101
0.0101
0.0101
0.0101
0.0101
0.0101
0.0101
0.0101
0.0101
0.0101
0.0101
0.0101
0.0101
0.0101
0.0101
0.0101
0.0101
0.0101
0.0101
0.0101
0.0101
0.0101
0.0101
0.0101
0.0101
0.0101
0.0101
0.0101
0.0101
0.0101
0.0101
0.0101
0.0101
0.0101
0.0101
0.0101
0.0101
0.0101
0.0101
0.0101
0.0101
0.0101
0.0101
0.0101
0.0101
0.0101
0.0101
0.0101
0.0101
0.0101
0.0101
0.0101
0.0101
0.0101
0.0101
0.0101
0.0101
0.0101
0.0101
0.0101
0.0101
0.0101
0.0101
0.0101
0.0101
0.0101
0.0101
0.0101
0.0101
0.0101
0.0101
0.0101
0.0101
0.0101
0.0101
0.0101
0.0101
0.0101
0.0101
0.0101
0.0101
0.0101
0.0101
0.0101
0.0101
0.0101
0.0101
0.0101
0.0101
0.0101
0.0101
0.0101
0.0101
0.0101
0.0101
0.0101
0.0101
0.0101
0.0101
0.0101
0.0101
0.0101
0.0101
0.0101
0.0101
0.0101
0.0101
0.0101
0.0101
