2401
6e+07
6.01e+07
6.02e+07
6.03e+07
6.04e+07
6.05e+07
6.06e+07
6.07e+07
6.08e+07
6.09e+07
6.1e+07
6.11e+07
6.12e+07
6.13e+07
6.14e+07
6.15e+07
6.16e+07
6.17e+07
6.18e+07
6.19e+07
6.2e+07
6.21e+07
6.22e+07
6.23e+07
6.24e+07
6.25e+07
6.26e+07
6.27e+07
6.28e+07
6.29e+07
6.3e+07
6.31e+07
6.32e+07
6.33e+07
6.34e+07
6.35e+07
6.36e+07
6.37e+07
6.38e+07
6.39e+07
6.4e+07
6.41e+07
6.42e+07
6.43e+07
6.44e+07
6.45e+07
6.46e+07
6.47e+07
6.48e+07
6.49e+07
6.5e+07
6.51e+07
6.52e+07
6.53e+07
6.54e+07
6.55e+07
6.56e+07
6.57e+07
6.58e+07
6.59e+07
6.6e+07
6.61e+07
6.62e+07
6.63e+07
6.64e+07
6.65e+07
6.66e+07
6.67e+07
6.68e+07
6.69e+07
6.7e+07
6.71e+07
6.72e+07
6.73e+07
6.74e+07
6.75e+07
6.76e+07
6.77e+07
6.78e+07
6.79e+07
6.8e+07
6.81e+07
6.82e+07
6.83e+07
6.84e+07
6.85e+07
6.86e+07
6.87e+07
6.88e+07
6.89e+07
6.9e+07
6.91e+07
6.92e+07
6.93e+07
6.94e+07
6.95e+07
6.96e+07
6.97e+07
6.98e+07
6.99e+07
7e+07
7.01e+07
7.02e+07
7.03e+07
7.04e+07
7.05e+07
7.06e+07
7.07e+07
7.08e+07
7.09e+07
7.1e+07
7.11e+07
7.12e+07
7.13e+07
7.14e+07
7.15e+07
7.16e+07
7.17e+07
7.18e+07
7.19e+07
7.2e+07
7.21e+07
7.22e+07
7.23e+07
7.24e+07
7.25e+07
7.26e+07
7.27e+07
7.28e+07
7.29e+07
7.3e+07
7.31e+07
7.32e+07
7.33e+07
7.34e+07
7.35e+07
7.36e+07
7.37e+07
7.38e+07
7.39e+07
7.4e+07
7.41e+07
7.42e+07
7.43e+07
7.44e+07
7.45e+07
7.46e+07
7.47e+07
7.48e+07
7.49e+07
7.5e+07
7.51e+07
7.52e+07
7.53e+07
7.54e+07
7.55e+07
7.56e+07
7.57e+07
7.58e+07
7.59e+07
7.6e+07
7.61e+07
7.62e+07
7.63e+07
7.64e+07
7.65e+07
7.66e+07
7.67e+07
7.68e+07
7.69e+07
7.7e+07
7.71e+07
7.72e+07
7.73e+07
7.74e+07
7.75e+07
7.76e+07
7.77e+07
7.78e+07
7.79e+07
7.8e+07
7.81e+07
7.82e+07
7.83e+07
7.84e+07
7.85e+07
7.86e+07
7.87e+07
7.88e+07
7.89e+07
7.9e+07
7.91e+07
7.92e+07
7.93e+07
7.94e+07
7.95e+07
7.96e+07
7.97e+07
7.98e+07
7.99e+07
8e+07
8.01e+07
8.02e+07
8.03e+07
8.04e+07
8.05e+07
8.06e+07
8.07e+07
8.08e+07
8.09e+07
8.1e+07
8.11e+07
8.12e+07
8.13e+07
8.14e+07
8.15e+07
8.16e+07
8.17e+07
8.18e+07
8.19e+07
8.2e+07
8.21e+07
8.22e+07
8.23e+07
8.24e+07
8.25e+07
8.26e+07
8.27e+07
8.28e+07
8.29e+07
8.3e+07
8.31e+07
8.32e+07
8.33e+07
8.34e+07
8.35e+07
8.36e+07
8.37e+07
8.38e+07
8.39e+07
8.4e+07
8.41e+07
8.42e+07
8.43e+07
8.44e+07
8.45e+07
8.46e+07
8.47e+07
8.48e+07
8.49e+07
8.5e+07
8.51e+07
8.52e+07
8.53e+07
8.54e+07
8.55e+07
8.56e+07
8.57e+07
8.58e+07
8.59e+07
8.6e+07
8.61e+07
8.62e+07
8.63e+07
8.64e+07
8.65e+07
8.66e+07
8.67e+07
8.68e+07
8.69e+07
8.7e+07
8.71e+07
8.72e+07
8.73e+07
8.74e+07
8.75e+07
8.76e+07
8.77e+07
8.78e+07
8.79e+07
8.8e+07
8.81e+07
8.82e+07
8.83e+07
8.84e+07
8.85e+07
8.86e+07
8.87e+07
8.88e+07
8.89e+07
8.9e+07
8.91e+07
8.92e+07
8.93e+07
8.94e+07
8.95e+07
8.96e+07
8.97e+07
8.98e+07
8.99e+07
9e+07
9.01e+07
9.02e+07
9.03e+07
9.04e+07
9.05e+07
9.06e+07
9.07e+07
9.08e+07
9.09e+07
9.1e+07
9.11e+07
9.12e+07
9.13e+07
9.14e+07
9.15e+07
9.16e+07
9.17e+07
9.18e+07
9.19e+07
9.2e+07
9.21e+07
9.22e+07
9.23e+07
9.24e+07
9.25e+07
9.26e+07
9.27e+07
9.28e+07
9.29e+07
9.3e+07
9.31e+07
9.32e+07
9.33e+07
9.34e+07
9.35e+07
9.36e+07
9.37e+07
9.38e+07
9.39e+07
9.4e+07
9.41e+07
9.42e+07
9.43e+07
9.44e+07
9.45e+07
9.46e+07
9.47e+07
9.48e+07
9.49e+07
9.5e+07
9.51e+07
9.52e+07
9.53e+07
9.54e+07
9.55e+07
9.56e+07
9.57e+07
9.58e+07
9.59e+07
9.6e+07
9.61e+07
9.62e+07
9.63e+07
9.64e+07
9.65e+07
9.66e+07
9.67e+07
9.68e+07
9.69e+07
9.7e+07
9.71e+07
9.72e+07
9.73e+07
9.74e+07
9.75e+07
9.76e+07
9.77e+07
9.78e+07
9.79e+07
9.8e+07
9.81e+07
9.82e+07
9.83e+07
9.84e+07
9.85e+07
9.86e+07
9.87e+07
9.88e+07
9.89e+07
9.9e+07
9.91e+07
9.92e+07
9.93e+07
9.94e+07
9.95e+07
9.96e+07
9.97e+07
9.98e+07
9.99e+07
1e+08
1.001e+08
1.002e+08
1.003e+08
1.004e+08
1.005e+08
1.006e+08
1.007e+08
1.008e+08
1.009e+08
1.01e+08
1.011e+08
1.012e+08
1.013e+08
1.014e+08
1.015e+08
1.016e+08
1.017e+08
1.018e+08
1.019e+08
1.02e+08
1.021e+08
1.022e+08
1.023e+08
1.024e+08
1.025e+08
1.026e+08
1.027e+08
1.028e+08
1.029e+08
1.03e+08
1.031e+08
1.032e+08
1.033e+08
1.034e+08
1.035e+08
1.036e+08
1.037e+08
1.038e+08
1.039e+08
1.04e+08
1.041e+08
1.042e+08
1.043e+08
1.044e+08
1.045e+08
1.046e+08
1.047e+08
1.048e+08
1.049e+08
1.05e+08
1.051e+08
1.052e+08
1.053e+08
1.054e+08
1.055e+08
1.056e+08
1.057e+08
1.058e+08
1.059e+08
1.06e+08
1.061e+08
1.062e+08
1.063e+08
1.064e+08
1.065e+08
1.066e+08
1.067e+08
1.068e+08
1.069e+08
1.07e+08
1.071e+08
1.072e+08
1.073e+08
1.074e+08
1.075e+08
1.076e+08
1.077e+08
1.078e+08
1.079e+08
1.08e+08
1.081e+08
1.082e+08
1.083e+08
1.084e+08
1.085e+08
1.086e+08
1.087e+08
1.088e+08
1.089e+08
1.09e+08
1.091e+08
1.092e+08
1.093e+08
1.094e+08
1.095e+08
1.096e+08
1.097e+08
1.098e+08
1.099e+08
1.1e+08
1.101e+08
1.102e+08
1.103e+08
1.104e+08
1.105e+08
1.106e+08
1.107e+08
1.108e+08
1.109e+08
1.11e+08
1.111e+08
1.112e+08
1.113e+08
1.114e+08
1.115e+08
1.116e+08
1.117e+08
1.118e+08
1.119e+08
1.12e+08
1.121e+08
1.122e+08
1.123e+08
1.124e+08
1.125e+08
1.126e+08
1.127e+08
1.128e+08
1.129e+08
1.13e+08
1.131e+08
1.132e+08
1.133e+08
1.134e+08
1.135e+08
1.136e+08
1.137e+08
1.138e+08
1.139e+08
1.14e+08
1.141e+08
1.142e+08
1.143e+08
1.144e+08
1.145e+08
1.146e+08
1.147e+08
1.148e+08
1.149e+08
1.15e+08
1.151e+08
1.152e+08
1.153e+08
1.154e+08
1.155e+08
1.156e+08
1.157e+08
1.158e+08
1.159e+08
1.16e+08
1.161e+08
1.162e+08
1.163e+08
1.164e+08
1.165e+08
1.166e+08
1.167e+08
1.168e+08
1.169e+08
1.17e+08
1.171e+08
1.172e+08
1.173e+08
1.174e+08
1.175e+08
1.176e+08
1.177e+08
1.178e+08
1.179e+08
1.18e+08
1.181e+08
1.182e+08
1.183e+08
1.184e+08
1.185e+08
1.186e+08
1.187e+08
1.188e+08
1.189e+08
1.19e+08
1.191e+08
1.192e+08
1.193e+08
1.194e+08
1.195e+08
1.196e+08
1.197e+08
1.198e+08
1.199e+08
1.2e+08
1.201e+08
1.202e+08
1.203e+08
1.204e+08
1.205e+08
1.206e+08
1.207e+08
1.208e+08
1.209e+08
1.21e+08
1.211e+08
1.212e+08
1.213e+08
1.214e+08
1.215e+08
1.216e+08
1.217e+08
1.218e+08
1.219e+08
1.22e+08
1.221e+08
1.222e+08
1.223e+08
1.224e+08
1.225e+08
1.226e+08
1.227e+08
1.228e+08
1.229e+08
1.23e+08
1.231e+08
1.232e+08
1.233e+08
1.234e+08
1.235e+08
1.236e+08
1.237e+08
1.238e+08
1.239e+08
1.24e+08
1.241e+08
1.242e+08
1.243e+08
1.244e+08
1.245e+08
1.246e+08
1.247e+08
1.248e+08
1.249e+08
1.25e+08
1.251e+08
1.252e+08
1.253e+08
1.254e+08
1.255e+08
1.256e+08
1.257e+08
1.258e+08
1.259e+08
1.26e+08
1.261e+08
1.262e+08
1.263e+08
1.264e+08
1.265e+08
1.266e+08
1.267e+08
1.268e+08
1.269e+08
1.27e+08
1.271e+08
1.272e+08
1.273e+08
1.274e+08
1.275e+08
1.276e+08
1.277e+08
1.278e+08
1.279e+08
1.28e+08
1.281e+08
1.282e+08
1.283e+08
1.284e+08
1.285e+08
1.286e+08
1.287e+08
1.288e+08
1.289e+08
1.29e+08
1.291e+08
1.292e+08
1.293e+08
1.294e+08
1.295e+08
1.296e+08
1.297e+08
1.298e+08
1.299e+08
1.3e+08
1.301e+08
1.302e+08
1.303e+08
1.304e+08
1.305e+08
1.306e+08
1.307e+08
1.308e+08
1.309e+08
1.31e+08
1.311e+08
1.312e+08
1.313e+08
1.314e+08
1.315e+08
1.316e+08
1.317e+08
1.318e+08
1.319e+08
1.32e+08
1.321e+08
1.322e+08
1.323e+08
1.324e+08
1.325e+08
1.326e+08
1.327e+08
1.328e+08
1.329e+08
1.33e+08
1.331e+08
1.332e+08
1.333e+08
1.334e+08
1.335e+08
1.336e+08
1.337e+08
1.338e+08
1.339e+08
1.34e+08
1.341e+08
1.342e+08
1.343e+08
1.344e+08
1.345e+08
1.346e+08
1.347e+08
1.348e+08
1.349e+08
1.35e+08
1.351e+08
1.352e+08
1.353e+08
1.354e+08
1.355e+08
1.356e+08
1.357e+08
1.358e+08
1.359e+08
1.36e+08
1.361e+08
1.362e+08
1.363e+08
1.364e+08
1.365e+08
1.366e+08
1.367e+08
1.368e+08
1.369e+08
1.37e+08
1.371e+08
1.372e+08
1.373e+08
1.374e+08
1.375e+08
1.376e+08
1.377e+08
1.378e+08
1.379e+08
1.38e+08
1.381e+08
1.382e+08
1.383e+08
1.384e+08
1.385e+08
1.386e+08
1.387e+08
1.388e+08
1.389e+08
1.39e+08
1.391e+08
1.392e+08
1.393e+08
1.394e+08
1.395e+08
1.396e+08
1.397e+08
1.398e+08
1.399e+08
1.4e+08
1.401e+08
1.402e+08
1.403e+08
1.404e+08
1.405e+08
1.406e+08
1.407e+08
1.408e+08
1.409e+08
1.41e+08
1.411e+08
1.412e+08
1.413e+08
1.414e+08
1.415e+08
1.416e+08
1.417e+08
1.418e+08
1.419e+08
1.42e+08
1.421e+08
1.422e+08
1.423e+08
1.424e+08
1.425e+08
1.426e+08
1.427e+08
1.428e+08
1.429e+08
1.43e+08
1.431e+08
1.432e+08
1.433e+08
1.434e+08
1.435e+08
1.436e+08
1.437e+08
1.438e+08
1.439e+08
1.44e+08
1.441e+08
1.442e+08
1.443e+08
1.444e+08
1.445e+08
1.446e+08
1.447e+08
1.448e+08
1.449e+08
1.45e+08
1.451e+08
1.452e+08
1.453e+08
1.454e+08
1.455e+08
1.456e+08
1.457e+08
1.458e+08
1.459e+08
1.46e+08
1.461e+08
1.462e+08
1.463e+08
1.464e+08
1.465e+08
1.466e+08
1.467e+08
1.468e+08
1.469e+08
1.47e+08
1.471e+08
1.472e+08
1.473e+08
1.474e+08
1.475e+08
1.476e+08
1.477e+08
1.478e+08
1.479e+08
1.48e+08
1.481e+08
1.482e+08
1.483e+08
1.484e+08
1.485e+08
1.486e+08
1.487e+08
1.488e+08
1.489e+08
1.49e+08
1.491e+08
1.492e+08
1.493e+08
1.494e+08
1.495e+08
1.496e+08
1.497e+08
1.498e+08
1.499e+08
1.5e+08
1.501e+08
1.502e+08
1.503e+08
1.504e+08
1.505e+08
1.506e+08
1.507e+08
1.508e+08
1.509e+08
1.51e+08
1.511e+08
1.512e+08
1.513e+08
1.514e+08
1.515e+08
1.516e+08
1.517e+08
1.518e+08
1.519e+08
1.52e+08
1.521e+08
1.522e+08
1.523e+08
1.524e+08
1.525e+08
1.526e+08
1.527e+08
1.528e+08
1.529e+08
1.53e+08
1.531e+08
1.532e+08
1.533e+08
1.534e+08
1.535e+08
1.536e+08
1.537e+08
1.538e+08
1.539e+08
1.54e+08
1.541e+08
1.542e+08
1.543e+08
1.544e+08
1.545e+08
1.546e+08
1.547e+08
1.548e+08
1.549e+08
1.55e+08
1.551e+08
1.552e+08
1.553e+08
1.554e+08
1.555e+08
1.556e+08
1.557e+08
1.558e+08
1.559e+08
1.56e+08
1.561e+08
1.562e+08
1.563e+08
1.564e+08
1.565e+08
1.566e+08
1.567e+08
1.568e+08
1.569e+08
1.57e+08
1.571e+08
1.572e+08
1.573e+08
1.574e+08
1.575e+08
1.576e+08
1.577e+08
1.578e+08
1.579e+08
1.58e+08
1.581e+08
1.582e+08
1.583e+08
1.584e+08
1.585e+08
1.586e+08
1.587e+08
1.588e+08
1.589e+08
1.59e+08
1.591e+08
1.592e+08
1.593e+08
1.594e+08
1.595e+08
1.596e+08
1.597e+08
1.598e+08
1.599e+08
1.6e+08
1.601e+08
1.602e+08
1.603e+08
1.604e+08
1.605e+08
1.606e+08
1.607e+08
1.608e+08
1.609e+08
1.61e+08
1.611e+08
1.612e+08
1.613e+08
1.614e+08
1.615e+08
1.616e+08
1.617e+08
1.618e+08
1.619e+08
1.62e+08
1.621e+08
1.622e+08
1.623e+08
1.624e+08
1.625e+08
1.626e+08
1.627e+08
1.628e+08
1.629e+08
1.63e+08
1.631e+08
1.632e+08
1.633e+08
1.634e+08
1.635e+08
1.636e+08
1.637e+08
1.638e+08
1.639e+08
1.64e+08
1.641e+08
1.642e+08
1.643e+08
1.644e+08
1.645e+08
1.646e+08
1.647e+08
1.648e+08
1.649e+08
1.65e+08
1.651e+08
1.652e+08
1.653e+08
1.654e+08
1.655e+08
1.656e+08
1.657e+08
1.658e+08
1.659e+08
1.66e+08
1.661e+08
1.662e+08
1.663e+08
1.664e+08
1.665e+08
1.666e+08
1.667e+08
1.668e+08
1.669e+08
1.67e+08
1.671e+08
1.672e+08
1.673e+08
1.674e+08
1.675e+08
1.676e+08
1.677e+08
1.678e+08
1.679e+08
1.68e+08
1.681e+08
1.682e+08
1.683e+08
1.684e+08
1.685e+08
1.686e+08
1.687e+08
1.688e+08
1.689e+08
1.69e+08
1.691e+08
1.692e+08
1.693e+08
1.694e+08
1.695e+08
1.696e+08
1.697e+08
1.698e+08
1.699e+08
1.7e+08
1.701e+08
1.702e+08
1.703e+08
1.704e+08
1.705e+08
1.706e+08
1.707e+08
1.708e+08
1.709e+08
1.71e+08
1.711e+08
1.712e+08
1.713e+08
1.714e+08
1.715e+08
1.716e+08
1.717e+08
1.718e+08
1.719e+08
1.72e+08
1.721e+08
1.722e+08
1.723e+08
1.724e+08
1.725e+08
1.726e+08
1.727e+08
1.728e+08
1.729e+08
1.73e+08
1.731e+08
1.732e+08
1.733e+08
1.734e+08
1.735e+08
1.736e+08
1.737e+08
1.738e+08
1.739e+08
1.74e+08
1.741e+08
1.742e+08
1.743e+08
1.744e+08
1.745e+08
1.746e+08
1.747e+08
1.748e+08
1.749e+08
1.75e+08
1.751e+08
1.752e+08
1.753e+08
1.754e+08
1.755e+08
1.756e+08
1.757e+08
1.758e+08
1.759e+08
1.76e+08
1.761e+08
1.762e+08
1.763e+08
1.764e+08
1.765e+08
1.766e+08
1.767e+08
1.768e+08
1.769e+08
1.77e+08
1.771e+08
1.772e+08
1.773e+08
1.774e+08
1.775e+08
1.776e+08
1.777e+08
1.778e+08
1.779e+08
1.78e+08
1.781e+08
1.782e+08
1.783e+08
1.784e+08
1.785e+08
1.786e+08
1.787e+08
1.788e+08
1.789e+08
1.79e+08
1.791e+08
1.792e+08
1.793e+08
1.794e+08
1.795e+08
1.796e+08
1.797e+08
1.798e+08
1.799e+08
1.8e+08
1.801e+08
1.802e+08
1.803e+08
1.804e+08
1.805e+08
1.806e+08
1.807e+08
1.808e+08
1.809e+08
1.81e+08
1.811e+08
1.812e+08
1.813e+08
1.814e+08
1.815e+08
1.816e+08
1.817e+08
1.818e+08
1.819e+08
1.82e+08
1.821e+08
1.822e+08
1.823e+08
1.824e+08
1.825e+08
1.826e+08
1.827e+08
1.828e+08
1.829e+08
1.83e+08
1.831e+08
1.832e+08
1.833e+08
1.834e+08
1.835e+08
1.836e+08
1.837e+08
1.838e+08
1.839e+08
1.84e+08
1.841e+08
1.842e+08
1.843e+08
1.844e+08
1.845e+08
1.846e+08
1.847e+08
1.848e+08
1.849e+08
1.85e+08
1.851e+08
1.852e+08
1.853e+08
1.854e+08
1.855e+08
1.856e+08
1.857e+08
1.858e+08
1.859e+08
1.86e+08
1.861e+08
1.862e+08
1.863e+08
1.864e+08
1.865e+08
1.866e+08
1.867e+08
1.868e+08
1.869e+08
1.87e+08
1.871e+08
1.872e+08
1.873e+08
1.874e+08
1.875e+08
1.876e+08
1.877e+08
1.878e+08
1.879e+08
1.88e+08
1.881e+08
1.882e+08
1.883e+08
1.884e+08
1.885e+08
1.886e+08
1.887e+08
1.888e+08
1.889e+08
1.89e+08
1.891e+08
1.892e+08
1.893e+08
1.894e+08
1.895e+08
1.896e+08
1.897e+08
1.898e+08
1.899e+08
1.9e+08
1.901e+08
1.902e+08
1.903e+08
1.904e+08
1.905e+08
1.906e+08
1.907e+08
1.908e+08
1.909e+08
1.91e+08
1.911e+08
1.912e+08
1.913e+08
1.914e+08
1.915e+08
1.916e+08
1.917e+08
1.918e+08
1.919e+08
1.92e+08
1.921e+08
1.922e+08
1.923e+08
1.924e+08
1.925e+08
1.926e+08
1.927e+08
1.928e+08
1.929e+08
1.93e+08
1.931e+08
1.932e+08
1.933e+08
1.934e+08
1.935e+08
1.936e+08
1.937e+08
1.938e+08
1.939e+08
1.94e+08
1.941e+08
1.942e+08
1.943e+08
1.944e+08
1.945e+08
1.946e+08
1.947e+08
1.948e+08
1.949e+08
1.95e+08
1.951e+08
1.952e+08
1.953e+08
1.954e+08
1.955e+08
1.956e+08
1.957e+08
1.958e+08
1.959e+08
1.96e+08
1.961e+08
1.962e+08
1.963e+08
1.964e+08
1.965e+08
1.966e+08
1.967e+08
1.968e+08
1.969e+08
1.97e+08
1.971e+08
1.972e+08
1.973e+08
1.974e+08
1.975e+08
1.976e+08
1.977e+08
1.978e+08
1.979e+08
1.98e+08
1.981e+08
1.982e+08
1.983e+08
1.984e+08
1.985e+08
1.986e+08
1.987e+08
1.988e+08
1.989e+08
1.99e+08
1.991e+08
1.992e+08
1.993e+08
1.994e+08
1.995e+08
1.996e+08
1.997e+08
1.998e+08
1.999e+08
2e+08
2.001e+08
2.002e+08
2.003e+08
2.004e+08
2.005e+08
2.006e+08
2.007e+08
2.008e+08
2.009e+08
2.01e+08
2.011e+08
2.012e+08
2.013e+08
2.014e+08
2.015e+08
2.016e+08
2.017e+08
2.018e+08
2.019e+08
2.02e+08
2.021e+08
2.022e+08
2.023e+08
2.024e+08
2.025e+08
2.026e+08
2.027e+08
2.028e+08
2.029e+08
2.03e+08
2.031e+08
2.032e+08
2.033e+08
2.034e+08
2.035e+08
2.036e+08
2.037e+08
2.038e+08
2.039e+08
2.04e+08
2.041e+08
2.042e+08
2.043e+08
2.044e+08
2.045e+08
2.046e+08
2.047e+08
2.048e+08
2.049e+08
2.05e+08
2.051e+08
2.052e+08
2.053e+08
2.054e+08
2.055e+08
2.056e+08
2.057e+08
2.058e+08
2.059e+08
2.06e+08
2.061e+08
2.062e+08
2.063e+08
2.064e+08
2.065e+08
2.066e+08
2.067e+08
2.068e+08
2.069e+08
2.07e+08
2.071e+08
2.072e+08
2.073e+08
2.074e+08
2.075e+08
2.076e+08
2.077e+08
2.078e+08
2.079e+08
2.08e+08
2.081e+08
2.082e+08
2.083e+08
2.084e+08
2.085e+08
2.086e+08
2.087e+08
2.088e+08
2.089e+08
2.09e+08
2.091e+08
2.092e+08
2.093e+08
2.094e+08
2.095e+08
2.096e+08
2.097e+08
2.098e+08
2.099e+08
2.1e+08
2.101e+08
2.102e+08
2.103e+08
2.104e+08
2.105e+08
2.106e+08
2.107e+08
2.108e+08
2.109e+08
2.11e+08
2.111e+08
2.112e+08
2.113e+08
2.114e+08
2.115e+08
2.116e+08
2.117e+08
2.118e+08
2.119e+08
2.12e+08
2.121e+08
2.122e+08
2.123e+08
2.124e+08
2.125e+08
2.126e+08
2.127e+08
2.128e+08
2.129e+08
2.13e+08
2.131e+08
2.132e+08
2.133e+08
2.134e+08
2.135e+08
2.136e+08
2.137e+08
2.138e+08
2.139e+08
2.14e+08
2.141e+08
2.142e+08
2.143e+08
2.144e+08
2.145e+08
2.146e+08
2.147e+08
2.148e+08
2.149e+08
2.15e+08
2.151e+08
2.152e+08
2.153e+08
2.154e+08
2.155e+08
2.156e+08
2.157e+08
2.158e+08
2.159e+08
2.16e+08
2.161e+08
2.162e+08
2.163e+08
2.164e+08
2.165e+08
2.166e+08
2.167e+08
2.168e+08
2.169e+08
2.17e+08
2.171e+08
2.172e+08
2.173e+08
2.174e+08
2.175e+08
2.176e+08
2.177e+08
2.178e+08
2.179e+08
2.18e+08
2.181e+08
2.182e+08
2.183e+08
2.184e+08
2.185e+08
2.186e+08
2.187e+08
2.188e+08
2.189e+08
2.19e+08
2.191e+08
2.192e+08
2.193e+08
2.194e+08
2.195e+08
2.196e+08
2.197e+08
2.198e+08
2.199e+08
2.2e+08
2.201e+08
2.202e+08
2.203e+08
2.204e+08
2.205e+08
2.206e+08
2.207e+08
2.208e+08
2.209e+08
2.21e+08
2.211e+08
2.212e+08
2.213e+08
2.214e+08
2.215e+08
2.216e+08
2.217e+08
2.218e+08
2.219e+08
2.22e+08
2.221e+08
2.222e+08
2.223e+08
2.224e+08
2.225e+08
2.226e+08
2.227e+08
2.228e+08
2.229e+08
2.23e+08
2.231e+08
2.232e+08
2.233e+08
2.234e+08
2.235e+08
2.236e+08
2.237e+08
2.238e+08
2.239e+08
2.24e+08
2.241e+08
2.242e+08
2.243e+08
2.244e+08
2.245e+08
2.246e+08
2.247e+08
2.248e+08
2.249e+08
2.25e+08
2.251e+08
2.252e+08
2.253e+08
2.254e+08
2.255e+08
2.256e+08
2.257e+08
2.258e+08
2.259e+08
2.26e+08
2.261e+08
2.262e+08
2.263e+08
2.264e+08
2.265e+08
2.266e+08
2.267e+08
2.268e+08
2.269e+08
2.27e+08
2.271e+08
2.272e+08
2.273e+08
2.274e+08
2.275e+08
2.276e+08
2.277e+08
2.278e+08
2.279e+08
2.28e+08
2.281e+08
2.282e+08
2.283e+08
2.284e+08
2.285e+08
2.286e+08
2.287e+08
2.288e+08
2.289e+08
2.29e+08
2.291e+08
2.292e+08
2.293e+08
2.294e+08
2.295e+08
2.296e+08
2.297e+08
2.298e+08
2.299e+08
2.3e+08
2.301e+08
2.302e+08
2.303e+08
2.304e+08
2.305e+08
2.306e+08
2.307e+08
2.308e+08
2.309e+08
2.31e+08
2.311e+08
2.312e+08
2.313e+08
2.314e+08
2.315e+08
2.316e+08
2.317e+08
2.318e+08
2.319e+08
2.32e+08
2.321e+08
2.322e+08
2.323e+08
2.324e+08
2.325e+08
2.326e+08
2.327e+08
2.328e+08
2.329e+08
2.33e+08
2.331e+08
2.332e+08
2.333e+08
2.334e+08
2.335e+08
2.336e+08
2.337e+08
2.338e+08
2.339e+08
2.34e+08
2.341e+08
2.342e+08
2.343e+08
2.344e+08
2.345e+08
2.346e+08
2.347e+08
2.348e+08
2.349e+08
2.35e+08
2.351e+08
2.352e+08
2.353e+08
2.354e+08
2.355e+08
2.356e+08
2.357e+08
2.358e+08
2.359e+08
2.36e+08
2.361e+08
2.362e+08
2.363e+08
2.364e+08
2.365e+08
2.366e+08
2.367e+08
2.368e+08
2.369e+08
2.37e+08
2.371e+08
2.372e+08
2.373e+08
2.374e+08
2.375e+08
2.376e+08
2.377e+08
2.378e+08
2.379e+08
2.38e+08
2.381e+08
2.382e+08
2.383e+08
2.384e+08
2.385e+08
2.386e+08
2.387e+08
2.388e+08
2.389e+08
2.39e+08
2.391e+08
2.392e+08
2.393e+08
2.394e+08
2.395e+08
2.396e+08
2.397e+08
2.398e+08
2.399e+08
2.4e+08
2.401e+08
2.402e+08
2.403e+08
2.404e+08
2.405e+08
2.406e+08
2.407e+08
2.408e+08
2.409e+08
2.41e+08
2.411e+08
2.412e+08
2.413e+08
2.414e+08
2.415e+08
2.416e+08
2.417e+08
2.418e+08
2.419e+08
2.42e+08
2.421e+08
2.422e+08
2.423e+08
2.424e+08
2.425e+08
2.426e+08
2.427e+08
2.428e+08
2.429e+08
2.43e+08
2.431e+08
2.432e+08
2.433e+08
2.434e+08
2.435e+08
2.436e+08
2.437e+08
2.438e+08
2.439e+08
2.44e+08
2.441e+08
2.442e+08
2.443e+08
2.444e+08
2.445e+08
2.446e+08
2.447e+08
2.448e+08
2.449e+08
2.45e+08
2.451e+08
2.452e+08
2.453e+08
2.454e+08
2.455e+08
2.456e+08
2.457e+08
2.458e+08
2.459e+08
2.46e+08
2.461e+08
2.462e+08
2.463e+08
2.464e+08
2.465e+08
2.466e+08
2.467e+08
2.468e+08
2.469e+08
2.47e+08
2.471e+08
2.472e+08
2.473e+08
2.474e+08
2.475e+08
2.476e+08
2.477e+08
2.478e+08
2.479e+08
2.48e+08
2.481e+08
2.482e+08
2.483e+08
2.484e+08
2.485e+08
2.486e+08
2.487e+08
2.488e+08
2.489e+08
2.49e+08
2.491e+08
2.492e+08
2.493e+08
2.494e+08
2.495e+08
2.496e+08
2.497e+08
2.498e+08
2.499e+08
2.5e+08
2.501e+08
2.502e+08
2.503e+08
2.504e+08
2.505e+08
2.506e+08
2.507e+08
2.508e+08
2.509e+08
2.51e+08
2.511e+08
2.512e+08
2.513e+08
2.514e+08
2.515e+08
2.516e+08
2.517e+08
2.518e+08
2.519e+08
2.52e+08
2.521e+08
2.522e+08
2.523e+08
2.524e+08
2.525e+08
2.526e+08
2.527e+08
2.528e+08
2.529e+08
2.53e+08
2.531e+08
2.532e+08
2.533e+08
2.534e+08
2.535e+08
2.536e+08
2.537e+08
2.538e+08
2.539e+08
2.54e+08
2.541e+08
2.542e+08
2.543e+08
2.544e+08
2.545e+08
2.546e+08
2.547e+08
2.548e+08
2.549e+08
2.55e+08
2.551e+08
2.552e+08
2.553e+08
2.554e+08
2.555e+08
2.556e+08
2.557e+08
2.558e+08
2.559e+08
2.56e+08
2.561e+08
2.562e+08
2.563e+08
2.564e+08
2.565e+08
2.566e+08
2.567e+08
2.568e+08
2.569e+08
2.57e+08
2.571e+08
2.572e+08
2.573e+08
2.574e+08
2.575e+08
2.576e+08
2.577e+08
2.578e+08
2.579e+08
2.58e+08
2.581e+08
2.582e+08
2.583e+08
2.584e+08
2.585e+08
2.586e+08
2.587e+08
2.588e+08
2.589e+08
2.59e+08
2.591e+08
2.592e+08
2.593e+08
2.594e+08
2.595e+08
2.596e+08
2.597e+08
2.598e+08
2.599e+08
2.6e+08
2.601e+08
2.602e+08
2.603e+08
2.604e+08
2.605e+08
2.606e+08
2.607e+08
2.608e+08
2.609e+08
2.61e+08
2.611e+08
2.612e+08
2.613e+08
2.614e+08
2.615e+08
2.616e+08
2.617e+08
2.618e+08
2.619e+08
2.62e+08
2.621e+08
2.622e+08
2.623e+08
2.624e+08
2.625e+08
2.626e+08
2.627e+08
2.628e+08
2.629e+08
2.63e+08
2.631e+08
2.632e+08
2.633e+08
2.634e+08
2.635e+08
2.636e+08
2.637e+08
2.638e+08
2.639e+08
2.64e+08
2.641e+08
2.642e+08
2.643e+08
2.644e+08
2.645e+08
2.646e+08
2.647e+08
2.648e+08
2.649e+08
2.65e+08
2.651e+08
2.652e+08
2.653e+08
2.654e+08
2.655e+08
2.656e+08
2.657e+08
2.658e+08
2.659e+08
2.66e+08
2.661e+08
2.662e+08
2.663e+08
2.664e+08
2.665e+08
2.666e+08
2.667e+08
2.668e+08
2.669e+08
2.67e+08
2.671e+08
2.672e+08
2.673e+08
2.674e+08
2.675e+08
2.676e+08
2.677e+08
2.678e+08
2.679e+08
2.68e+08
2.681e+08
2.682e+08
2.683e+08
2.684e+08
2.685e+08
2.686e+08
2.687e+08
2.688e+08
2.689e+08
2.69e+08
2.691e+08
2.692e+08
2.693e+08
2.694e+08
2.695e+08
2.696e+08
2.697e+08
2.698e+08
2.699e+08
2.7e+08
2.701e+08
2.702e+08
2.703e+08
2.704e+08
2.705e+08
2.706e+08
2.707e+08
2.708e+08
2.709e+08
2.71e+08
2.711e+08
2.712e+08
2.713e+08
2.714e+08
2.715e+08
2.716e+08
2.717e+08
2.718e+08
2.719e+08
2.72e+08
2.721e+08
2.722e+08
2.723e+08
2.724e+08
2.725e+08
2.726e+08
2.727e+08
2.728e+08
2.729e+08
2.73e+08
2.731e+08
2.732e+08
2.733e+08
2.734e+08
2.735e+08
2.736e+08
2.737e+08
2.738e+08
2.739e+08
2.74e+08
2.741e+08
2.742e+08
2.743e+08
2.744e+08
2.745e+08
2.746e+08
2.747e+08
2.748e+08
2.749e+08
2.75e+08
2.751e+08
2.752e+08
2.753e+08
2.754e+08
2.755e+08
2.756e+08
2.757e+08
2.758e+08
2.759e+08
2.76e+08
2.761e+08
2.762e+08
2.763e+08
2.764e+08
2.765e+08
2.766e+08
2.767e+08
2.768e+08
2.769e+08
2.77e+08
2.771e+08
2.772e+08
2.773e+08
2.774e+08
2.775e+08
2.776e+08
2.777e+08
2.778e+08
2.779e+08
2.78e+08
2.781e+08
2.782e+08
2.783e+08
2.784e+08
2.785e+08
2.786e+08
2.787e+08
2.788e+08
2.789e+08
2.79e+08
2.791e+08
2.792e+08
2.793e+08
2.794e+08
2.795e+08
2.796e+08
2.797e+08
2.798e+08
2.799e+08
2.8e+08
2.801e+08
2.802e+08
2.803e+08
2.804e+08
2.805e+08
2.806e+08
2.807e+08
2.808e+08
2.809e+08
2.81e+08
2.811e+08
2.812e+08
2.813e+08
2.814e+08
2.815e+08
2.816e+08
2.817e+08
2.818e+08
2.819e+08
2.82e+08
2.821e+08
2.822e+08
2.823e+08
2.824e+08
2.825e+08
2.826e+08
2.827e+08
2.828e+08
2.829e+08
2.83e+08
2.831e+08
2.832e+08
2.833e+08
2.834e+08
2.835e+08
2.836e+08
2.837e+08
2.838e+08
2.839e+08
2.84e+08
2.841e+08
2.842e+08
2.843e+08
2.844e+08
2.845e+08
2.846e+08
2.847e+08
2.848e+08
2.849e+08
2.85e+08
2.851e+08
2.852e+08
2.853e+08
2.854e+08
2.855e+08
2.856e+08
2.857e+08
2.858e+08
2.859e+08
2.86e+08
2.861e+08
2.862e+08
2.863e+08
2.864e+08
2.865e+08
2.866e+08
2.867e+08
2.868e+08
2.869e+08
2.87e+08
2.871e+08
2.872e+08
2.873e+08
2.874e+08
2.875e+08
2.876e+08
2.877e+08
2.878e+08
2.879e+08
2.88e+08
2.881e+08
2.882e+08
2.883e+08
2.884e+08
2.885e+08
2.886e+08
2.887e+08
2.888e+08
2.889e+08
2.89e+08
2.891e+08
2.892e+08
2.893e+08
2.894e+08
2.895e+08
2.896e+08
2.897e+08
2.898e+08
2.899e+08
2.9e+08
2.901e+08
2.902e+08
2.903e+08
2.904e+08
2.905e+08
2.906e+08
2.907e+08
2.908e+08
2.909e+08
2.91e+08
2.911e+08
2.912e+08
2.913e+08
2.914e+08
2.915e+08
2.916e+08
2.917e+08
2.918e+08
2.919e+08
2.92e+08
2.921e+08
2.922e+08
2.923e+08
2.924e+08
2.925e+08
2.926e+08
2.927e+08
2.928e+08
2.929e+08
2.93e+08
2.931e+08
2.932e+08
2.933e+08
2.934e+08
2.935e+08
2.936e+08
2.937e+08
2.938e+08
2.939e+08
2.94e+08
2.941e+08
2.942e+08
2.943e+08
2.944e+08
2.945e+08
2.946e+08
2.947e+08
2.948e+08
2.949e+08
2.95e+08
2.951e+08
2.952e+08
2.953e+08
2.954e+08
2.955e+08
2.956e+08
2.957e+08
2.958e+08
2.959e+08
2.96e+08
2.961e+08
2.962e+08
2.963e+08
2.964e+08
2.965e+08
2.966e+08
2.967e+08
2.968e+08
2.969e+08
2.97e+08
2.971e+08
2.972e+08
2.973e+08
2.974e+08
2.975e+08
2.976e+08
2.977e+08
2.978e+08
2.979e+08
2.98e+08
2.981e+08
2.982e+08
2.983e+08
2.984e+08
2.985e+08
2.986e+08
2.987e+08
2.988e+08
2.989e+08
2.99e+08
2.991e+08
2.992e+08
2.993e+08
2.994e+08
2.995e+08
2.996e+08
2.997e+08
2.998e+08
2.999e+08
3e+08
