0.00992599
0.00992616
0.00992633
0.0099265
0.00992667
0.00992684
0.00992701
0.00992718
0.00992734
0.00992751
0.00992768
0.00992784
0.00992801
0.00992817
0.00992834
0.0099285
0.00992866
0.00992882
0.00992898
0.00992915
0.00992931
0.00992947
0.00992962
0.00992978
0.00992994
0.0099301
0.00993025
0.00993041
0.00993057
0.00993072
0.00993088
0.00993103
0.00993118
0.00993134
0.00993149
0.00993164
0.00993179
0.00993194
0.00993209
0.00993224
0.00993239
0.00993254
0.00993269
0.00993283
0.00993298
0.00993313
0.00993327
0.00993342
0.00993356
0.00993371
0.00993385
0.009934
0.00993414
0.00993428
0.00993442
0.00993457
0.00993471
0.00993485
0.00993499
0.00993513
0.00993527
0.00993541
0.00993554
0.00993568
0.00993582
0.00993596
0.00993609
0.00993623
0.00993636
0.0099365
0.00993663
0.00993677
0.0099369
0.00993703
0.00993717
0.0099373
0.00993743
0.00993756
0.00993769
0.00993783
0.00993796
0.00993809
0.00993822
0.00993834
0.00993847
0.0099386
0.00993873
0.00993886
0.00993898
0.00993911
0.00993924
0.00993936
0.00993949
0.00993961
0.00993974
0.00993986
0.00993998
0.00994011
0.00994023
0.00994035
0.00994048
0.0099406
0.00994072
0.00994084
0.00994096
0.00994108
0.0099412
0.00994132
0.00994144
0.00994156
0.00994168
0.0099418
0.00994191
0.00994203
0.00994215
0.00994226
0.00994238
0.0099425
0.00994261
0.00994273
0.00994284
0.00994296
0.00994307
0.00994319
0.0099433
0.00994341
0.00994353
0.00994364
0.00994375
0.00994386
0.00994397
0.00994408
0.0099442
0.00994431
0.00994442
0.00994453
0.00994464
0.00994475
0.00994485
0.00994496
0.00994507
0.00994518
0.00994529
0.00994539
0.0099455
0.00994561
0.00994571
0.00994582
0.00994593
0.00994603
0.00994614
0.00994624
0.00994635
0.00994645
0.00994655
0.00994666
0.00994676
0.00994686
0.00994697
0.00994707
0.00994717
0.00994727
0.00994738
0.00994748
0.00994758
0.00994768
0.00994778
0.00994788
0.00994798
0.00994808
0.00994818
0.00994828
0.00994838
0.00994848
0.00994857
0.00994867
0.00994877
0.00994887
0.00994896
0.00994906
0.00994916
0.00994925
0.00994935
0.00994945
0.00994954
0.00994964
0.00994973
0.00994983
0.00994992
0.00995002
0.00995011
0.0099502
0.0099503
0.00995039
0.00995048
0.00995058
0.00995067
0.00995076
0.00995085
0.00995095
0.00995104
0.00995113
0.00995122
0.00995131
0.0099514
0.00995149
0.00995158
0.00995167
0.00995176
0.00995185
0.00995194
0.00995203
0.00995212
0.00995221
0.0099523
0.00995238
0.00995247
0.00995256
0.00995265
0.00995273
0.00995282
0.00995291
0.00995299
0.00995308
0.00995317
0.00995325
0.00995334
0.00995342
0.00995351
0.00995359
0.00995368
0.00995376
0.00995385
0.00995393
0.00995401
0.0099541
0.00995418
0.00995426
0.00995435
0.00995443
0.00995451
0.0099546
0.00995468
0.00995476
0.00995484
0.00995492
0.009955
0.00995509
0.00995517
0.00995525
0.00995533
0.00995541
0.00995549
0.00995557
0.00995565
0.00995573
0.00995581
0.00995589
0.00995597
0.00995604
0.00995612
0.0099562
0.00995628
0.00995636
0.00995644
0.00995651
0.00995659
0.00995667
0.00995675
0.00995682
0.0099569
0.00995698
0.00995705
0.00995713
0.0099572
0.00995728
0.00995736
0.00995743
0.00995751
0.00995758
0.00995766
0.00995773
0.00995781
0.00995788
0.00995796
0.00995803
0.0099581
0.00995818
0.00995825
0.00995832
0.0099584
0.00995847
0.00995854
0.00995862
0.00995869
0.00995876
0.00995883
0.0099589
0.00995898
0.00995905
0.00995912
0.00995919
0.00995926
0.00995933
0.0099594
0.00995948
0.00995955
0.00995962
0.00995969
0.00995976
0.00995983
0.0099599
0.00995997
0.00996004
0.0099601
0.00996017
0.00996024
0.00996031
0.00996038
0.00996045
0.00996052
0.00996059
0.00996065
0.00996072
0.00996079
0.00996086
0.00996092
0.00996099
0.00996106
0.00996113
0.00996119
0.00996126
0.00996133
0.00996139
0.00996146
0.00996152
0.00996159
0.00996166
0.00996172
0.00996179
0.00996185
0.00996192
0.00996198
0.00996205
0.00996211
0.00996218
0.00996224
0.00996231
0.00996237
0.00996244
0.0099625
0.00996256
0.00996263
0.00996269
0.00996275
0.00996282
0.00996288
0.00996294
0.00996301
0.00996307
0.00996313
0.00996319
0.00996326
0.00996332
0.00996338
0.00996344
0.0099635
0.00996357
0.00996363
0.00996369
0.00996375
0.00996381
0.00996387
0.00996393
0.00996399
0.00996406
0.00996412
0.00996418
0.00996424
0.0099643
0.00996436
0.00996442
0.00996448
0.00996454
0.0099646
0.00996466
0.00996472
0.00996477
0.00996483
0.00996489
0.00996495
0.00996501
0.00996507
0.00996513
0.00996519
0.00996524
0.0099653
0.00996536
0.00996542
0.00996548
0.00996553
0.00996559
0.00996565
0.00996571
0.00996576
0.00996582
0.00996588
0.00996593
0.00996599
0.00996605
0.0099661
0.00996616
0.00996622
0.00996627
0.00996633
0.00996638
0.00996644
0.0099665
0.00996655
0.00996661
0.00996666
0.00996672
0.00996677
0.00996683
0.00996688
0.00996694
0.00996699
0.00996705
0.0099671
0.00996716
0.00996721
0.00996726
0.00996732
0.00996737
0.00996743
0.00996748
0.00996753
0.00996759
0.00996764
0.00996769
0.00996775
0.0099678
0.00996785
0.00996791
0.00996796
0.00996801
0.00996807
0.00996812
0.00996817
0.00996822
0.00996827
0.00996833
0.00996838
0.00996843
0.00996848
0.00996853
0.00996859
0.00996864
0.00996869
0.00996874
0.00996879
0.00996884
0.00996889
0.00996895
0.009969
0.00996905
0.0099691
0.00996915
0.0099692
0.00996925
0.0099693
0.00996935
0.0099694
0.00996945
0.0099695
0.00996955
0.0099696
0.00996965
0.0099697
0.00996975
0.0099698
0.00996985
0.0099699
0.00996995
0.00996999
0.00997004
0.00997009
0.00997014
0.00997019
0.00997024
0.00997029
0.00997034
0.00997038
0.00997043
0.00997048
0.00997053
0.00997058
0.00997062
0.00997067
0.00997072
0.00997077
0.00997082
0.00997086
0.00997091
0.00997096
0.009971
0.00997105
0.0099711
0.00997115
0.00997119
0.00997124
0.00997129
0.00997133
0.00997138
0.00997143
0.00997147
0.00997152
0.00997156
0.00997161
0.00997166
0.0099717
0.00997175
0.00997179
0.00997184
0.00997189
0.00997193
0.00997198
0.00997202
0.00997207
0.00997211
0.00997216
0.0099722
0.00997225
0.00997229
0.00997234
0.00997238
0.00997243
0.00997247
0.00997252
0.00997256
0.00997261
0.00997265
0.00997269
0.00997274
0.00997278
0.00997283
0.00997287
0.00997291
0.00997296
0.009973
0.00997305
0.00997309
0.00997313
0.00997318
0.00997322
0.00997326
0.00997331
0.00997335
0.00997339
0.00997343
0.00997348
0.00997352
0.00997356
0.00997361
0.00997365
0.00997369
0.00997373
0.00997378
0.00997382
0.00997386
0.0099739
0.00997395
0.00997399
0.00997403
0.00997407
0.00997411
0.00997415
0.0099742
0.00997424
0.00997428
0.00997432
0.00997436
0.0099744
0.00997445
0.00997449
0.00997453
0.00997457
0.00997461
0.00997465
0.00997469
0.00997473
0.00997477
0.00997481
0.00997485
0.0099749
0.00997494
0.00997498
0.00997502
0.00997506
0.0099751
0.00997514
0.00997518
0.00997522
0.00997526
0.0099753
0.00997534
0.00997538
0.00997542
0.00997546
0.0099755
0.00997554
0.00997557
0.00997561
0.00997565
0.00997569
0.00997573
0.00997577
0.00997581
0.00997585
0.00997589
0.00997593
0.00997597
0.009976
0.00997604
0.00997608
0.00997612
0.00997616
0.0099762
0.00997624
0.00997627
0.00997631
0.00997635
0.00997639
0.00997643
0.00997647
0.0099765
0.00997654
0.00997658
0.00997662
0.00997665
0.00997669
0.00997673
0.00997677
0.00997681
0.00997684
0.00997688
0.00997692
0.00997695
0.00997699
0.00997703
0.00997707
0.0099771
0.00997714
0.00997718
0.00997721
0.00997725
0.00997729
0.00997732
0.00997736
0.0099774
0.00997743
0.00997747
0.00997751
0.00997754
0.00997758
0.00997762
0.00997765
0.00997769
0.00997772
0.00997776
0.0099778
0.00997783
0.00997787
0.0099779
0.00997794
0.00997798
0.00997801
0.00997805
0.00997808
0.00997812
0.00997815
0.00997819
0.00997822
0.00997826
0.0099783
0.00997833
0.00997837
0.0099784
0.00997844
0.00997847
0.00997851
0.00997854
0.00997858
0.00997861
0.00997865
0.00997868
0.00997871
0.00997875
0.00997878
0.00997882
0.00997885
0.00997889
0.00997892
0.00997896
0.00997899
0.00997902
0.00997906
0.00997909
0.00997913
0.00997916
0.00997919
0.00997923
0.00997926
0.0099793
0.00997933
0.00997936
0.0099794
0.00997943
0.00997946
0.0099795
0.00997953
0.00997956
0.0099796
0.00997963
0.00997966
0.0099797
0.00997973
0.00997976
0.0099798
0.00997983
0.00997986
0.0099799
0.00997993
0.00997996
0.00997999
0.00998003
0.00998006
0.00998009
0.00998012
0.00998016
0.00998019
0.00998022
0.00998025
0.00998029
0.00998032
0.00998035
0.00998038
0.00998042
0.00998045
0.00998048
0.00998051
0.00998054
0.00998058
0.00998061
0.00998064
0.00998067
0.0099807
0.00998074
0.00998077
0.0099808
0.00998083
0.00998086
0.00998089
0.00998093
0.00998096
0.00998099
0.00998102
0.00998105
0.00998108
0.00998111
0.00998114
0.00998118
0.00998121
0.00998124
0.00998127
0.0099813
0.00998133
0.00998136
0.00998139
0.00998142
0.00998145
0.00998148
0.00998152
0.00998155
0.00998158
0.00998161
0.00998164
0.00998167
0.0099817
0.00998173
0.00998176
0.00998179
0.00998182
0.00998185
0.00998188
0.00998191
0.00998194
0.00998197
0.009982
0.00998203
0.00998206
0.00998209
0.00998212
0.00998215
0.00998218
0.00998221
0.00998224
0.00998227
0.0099823
0.00998233
0.00998236
0.00998239
0.00998242
0.00998245
0.00998247
0.0099825
0.00998253
0.00998256
0.00998259
0.00998262
0.00998265
0.00998268
0.00998271
0.00998274
0.00998277
0.0099828
0.00998282
0.00998285
0.00998288
0.00998291
0.00998294
0.00998297
0.009983
0.00998303
0.00998305
0.00998308
0.00998311
0.00998314
0.00998317
0.0099832
0.00998323
0.00998325
0.00998328
0.00998331
0.00998334
0.00998337
0.0099834
0.00998342
0.00998345
0.00998348
0.00998351
0.00998354
0.00998356
0.00998359
0.00998362
0.00998365
0.00998367
0.0099837
0.00998373
0.00998376
0.00998379
0.00998381
0.00998384
0.00998387
0.0099839
0.00998392
0.00998395
0.00998398
0.00998401
0.00998403
0.00998406
0.00998409
0.00998412
0.00998414
0.00998417
0.0099842
0.00998422
0.00998425
0.00998428
0.0099843
0.00998433
0.00998436
0.00998439
0.00998441
0.00998444
0.00998447
0.00998449
0.00998452
0.00998455
0.00998457
0.0099846
0.00998463
0.00998465
0.00998468
0.00998471
0.00998473
0.00998476
0.00998479
0.00998481
0.00998484
0.00998486
0.00998489
0.00998492
0.00998494
0.00998497
0.009985
0.00998502
0.00998505
0.00998507
0.0099851
0.00998513
0.00998515
0.00998518
0.0099852
0.00998523
0.00998526
0.00998528
0.00998531
0.00998533
0.00998536
0.00998538
0.00998541
0.00998544
0.00998546
0.00998549
0.00998551
0.00998554
0.00998556
0.00998559
0.00998561
0.00998564
0.00998567
0.00998569
0.00998572
0.00998574
0.00998577
0.00998579
0.00998582
0.00998584
0.00998587
0.00998589
0.00998592
0.00998594
0.00998597
0.00998599
0.00998602
0.00998604
0.00998607
0.00998609
0.00998612
0.00998614
0.00998617
0.00998619
0.00998622
0.00998624
0.00998626
0.00998629
0.00998631
0.00998634
0.00998636
0.00998639
0.00998641
0.00998644
0.00998646
0.00998648
0.00998651
0.00998653
0.00998656
0.00998658
0.00998661
0.00998663
0.00998665
0.00998668
0.0099867
0.00998673
0.00998675
0.00998678
0.0099868
0.00998682
0.00998685
0.00998687
0.0099869
0.00998692
0.00998694
0.00998697
0.00998699
0.00998701
0.00998704
0.00998706
0.00998709
0.00998711
0.00998713
0.00998716
0.00998718
0.0099872
0.00998723
0.00998725
0.00998727
0.0099873
0.00998732
0.00998734
0.00998737
0.00998739
0.00998741
0.00998744
0.00998746
0.00998748
0.00998751
0.00998753
0.00998755
0.00998758
0.0099876
0.00998762
0.00998765
0.00998767
0.00998769
0.00998771
0.00998774
0.00998776
0.00998778
0.00998781
0.00998783
0.00998785
0.00998787
0.0099879
0.00998792
0.00998794
0.00998797
0.00998799
0.00998801
0.00998803
0.00998806
0.00998808
0.0099881
0.00998812
0.00998815
0.00998817
0.00998819
0.00998821
0.00998824
0.00998826
0.00998828
0.0099883
0.00998833
0.00998835
0.00998837
0.00998839
0.00998841
0.00998844
0.00998846
0.00998848
0.0099885
0.00998852
0.00998855
0.00998857
0.00998859
0.00998861
0.00998863
0.00998866
0.00998868
0.0099887
0.00998872
0.00998874
0.00998877
0.00998879
0.00998881
0.00998883
0.00998885
0.00998887
0.0099889
0.00998892
0.00998894
0.00998896
0.00998898
0.009989
0.00998903
0.00998905
0.00998907
0.00998909
0.00998911
0.00998913
0.00998915
0.00998918
0.0099892
0.00998922
0.00998924
0.00998926
0.00998928
0.0099893
0.00998932
0.00998935
0.00998937
0.00998939
0.00998941
0.00998943
0.00998945
0.00998947
0.00998949
0.00998951
0.00998954
0.00998956
0.00998958
0.0099896
0.00998962
0.00998964
0.00998966
0.00998968
0.0099897
0.00998972
0.00998974
0.00998976
0.00998979
0.00998981
0.00998983
0.00998985
0.00998987
0.00998989
0.00998991
0.00998993
0.00998995
0.00998997
0.00998999
0.00999001
0.00999003
0.00999005
0.00999007
0.00999009
0.00999011
0.00999013
0.00999015
0.00999017
0.0099902
0.00999022
0.00999024
0.00999026
0.00999028
0.0099903
0.00999032
0.00999034
0.00999036
0.00999038
0.0099904
0.00999042
0.00999044
0.00999046
0.00999048
0.0099905
0.00999052
0.00999054
0.00999056
0.00999058
0.0099906
0.00999062
0.00999064
0.00999066
0.00999068
0.0099907
0.00999072
0.00999073
0.00999075
0.00999077
0.00999079
0.00999081
0.00999083
0.00999085
0.00999087
0.00999089
0.00999091
0.00999093
0.00999095
0.00999097
0.00999099
0.00999101
0.00999103
0.00999105
0.00999107
0.00999109
0.00999111
0.00999113
0.00999114
0.00999116
0.00999118
0.0099912
0.00999122
0.00999124
0.00999126
0.00999128
0.0099913
0.00999132
0.00999134
0.00999136
0.00999138
0.00999139
0.00999141
0.00999143
0.00999145
0.00999147
0.00999149
0.00999151
0.00999153
0.00999155
0.00999156
0.00999158
0.0099916
0.00999162
0.00999164
0.00999166
0.00999168
0.0099917
0.00999172
0.00999173
0.00999175
0.00999177
0.00999179
0.00999181
0.00999183
0.00999185
0.00999186
0.00999188
0.0099919
0.00999192
0.00999194
0.00999196
0.00999198
0.00999199
0.00999201
0.00999203
0.00999205
0.00999207
0.00999209
0.00999211
0.00999212
0.00999214
0.00999216
0.00999218
0.0099922
0.00999221
0.00999223
0.00999225
0.00999227
0.00999229
0.00999231
0.00999232
0.00999234
0.00999236
0.00999238
0.0099924
0.00999241
0.00999243
0.00999245
0.00999247
0.00999249
0.0099925
0.00999252
0.00999254
0.00999256
0.00999258
0.00999259
0.00999261
0.00999263
0.00999265
0.00999267
0.00999268
0.0099927
0.00999272
0.00999274
0.00999275
0.00999277
0.00999279
0.00999281
0.00999283
0.00999284
0.00999286
0.00999288
0.0099929
0.00999291
0.00999293
0.00999295
0.00999297
0.00999298
0.009993
0.00999302
0.00999304
0.00999305
0.00999307
0.00999309
0.00999311
0.00999312
0.00999314
0.00999316
0.00999318
0.00999319
0.00999321
0.00999323
0.00999324
0.00999326
0.00999328
0.0099933
0.00999331
0.00999333
0.00999335
0.00999337
0.00999338
0.0099934
0.00999342
0.00999343
0.00999345
0.00999347
0.00999349
0.0099935
0.00999352
0.00999354
0.00999355
0.00999357
0.00999359
0.0099936
0.00999362
0.00999364
0.00999366
0.00999367
0.00999369
0.00999371
0.00999372
0.00999374
0.00999376
0.00999377
0.00999379
0.00999381
0.00999382
0.00999384
0.00999386
0.00999387
0.00999389
0.00999391
0.00999392
0.00999394
0.00999396
0.00999397
0.00999399
0.00999401
0.00999402
0.00999404
0.00999406
0.00999407
0.00999409
0.00999411
0.00999412
0.00999414
0.00999416
0.00999417
0.00999419
0.0099942
0.00999422
0.00999424
0.00999425
0.00999427
0.00999429
0.0099943
0.00999432
0.00999434
0.00999435
0.00999437
0.00999438
0.0099944
0.00999442
0.00999443
0.00999445
0.00999447
0.00999448
0.0099945
0.00999451
0.00999453
0.00999455
0.00999456
0.00999458
0.00999459
0.00999461
0.00999463
0.00999464
0.00999466
0.00999467
0.00999469
0.00999471
0.00999472
0.00999474
0.00999475
0.00999477
0.00999479
0.0099948
0.00999482
0.00999483
0.00999485
0.00999486
0.00999488
0.0099949
0.00999491
0.00999493
0.00999494
0.00999496
0.00999498
0.00999499
0.00999501
0.00999502
0.00999504
0.00999505
0.00999507
0.00999508
0.0099951
0.00999512
0.00999513
0.00999515
0.00999516
0.00999518
0.00999519
0.00999521
0.00999522
0.00999524
0.00999526
0.00999527
0.00999529
0.0099953
0.00999532
0.00999533
0.00999535
0.00999536
0.00999538
0.00999539
0.00999541
0.00999543
0.00999544
0.00999546
0.00999547
0.00999549
0.0099955
0.00999552
0.00999553
0.00999555
0.00999556
0.00999558
0.00999559
0.00999561
0.00999562
0.00999564
0.00999565
0.00999567
0.00999568
0.0099957
0.00999571
0.00999573
0.00999574
0.00999576
0.00999577
0.00999579
0.0099958
0.00999582
0.00999583
0.00999585
0.00999586
0.00999588
0.00999589
0.00999591
0.00999592
0.00999594
0.00999595
0.00999597
0.00999598
0.009996
0.00999601
0.00999603
0.00999604
0.00999606
0.00999607
0.00999609
0.0099961
0.00999612
0.00999613
0.00999615
0.00999616
0.00999618
0.00999619
0.00999621
0.00999622
0.00999623
0.00999625
0.00999626
0.00999628
0.00999629
0.00999631
0.00999632
0.00999634
0.00999635
0.00999637
0.00999638
0.00999639
0.00999641
0.00999642
0.00999644
0.00999645
0.00999647
0.00999648
0.0099965
0.00999651
0.00999652
0.00999654
0.00999655
0.00999657
0.00999658
0.0099966
0.00999661
0.00999663
0.00999664
0.00999665
0.00999667
0.00999668
0.0099967
0.00999671
0.00999673
0.00999674
0.00999675
0.00999677
0.00999678
0.0099968
0.00999681
0.00999682
0.00999684
0.00999685
0.00999687
0.00999688
0.0099969
0.00999691
0.00999692
0.00999694
0.00999695
0.00999697
0.00999698
0.00999699
0.00999701
0.00999702
0.00999704
0.00999705
0.00999706
0.00999708
0.00999709
0.00999711
0.00999712
0.00999713
0.00999715
0.00999716
0.00999717
0.00999719
0.0099972
0.00999722
0.00999723
0.00999724
0.00999726
0.00999727
0.00999729
0.0099973
0.00999731
0.00999733
0.00999734
0.00999735
0.00999737
0.00999738
0.0099974
0.00999741
0.00999742
0.00999744
0.00999745
0.00999746
0.00999748
0.00999749
0.0099975
0.00999752
0.00999753
0.00999755
0.00999756
0.00999757
0.00999759
0.0099976
0.00999761
0.00999763
0.00999764
0.00999765
0.00999767
0.00999768
0.00999769
0.00999771
0.00999772
0.00999773
0.00999775
0.00999776
0.00999777
0.00999779
0.0099978
0.00999781
0.00999783
0.00999784
0.00999785
0.00999787
0.00999788
0.00999789
0.00999791
0.00999792
0.00999793
0.00999795
0.00999796
0.00999797
0.00999799
0.009998
0.00999801
0.00999803
0.00999804
0.00999805
0.00999807
0.00999808
0.00999809
0.00999811
0.00999812
0.00999813
0.00999815
0.00999816
0.00999817
0.00999818
0.0099982
0.00999821
0.00999822
0.00999824
0.00999825
0.00999826
0.00999828
0.00999829
0.0099983
0.00999831
0.00999833
0.00999834
0.00999835
0.00999837
0.00999838
0.00999839
0.00999841
0.00999842
0.00999843
0.00999844
0.00999846
0.00999847
0.00999848
0.0099985
0.00999851
0.00999852
0.00999853
0.00999855
0.00999856
0.00999857
0.00999858
0.0099986
0.00999861
0.00999862
0.00999864
0.00999865
0.00999866
0.00999867
0.00999869
0.0099987
0.00999871
0.00999872
0.00999874
0.00999875
0.00999876
0.00999878
0.00999879
0.0099988
0.00999881
0.00999883
0.00999884
0.00999885
0.00999886
0.00999888
0.00999889
0.0099989
0.00999891
0.00999893
0.00999894
0.00999895
0.00999896
0.00999898
0.00999899
0.009999
0.00999901
0.00999903
0.00999904
0.00999905
0.00999906
0.00999908
0.00999909
0.0099991
0.00999911
0.00999912
0.00999914
0.00999915
0.00999916
0.00999917
0.00999919
0.0099992
0.00999921
0.00999922
0.00999924
0.00999925
0.00999926
0.00999927
0.00999928
0.0099993
0.00999931
0.00999932
0.00999933
0.00999935
0.00999936
0.00999937
0.00999938
0.00999939
0.00999941
0.00999942
0.00999943
0.00999944
0.00999945
0.00999947
0.00999948
0.00999949
0.0099995
0.00999952
0.00999953
0.00999954
0.00999955
0.00999956
0.00999958
0.00999959
0.0099996
0.00999961
0.00999962
0.00999964
0.00999965
0.00999966
0.00999967
0.00999968
0.0099997
0.00999971
0.00999972
0.00999973
0.00999974
0.00999975
0.00999977
0.00999978
0.00999979
0.0099998
0.00999981
0.00999983
0.00999984
0.00999985
0.00999986
0.00999987
0.00999988
0.0099999
0.00999991
0.00999992
0.00999993
0.00999994
0.00999996
0.00999997
0.00999998
0.00994717
0.00994717
0.01
0.01
0.01
0.01
0.01
0.01
0.01
0.01
0.01
0.01
0.01
0.01
0.01
0.01
0.01
0.01
0.01
0.01
0.01
0.01
0.01
0.01
0.01
0.01
0.01
0.01
0.01
0.01
0.01
0.01
0.01
0.01
0.01
0.01
0.01
0.01
0.01
0.01
0.01
0.01
0.01
0.01
0.01
0.01
0.01
0.01
0.01
0.01
0.01
0.01
0.01
0.01
0.01
0.01
0.01
0.01
0.01
0.01
0.01
0.01
0.01
0.01
0.01
0.01
0.01
0.01
0.01
0.01
0.01
0.01
0.01
0.01
0.01
0.01
0.01
0.01
0.01
0.01
0.01
0.01
0.01
0.01
0.01
0.01
0.01
0.01
0.01
0.01
0.01
0.01
0.01
0.01
0.01
0.01
0.01
0.01
0.01
0.01
0.01
0.01
0.01
0.01
0.01
0.01
0.01
0.01
0.01
0.01
0.01
0.01
0.01
0.01
0.01
0.01
0.01
0.01
0.01
0.01
0.01
0.01
0.01
0.01
0.01
0.01
0.01
0.01
0.01
0.01
0.01
0.01
0.01
0.01
0.01
0.01
0.01
0.01
0.01
0.01
0.01
0.01
0.01
0.01
0.01
0.01
0.01
0.01
0.01
0.01
0.01
0.01
0.01
0.01
0.01
0.01
0.01
0.01
0.01
0.01
0.01
0.01
0.01
0.01
0.01
0.01
0.01
0.01
0.01
0.01
0.01
0.01
0.01
0.01
0.01
0.01
0.01
0.00994717
0.01
0.01
0.01
0.01
0.00994717
0.00994717
0.00994717
0.01
0.01
0.01
0.01
0.01
0.01
0.01
0.01
0.01
0.01
0.01
0.01
0.01
0.01
0.01
0.01
0.01
0.01
0.01
0.01
0.01
0.01
0.01
0.01
0.01
0.01
0.01
0.01
0.01
0.01
0.01
0.01
0.01
0.01
0.01
0.01
0.01
0.01
0.01
0.01
0.01
0.01
0.01
0.01
0.01
0.01
0.01
0.01
0.01
0.01
0.01
0.01
0.01
0.01
0.01
0.01
0.01
0.01
0.01
0.01
0.01
0.01
0.01
0.01
0.01
0.01
0.01
0.01
0.01
0.01
0.01
0.01
0.01
0.01
0.01
0.01
0.01
0.01
0.01
0.01
0.01
0.01
0.01
0.01
0.01
0.01
0.01
0.01
0.01
0.01
0.01
0.01
0.01
0.01
0.01
0.01
0.01
0.01
0.01
0.01
0.01
0.01
0.01
0.01
0.01
0.01
0.01
0.01
0.01
0.01
0.01
0.01
0.01
0.01
0.01
0.01
0.01
0.01
0.01
0.01
0.01
0.01
0.01
0.01
0.01
0.01
0.01
0.01
0.01
0.01
0.01
0.01
0.01
0.01
0.01
0.01
0.01
0.01
0.01
0.01
0.01
0.01
0.01
0.01
0.01
0.01
0.01
0.01
0.01
0.01
0.01
0.01
0.01
0.01
0.01
0.01
0.01
0.01
0.01
0.01
0.01
0.01
0.01
0.01
0.01
0.01
0.01
0.01
0.01
0.01
0.01
0.01
0.01
0.01
0.01
0.01
0.01
0.01
0.01
0.01
0.01
0.01
0.01
0.01
0.01
0.01
0.01
0.01
0.01
0.01
0.01
0.01
0.01
0.01
0.01
0.01
0.01
0.01
0.01
0.01
0.01
0.01
0.01
0.01
0.01
0.01
0.01
0.01
0.01
0.01
0.01
0.01
0.01
0.01
0.01
0.01
0.01
0.01
0.01
0.01
0.01
0.01
0.01
0.01
0.01
0.01
0.01
0.01
0.01
0.01
0.01
0.01
0.01
0.01
0.01
0.01
0.01
0.01
0.01
0.01
0.01
0.01
0.01
0.01
0.01
0.01
0.01
0.01
0.01
0.01
0.01
0.01
0.01
0.01
0.01
0.01
0.01
0.01
0.01
0.01
0.01
0.01
0.01
0.01
0.01
0.01
0.01
0.01
0.01
0.01
0.01
0.01
0.01
0.01
0.01
0.01
0.01
0.01
0.01
0.01
0.01
0.01
0.01
0.01
0.01
0.01
0.01
0.01
0.01
0.01
0.01
0.01
0.01
0.01
0.01
0.01
0.01
0.01
0.01
0.01
0.01
0.01
0.01
0.01
0.01
0.01
0.01
0.01
0.01
0.01
0.01
0.01
0.01
0.01
0.01
0.01
0.01
0.01
0.01
0.01
0.01
0.01
0.01
0.01
0.01
0.01
0.01
0.01
0.01
0.01
0.01
0.01
0.01
0.01
0.01
0.01
0.01
0.01
0.01
0.01
0.01
0.01
0.01
0.01
0.01
0.01
0.01
0.01
0.01
0.01
0.01
0.01
0.01
0.01
0.01
0.01
0.01
0.01
0.01
0.01
0.01
0.01
0.01
0.01
0.01
0.01
0.01
0.01
0.01
0.01
0.01
0.01
0.01
0.01
0.01
0.01
0.01
0.01
0.01
0.01
0.01
0.01
0.01
0.01
0.01
0.01
0.01
0.01
0.01
0.01
0.01
0.01
0.01
0.01
0.01
0.01
0.01
0.01
0.01
0.01
0.01
0.01
0.01
0.01
0.01
0.01
0.01
0.01
0.01
0.01
0.01
0.01
0.01
0.01
0.01
0.01
0.01
0.01
0.01
0.01
0.01
0.01
0.01
0.01
0.01
0.01
0.01
0.01
0.01
0.01
0.01
0.01
0.01
0.01
0.01
0.01
0.01
0.01
0.01
0.01
0.01
0.01
0.01
0.01
0.01
0.01
0.01
