0.000147236
0.000147625
0.000148014
0.000148404
0.000148794
0.000149184
0.000149575
0.000149966
0.000150357
0.000150748
0.00015114
0.000151532
0.000151924
0.000152317
0.000152709
0.000153102
0.000153496
0.000153889
0.000154283
0.000154677
0.000155072
0.000155467
0.000155862
0.000156257
0.000156653
0.000157048
0.000157444
0.000157841
0.000158238
0.000158634
0.000159032
0.000159429
0.000159827
0.000160225
0.000160623
0.000161022
0.00016142
0.00016182
0.000162219
0.000162619
0.000163018
0.000163419
0.000163819
0.00016422
0.000164621
0.000165022
0.000165423
0.000165825
0.000166227
0.000166629
0.000167032
0.000167435
0.000167838
0.000168241
0.000168645
0.000169048
0.000169452
0.000169857
0.000170261
0.000170666
0.000171071
0.000171477
0.000171882
0.000172288
0.000172695
0.000173101
0.000173508
0.000173915
0.000174322
0.000174729
0.000175137
0.000175545
0.000175953
0.000176361
0.00017677
0.000177179
0.000177588
0.000177998
0.000178407
0.000178817
0.000179227
0.000179638
0.000180049
0.00018046
0.000180871
0.000181282
0.000181694
0.000182106
0.000182518
0.00018293
0.000183343
0.000183756
0.000184169
0.000184583
0.000184996
0.00018541
0.000185824
0.000186239
0.000186653
0.000187068
0.000187483
0.000187899
0.000188314
0.00018873
0.000189146
0.000189562
0.000189979
0.000190396
0.000190813
0.00019123
0.000191648
0.000192065
0.000192483
0.000192901
0.00019332
0.000193739
0.000194158
0.000194577
0.000194996
0.000195416
0.000195836
0.000196256
0.000196676
0.000197097
0.000197518
0.000197939
0.00019836
0.000198781
0.000199203
0.000199625
0.000200047
0.00020047
0.000200893
0.000201315
0.000201739
0.000202162
0.000202586
0.000203009
0.000203434
0.000203858
0.000204282
0.000204707
0.000205132
0.000205557
0.000205983
0.000206408
0.000206834
0.00020726
0.000207687
0.000208113
0.00020854
0.000208967
0.000209394
0.000209822
0.00021025
0.000210678
0.000211106
0.000211534
0.000211963
0.000212392
0.000212821
0.00021325
0.000213679
0.000214109
0.000214539
0.000214969
0.0002154
0.00021583
0.000216261
0.000216692
0.000217124
0.000217555
0.000217987
0.000218419
0.000218851
0.000219283
0.000219716
0.000220149
0.000220582
0.000221015
0.000221448
0.000221882
0.000222316
0.00022275
0.000223185
0.000223619
0.000224054
0.000224489
0.000224924
0.00022536
0.000225795
0.000226231
0.000226667
0.000227104
0.00022754
0.000227977
0.000228414
0.000228851
0.000229288
0.000229726
0.000230164
0.000230602
0.00023104
0.000231479
0.000231917
0.000232356
0.000232795
0.000233234
0.000233674
0.000234114
0.000234554
0.000234994
0.000235434
0.000235875
0.000236316
0.000236757
0.000237198
0.000237639
0.000238081
0.000238523
0.000238965
0.000239407
0.00023985
0.000240292
0.000240735
0.000241178
0.000241622
0.000242065
0.000242509
0.000242953
0.000243397
0.000243841
0.000244286
0.000244731
0.000245176
0.000245621
0.000246066
0.000246512
0.000246958
0.000247404
0.00024785
0.000248296
0.000248743
0.00024919
0.000249637
0.000250084
0.000250531
0.000250979
0.000251427
0.000251875
0.000252323
0.000252772
0.00025322
0.000253669
0.000254118
0.000254568
0.000255017
0.000255467
0.000255917
0.000256367
0.000256817
0.000257268
0.000257718
0.000258169
0.000258621
0.000259072
0.000259523
0.000259975
0.000260427
0.000260879
0.000261331
0.000261784
0.000262237
0.00026269
0.000263143
0.000263596
0.00026405
0.000264503
0.000264957
0.000265411
0.000265866
0.00026632
0.000266775
0.00026723
0.000267685
0.00026814
0.000268596
0.000269052
0.000269508
0.000269964
0.00027042
0.000270877
0.000271333
0.00027179
0.000272247
0.000272705
0.000273162
0.00027362
0.000274078
0.000274536
0.000274994
0.000275453
0.000275911
0.00027637
0.000276829
0.000277289
0.000277748
0.000278208
0.000278668
0.000279128
0.000279588
0.000280048
0.000280509
0.00028097
0.000281431
0.000281892
0.000282354
0.000282815
0.000283277
0.000283739
0.000284201
0.000284664
0.000285126
0.000285589
0.000286052
0.000286515
0.000286979
0.000287442
0.000287906
0.00028837
0.000288834
0.000289298
0.000289763
0.000290228
0.000290693
0.000291158
0.000291623
0.000292088
0.000292554
0.00029302
0.000293486
0.000293952
0.000294419
0.000294885
0.000295352
0.000295819
0.000296286
0.000296754
0.000297221
0.000297689
0.000298157
0.000298625
0.000299094
0.000299562
0.000300031
0.0003005
0.000300969
0.000301438
0.000301908
0.000302378
0.000302847
0.000303318
0.000303788
0.000304258
0.000304729
0.0003052
0.000305671
0.000306142
0.000306613
0.000307085
0.000307557
0.000308029
0.000308501
0.000308973
0.000309446
0.000309918
0.000310391
0.000310864
0.000311338
0.000311811
0.000312285
0.000312758
0.000313232
0.000313707
0.000314181
0.000314656
0.00031513
0.000315605
0.000316081
0.000316556
0.000317031
0.000317507
0.000317983
0.000318459
0.000318935
0.000319412
0.000319888
0.000320365
0.000320842
0.000321319
0.000321797
0.000322274
0.000322752
0.00032323
0.000323708
0.000324186
0.000324665
0.000325144
0.000325622
0.000326101
0.000326581
0.00032706
0.00032754
0.000328019
0.000328499
0.00032898
0.00032946
0.00032994
0.000330421
0.000330902
0.000331383
0.000331864
0.000332346
0.000332827
0.000333309
0.000333791
0.000334273
0.000334756
0.000335238
0.000335721
0.000336204
0.000336687
0.00033717
0.000337654
0.000338137
0.000338621
0.000339105
0.000339589
0.000340074
0.000340558
0.000341043
0.000341528
0.000342013
0.000342498
0.000342983
0.000343469
0.000343955
0.000344441
0.000344927
0.000345413
0.0003459
0.000346387
0.000346874
0.000347361
0.000347848
0.000348335
0.000348823
0.000349311
0.000349799
0.000350287
0.000350775
0.000351264
0.000351753
0.000352242
0.000352731
0.00035322
0.000353709
0.000354199
0.000354689
0.000355179
0.000355669
0.000356159
0.00035665
0.00035714
0.000357631
0.000358122
0.000358614
0.000359105
0.000359597
0.000360088
0.00036058
0.000361072
0.000361565
0.000362057
0.00036255
0.000363043
0.000363536
0.000364029
0.000364522
0.000365016
0.00036551
0.000366004
0.000366498
0.000366992
0.000367487
0.000367981
0.000368476
0.000368971
0.000369466
0.000369961
0.000370457
0.000370953
0.000371449
0.000371945
0.000372441
0.000372937
0.000373434
0.000373931
0.000374428
0.000374925
0.000375422
0.00037592
0.000376417
0.000376915
0.000377413
0.000377911
0.00037841
0.000378908
0.000379407
0.000379906
0.000380405
0.000380904
0.000381404
0.000381903
0.000382403
0.000382903
0.000383403
0.000383903
0.000384404
0.000384905
0.000385405
0.000385906
0.000386408
0.000386909
0.000387411
0.000387912
0.000388414
0.000388916
0.000389419
0.000389921
0.000390424
0.000390926
0.000391429
0.000391932
0.000392436
0.000392939
0.000393443
0.000393947
0.000394451
0.000394955
0.000395459
0.000395964
0.000396469
0.000396974
0.000397479
0.000397984
0.000398489
0.000398995
0.000399501
0.000400007
0.000400513
0.000401019
0.000401525
0.000402032
0.000402539
0.000403046
0.000403553
0.00040406
0.000404568
0.000405076
0.000405583
0.000406091
0.0004066
0.000407108
0.000407617
0.000408125
0.000408634
0.000409143
0.000409653
0.000410162
0.000410672
0.000411181
0.000411691
0.000412202
0.000412712
0.000413222
0.000413733
0.000414244
0.000414755
0.000415266
0.000415777
0.000416289
0.000416801
0.000417312
0.000417824
0.000418337
0.000418849
0.000419362
0.000419874
0.000420387
0.0004209
0.000421414
0.000421927
0.000422441
0.000422954
0.000423468
0.000423982
0.000424497
0.000425011
0.000425526
0.000426041
0.000426556
0.000427071
0.000427586
0.000428102
0.000428617
0.000429133
0.000429649
0.000430165
0.000430682
0.000431198
0.000431715
0.000432232
0.000432749
0.000433266
0.000433783
0.000434301
0.000434819
0.000435337
0.000435855
0.000436373
0.000436892
0.00043741
0.000437929
0.000438448
0.000438967
0.000439486
0.000440006
0.000440525
0.000441045
0.000441565
0.000442085
0.000442606
0.000443126
0.000443647
0.000444168
0.000444689
0.00044521
0.000445731
0.000446253
0.000446774
0.000447296
0.000447818
0.00044834
0.000448863
0.000449385
0.000449908
0.000450431
0.000450954
0.000451477
0.000452001
0.000452524
0.000453048
0.000453572
0.000454096
0.00045462
0.000455145
0.000455669
0.000456194
0.000456719
0.000457244
0.00045777
0.000458295
0.000458821
0.000459346
0.000459872
0.000460399
0.000460925
0.000461451
0.000461978
0.000462505
0.000463032
0.000463559
0.000464086
0.000464614
0.000465141
0.000465669
0.000466197
0.000466726
0.000467254
0.000467782
0.000468311
0.00046884
0.000469369
0.000469898
0.000470428
0.000470957
0.000471487
0.000472017
0.000472547
0.000473077
0.000473607
0.000474138
0.000474669
0.0004752
0.000475731
0.000476262
0.000476793
0.000477325
0.000477857
0.000478389
0.000478921
0.000479453
0.000479985
0.000480518
0.000481051
0.000481584
0.000482117
0.00048265
0.000483184
0.000483717
0.000484251
0.000484785
0.000485319
0.000485853
0.000486388
0.000486923
0.000487457
0.000487992
0.000488527
0.000489063
0.000489598
0.000490134
0.00049067
0.000491206
0.000491742
0.000492278
0.000492815
0.000493351
0.000493888
0.000494425
0.000494962
0.0004955
0.000496037
0.000496575
0.000497113
0.000497651
0.000498189
0.000498727
0.000499266
0.000499805
0.000500344
0.000500883
0.000501422
0.000501961
0.000502501
0.00050304
0.00050358
0.00050412
0.000504661
0.000505201
0.000505741
0.000506282
0.000506823
0.000507364
0.000507905
0.000508447
0.000508988
0.00050953
0.000510072
0.000510614
0.000511156
0.000511699
0.000512241
0.000512784
0.000513327
0.00051387
0.000514413
0.000514957
0.0005155
0.000516044
0.000516588
0.000517132
0.000517676
0.000518221
0.000518765
0.00051931
0.000519855
0.0005204
0.000520945
0.000521491
0.000522036
0.000522582
0.000523128
0.000523674
0.00052422
0.000524767
0.000525314
0.00052586
0.000526407
0.000526954
0.000527502
0.000528049
0.000528597
0.000529144
0.000529692
0.000530241
0.000530789
0.000531337
0.000531886
0.000532435
0.000532984
0.000533533
0.000534082
0.000534632
0.000535181
0.000535731
0.000536281
0.000536831
0.000537381
0.000537932
0.000538482
0.000539033
0.000539584
0.000540135
0.000540687
0.000541238
0.00054179
0.000542342
0.000542894
0.000543446
0.000543998
0.000544551
0.000545103
0.000545656
0.000546209
0.000546762
0.000547315
0.000547869
0.000548423
0.000548976
0.00054953
0.000550085
0.000550639
0.000551193
0.000551748
0.000552303
0.000552858
0.000553413
0.000553968
0.000554524
0.000555079
0.000555635
0.000556191
0.000556747
0.000557304
0.00055786
0.000558417
0.000558974
0.000559531
0.000560088
0.000560645
0.000561203
0.00056176
0.000562318
0.000562876
0.000563434
0.000563993
0.000564551
0.00056511
0.000565669
0.000566228
0.000566787
0.000567346
0.000567906
0.000568465
0.000569025
0.000569585
0.000570145
0.000570706
0.000571266
0.000571827
0.000572388
0.000572949
0.00057351
0.000574071
0.000574633
0.000575194
0.000575756
0.000576318
0.00057688
0.000577443
0.000578005
0.000578568
0.000579131
0.000579694
0.000580257
0.00058082
0.000581384
0.000581947
0.000582511
0.000583075
0.000583639
0.000584204
0.000584768
0.000585333
0.000585898
0.000586463
0.000587028
0.000587593
0.000588159
0.000588724
0.00058929
0.000589856
0.000590422
0.000590989
0.000591555
0.000592122
0.000592688
0.000593255
0.000593823
0.00059439
0.000594957
0.000595525
0.000596093
0.000596661
0.000597229
0.000597797
0.000598366
0.000598935
0.000599503
0.000600072
0.000600642
0.000601211
0.00060178
0.00060235
0.00060292
0.00060349
0.00060406
0.00060463
0.000605201
0.000605771
0.000606342
0.000606913
0.000607484
0.000608056
0.000608627
0.000609199
0.000609771
0.000610343
0.000610915
0.000611487
0.00061206
0.000612632
0.000613205
0.000613778
0.000614351
0.000614925
0.000615498
0.000616072
0.000616645
0.000617219
0.000617794
0.000618368
0.000618942
0.000619517
0.000620092
0.000620667
0.000621242
0.000621817
0.000622393
0.000622968
0.000623544
0.00062412
0.000624696
0.000625273
0.000625849
0.000626426
0.000627003
0.000627579
0.000628157
0.000628734
0.000629311
0.000629889
0.000630467
0.000631045
0.000631623
0.000632201
0.00063278
0.000633358
0.000633937
0.000634516
0.000635095
0.000635674
0.000636254
0.000636834
0.000637413
0.000637993
0.000638573
0.000639154
0.000639734
0.000640315
0.000640896
0.000641477
0.000642058
0.000642639
0.00064322
0.000643802
0.000644384
0.000644966
0.000645548
0.00064613
0.000646713
0.000647295
0.000647878
0.000648461
0.000649044
0.000649627
0.000650211
0.000650794
0.000651378
0.000651962
0.000652546
0.00065313
0.000653715
0.000654299
0.000654884
0.000655469
0.000656054
0.000656639
0.000657225
0.00065781
0.000658396
0.000658982
0.000659568
0.000660155
0.000660741
0.000661328
0.000661914
0.000662501
0.000663088
0.000663676
0.000664263
0.000664851
0.000665438
0.000666026
0.000666614
0.000667203
0.000667791
0.00066838
0.000668968
0.000669557
0.000670146
0.000670736
0.000671325
0.000671914
0.000672504
0.000673094
0.000673684
0.000674274
0.000674865
0.000675455
0.000676046
0.000676637
0.000677228
0.000677819
0.000678411
0.000679002
0.000679594
0.000680186
0.000680778
0.00068137
0.000681963
0.000682555
0.000683148
0.000683741
0.000684334
0.000684927
0.00068552
0.000686114
0.000686708
0.000687302
0.000687896
0.00068849
0.000689084
0.000689679
0.000690273
0.000690868
0.000691463
0.000692059
0.000692654
0.000693249
0.000693845
0.000694441
0.000695037
0.000695633
0.00069623
0.000696826
0.000697423
0.00069802
0.000698617
0.000699214
0.000699811
0.000700409
0.000701007
0.000701604
0.000702202
0.000702801
0.000703399
0.000703998
0.000704596
0.000705195
0.000705794
0.000706393
0.000706993
0.000707592
0.000708192
0.000708792
0.000709392
0.000709992
0.000710592
0.000711193
0.000711793
0.000712394
0.000712995
0.000713596
0.000714198
0.000714799
0.000715401
0.000716003
0.000716605
0.000717207
0.000717809
0.000718412
0.000719014
0.000719617
0.00072022
0.000720823
0.000721427
0.00072203
0.000722634
0.000723238
0.000723842
0.000724446
0.00072505
0.000725655
0.000726259
0.000726864
0.000727469
0.000728074
0.00072868
0.000729285
0.000729891
0.000730497
0.000731103
0.000731709
0.000732315
0.000732921
0.000733528
0.000734135
0.000734742
0.000735349
0.000735956
0.000736564
0.000737171
0.000737779
0.000738387
0.000738995
0.000739604
0.000740212
0.000740821
0.00074143
0.000742039
0.000742648
0.000743257
0.000743866
0.000744476
0.000745086
0.000745696
0.000746306
0.000746916
0.000747527
0.000748137
0.000748748
0.000749359
0.00074997
0.000750581
0.000751193
0.000751804
0.000752416
0.000753028
0.00075364
0.000754253
0.000754865
0.000755478
0.00075609
0.000756703
0.000757316
0.00075793
0.000758543
0.000759157
0.000759771
0.000760384
0.000760999
0.000761613
0.000762227
0.000762842
0.000763457
0.000764072
0.000764687
0.000765302
0.000765917
0.000766533
0.000767149
0.000767765
0.000768381
0.000768997
0.000769613
0.00077023
0.000770847
0.000771464
0.000772081
0.000772698
0.000773315
0.000773933
0.000774551
0.000775169
0.000775787
0.000776405
0.000777023
0.000777642
0.000778261
0.00077888
0.000779499
0.000780118
0.000780737
0.000781357
0.000781977
0.000782597
0.000783217
0.000783837
0.000784457
0.000785078
0.000785699
0.00078632
0.000786941
0.000787562
0.000788183
0.000788805
0.000789427
0.000790049
0.000790671
0.000791293
0.000791915
0.000792538
0.000793161
0.000793783
0.000794406
0.00079503
0.000795653
0.000796277
0.0007969
0.000797524
0.000798148
0.000798773
0.000799397
0.000800022
0.000800646
0.000801271
0.000801896
0.000802521
0.000803147
0.000803772
0.000804398
0.000805024
0.00080565
0.000806276
0.000806903
0.000807529
0.000808156
0.000808783
0.00080941
0.000810037
0.000810664
0.000811292
0.00081192
0.000812548
0.000813176
0.000813804
0.000814432
0.000815061
0.000815689
0.000816318
0.000816947
0.000817577
0.000818206
0.000818836
0.000819465
0.000820095
0.000820725
0.000821355
0.000821986
0.000822616
0.000823247
0.000823878
0.000824509
0.00082514
0.000825771
0.000826403
0.000827035
0.000827667
0.000828299
0.000828931
0.000829563
0.000830196
0.000830828
0.000831461
0.000832094
0.000832728
0.000833361
0.000833994
0.000834628
0.000835262
0.000835896
0.00083653
0.000837165
0.000837799
0.000838434
0.000839069
0.000839704
0.000840339
0.000840974
0.00084161
0.000842246
0.000842881
0.000843517
0.000844154
0.00084479
0.000845427
0.000846063
0.0008467
0.000847337
0.000847974
0.000848612
0.000849249
0.000849887
0.000850525
0.000851163
0.000851801
0.000852439
0.000853078
0.000853717
0.000854355
0.000854994
0.000855634
0.000856273
0.000856913
0.000857552
0.000858192
0.000858832
0.000859472
0.000860113
0.000860753
0.000861394
0.000862035
0.000862676
0.000863317
0.000863958
0.0008646
0.000865242
0.000865883
0.000866526
0.000867168
0.00086781
0.000868453
0.000869095
0.000869738
0.000870381
0.000871024
0.000871668
0.000872311
0.000872955
0.000873599
0.000874243
0.000874887
0.000875531
0.000876176
0.000876821
0.000877466
0.000878111
0.000878756
0.000879401
0.000880047
0.000880692
0.000881338
0.000881984
0.00088263
0.000883277
0.000883923
0.00088457
0.000885217
0.000885864
0.000886511
0.000887158
0.000887806
0.000888454
0.000889102
0.00088975
0.000890398
0.000891046
0.000891695
0.000892343
0.000892992
0.000893641
0.000894291
0.00089494
0.000895589
0.000896239
0.000896889
0.000897539
0.000898189
0.00089884
0.00089949
0.000900141
0.000900792
0.000901443
0.000902094
0.000902745
0.000903397
0.000904049
0.000904701
0.000905353
0.000906005
0.000906657
0.00090731
0.000907962
0.000908615
0.000909268
0.000909922
0.000910575
0.000911229
0.000911882
0.000912536
0.00091319
0.000913844
0.000914499
0.000915153
0.000915808
0.000916463
0.000917118
0.000917773
0.000918429
0.000919084
0.00091974
0.000920396
0.000921052
0.000921708
0.000922364
0.000923021
0.000923678
0.000924335
0.000924992
0.000925649
0.000926306
0.000926964
0.000927622
0.00092828
0.000928938
0.000929596
0.000930254
0.000930913
0.000931572
0.00093223
0.00093289
0.000933549
0.000934208
0.000934868
0.000935528
0.000936187
0.000936848
0.000937508
0.000938168
0.000938829
0.00093949
0.00094015
0.000940812
0.000941473
0.000942134
0.000942796
0.000943458
0.000944119
0.000944782
0.000945444
0.000946106
0.000946769
0.000947432
0.000948095
0.000948758
0.000949421
0.000950084
0.000950748
0.000951412
0.000952076
0.00095274
0.000953404
0.000954068
0.000954733
0.000955398
0.000956063
0.000956728
0.000957393
0.000958059
0.000958724
0.00095939
0.000960056
0.000960722
0.000961388
0.000962055
0.000962721
0.000963388
0.000964055
0.000964722
0.00096539
0.000966057
0.000966725
0.000967393
0.00096806
0.000968729
0.000969397
0.000970065
0.000970734
0.000971403
0.000972072
0.000972741
0.00097341
0.00097408
0.000974749
0.000975419
0.000976089
0.000976759
0.00097743
0.0009781
0.000978771
0.000979442
0.000980113
0.000980784
0.000981455
0.000982127
0.000982798
0.00098347
0.000984142
0.000984814
0.000985487
0.000986159
0.000986832
0.000987505
0.000988178
0.000988851
0.000989524
0.000990198
0.000990871
0.000991545
0.000992219
0.000992893
0.000993568
0.000994242
0.000994917
0.000995592
0.000996267
0.000996942
0.000997618
0.000998293
0.000998969
0.000999645
0.00100032
0.001001
0.00100167
0.00100235
0.00100303
0.0010037
0.00100438
0.00100506
0.00100574
0.00100641
0.00100709
0.00100777
0.00100845
0.00100912
0.0010098
0.00101048
0.00101116
0.00101184
0.00101252
0.0010132
0.00101388
0.00101456
0.00101524
0.00101592
0.0010166
0.00101728
0.00101796
0.00101864
0.00101932
0.00102
0.00102068
0.00102136
0.00102204
0.00102272
0.00102341
0.00102409
0.00102477
0.00102545
0.00102614
0.00102682
0.0010275
0.00102818
0.00102887
0.00102955
0.00103023
0.00103092
0.0010316
0.00103229
0.00103297
0.00103365
0.00103434
0.00103502
0.00103571
0.00103639
0.00103708
0.00103776
0.00103845
0.00103913
0.00103982
0.00104051
0.00104119
0.00104188
0.00104257
0.00104325
0.00104394
0.00104463
0.00104531
0.001046
0.00104669
0.00104738
0.00104806
0.00104875
0.00104944
0.00105013
0.00105082
0.00105151
0.00105219
0.00105288
0.00105357
0.00105426
0.00105495
0.00105564
0.00105633
0.00105702
0.00105771
0.0010584
0.00105909
0.00105978
0.00106047
0.00106116
0.00106186
0.00106255
0.00106324
0.00106393
0.00106462
0.00106532
0.00106601
0.0010667
0.00106739
0.00106809
0.00106878
0.00106947
0.00107016
0.00107086
0.00107155
0.00107225
0.00107294
0.00107363
0.00107433
0.00107502
0.00107572
0.00107641
0.00107711
0.0010778
0.0010785
0.00107919
0.00107989
0.00108058
0.00108128
0.00108198
0.00108267
0.00108337
0.00108407
0.00108476
0.00108546
0.00108616
0.00108685
0.00108755
0.00108825
0.00108895
0.00108965
0.00109034
0.00109104
0.00109174
0.00109244
0.00109314
0.00109384
0.00109454
0.00109524
0.00109594
0.00109664
0.00109734
0.00109804
0.00109874
0.00109944
0.00110014
0.00110084
0.00110154
0.00110224
0.00110294
0.00110364
0.00110434
0.00110505
0.00110575
0.00110645
0.00110715
0.00110785
0.00110856
0.00110926
0.00110996
0.00111067
0.00111137
0.00111207
0.00111278
0.00111348
0.00111418
0.00111489
0.00111559
0.0011163
0.001117
0.00111771
0.00111841
0.00111912
0.00111982
0.00112053
0.00112123
0.00112194
0.00112265
0.00112335
0.00112406
0.00112477
0.00112547
0.00112618
0.00112689
0.00112759
0.0011283
0.00112901
0.00112972
0.00113042
0.00113113
0.00113184
0.00113255
0.00113326
0.00113397
0.00113467
0.00113538
0.00113609
0.0011368
0.00113751
0.00113822
0.00113893
0.00113964
0.00114035
0.00114106
0.00114177
0.00114248
0.0011432
0.00114391
0.00114462
0.00114533
0.00114604
0.00114675
0.00114747
0.00114818
0.00114889
0.0011496
0.00115032
0.00115103
0.00115174
0.00115245
0.00115317
0.00115388
0.0011546
0.00115531
0.00115602
0.00115674
0.00115745
0.00115817
0.00115888
0.0011596
0.00116031
0.00116103
0.00116174
0.00116246
0.00116317
0.00116389
0.00116461
0.00116532
0.00116604
0.00116675
0.00116747
0.00116819
0.00116891
0.00116962
0.00117034
0.00117106
0.00117178
0.00117249
0.00117321
0.00117393
0.00117465
0.00117537
0.00117609
0.00117681
0.00117753
0.00117824
0.00117896
0.00117968
0.0011804
0.00118112
0.00118184
0.00118256
0.00118329
0.00118401
0.00118473
0.00118545
0.00118617
0.00118689
0.00118761
0.00118833
0.00118906
0.00118978
0.0011905
0.00119122
0.00119195
0.00119267
0.00119339
0.00119412
0.00119484
0.00119556
0.00119629
0.00119701
0.00119773
0.00119846
0.00119918
0.00119991
0.00120063
0.00120136
0.00120208
0.00120281
0.00120353
0.00120426
0.00120498
0.00120571
0.00120644
0.00120716
0.00120789
0.00120861
0.00120934
0.00121007
0.0012108
0.00121152
0.00121225
0.00121298
0.00121371
0.00121443
0.00121516
0.00121589
0.00121662
0.00121735
0.00121808
0.00121881
0.00121953
0.00122026
0.00122099
0.00122172
0.00122245
0.00122318
0.00122391
0.00122464
0.00122537
0.00122611
0.00122684
0.00122757
0.0012283
0.00122903
0.00122976
0.00123049
0.00123123
0.00123196
0.00123269
0.00123342
0.00123416
0.00123489
0.00123562
0.00123635
0.00123709
0.00123782
0.00123856
0.00123929
0.00124002
0.00124076
0.00124149
0.00124223
0.00124296
0.0012437
0.00124443
0.00124517
0.0012459
0.00124664
0.00124737
0.00124811
0.00124884
0.00124958
0.00125032
0.00125105
0.00125179
0.00125253
0.00125327
0.001254
0.00125474
0.00125548
0.00125622
0.00125695
0.00125769
0.00125843
0.00125917
0.00125991
0.00126065
0.00126139
0.00126212
0.00126286
0.0012636
0.00126434
0.00126508
0.00126582
0.00126656
0.0012673
0.00126804
0.00126879
0.00126953
0.00127027
0.00127101
0.00127175
0.00127249
0.00127323
0.00127398
0.00127472
0.00127546
0.0012762
0.00127695
0.00127769
0.00127843
0.00127918
0.00127992
0.00128066
0.00128141
0.00128215
0.00128289
0.00128364
0.00128438
0.00128513
0.00128587
0.00128662
0.00128736
0.00128811
0.00128885
0.0012896
0.00129034
0.00129109
0.00129184
0.00129258
0.00129333
0.00129408
0.00129482
0.00129557
0.00129632
0.00129706
0.00129781
0.00129856
0.00129931
0.00130006
0.0013008
0.00130155
0.0013023
0.00130305
0.0013038
0.00130455
0.0013053
0.00130605
0.0013068
0.00130755
0.0013083
0.00130905
0.0013098
0.00131055
0.0013113
0.00131205
0.0013128
0.00131355
0.0013143
0.00131505
0.00131581
0.00131656
0.00131731
0.00131806
0.00131882
0.00131957
0.00132032
0.00132107
0.00132183
0.00132258
0.00132333
0.00132409
0.00132484
0.00132559
0.00132635
0.0013271
0.00132786
0.00132861
0.00132937
0.00133012
0.00133088
0.00133163
0.00133239
0.00133314
0.0013339
0.00133466
0.00133541
0.00133617
0.00133693
0.00133768
0.00133844
0.0013392
0.00133995
0.00134071
0.00134147
0.00134223
0.00134299
0.00134374
0.0013445
0.00134526
0.00134602
0.00134678
0.00134754
0.0013483
0.00134906
0.00134982
0.00135058
0.00135134
0.0013521
0.00135286
0.00135362
0.00135438
0.00135514
0.0013559
0.00135666
0.00135742
0.00135818
0.00135895
0.00135971
0.00136047
0.00136123
0.00136199
0.00136276
0.00136352
0.00136428
0.00136505
0.00136581
0.00136657
0.00136734
0.0013681
0.00136886
0.00136963
0.00137039
0.00137116
0.00137192
0.00137269
0.00137345
0.00137422
0.00137498
0.00137575
0.00137651
0.00137728
0.00137805
0.00137881
0.00137958
0.00138034
0.00138111
0.00138188
0.00138265
0.00138341
0.00138418
0.00138495
0.00138572
0.00138648
0.00138725
0.00138802
0.00138879
0.00138956
0.00139033
0.0013911
0.00139187
0.00139263
0.0013934
0.00139417
0.00139494
0.00139571
0.00139648
0.00139726
0.00139803
0.0013988
0.00139957
0.00140034
0.00140111
0.00140188
0.00140265
0.00140343
0.0014042
0.00140497
0.00140574
0.00140652
0.00140729
0.00140806
0.00140883
0.00140961
0.00141038
0.00141115
0.00141193
0.0014127
0.00141348
0.00141425
0.00141503
0.0014158
0.00141658
0.00141735
0.00141813
0.0014189
0.00141968
0.00142045
0.00142123
0.001422
0.00142278
0.00142356
0.00142433
0.00142511
0.00142589
0.00142667
0.00142744
0.00142822
0.001429
0.00142978
0.00143055
0.00143133
0.00143211
0.00143289
0.00143367
0.00143445
0.00143523
0.00143601
0.00143679
0.00143756
0.00143834
0.00143912
0.0014399
0.00144069
0.00144147
0.00144225
0.00144303
0.00144381
0.00144459
0.00144537
0.00144615
0.00144693
0.00144772
0.0014485
0.00144928
0.00145006
0.00145085
0.00145163
0.00145241
0.0014532
0.00145398
0.00145476
0.00145555
0.00145633
0.00145711
0.0014579
0.00145868
0.00145947
0.00146025
0.00146104
0.00146182
0.00146261
0.00146339
0.00146418
0.00146497
0.00146575
0.00146654
0.00146732
0.00146811
0.0014689
0.00146968
0.00147047
0.00147126
0.00147205
0.00147283
0.00147362
0.00147441
0.0014752
0.00147599
0.00147678
0.00147756
0.00147835
0.00147914
0.00147993
0.00148072
0.00148151
0.0014823
0.00148309
0.00148388
0.00148467
0.00148546
0.00148625
0.00148704
0.00148783
0.00148863
0.00148942
0.00149021
0.001491
0.00149179
0.00149258
0.00149338
0.00149417
0.00149496
0.00149575
0.00149655
0.00149734
0.00149813
0.00149893
0.00149972
0.00150052
0.00150131
0.0015021
0.0015029
0.00150369
0.00150449
0.00150528
0.00150608
0.00150687
0.00150767
0.00150846
0.00150926
0.00151006
0.00151085
0.00151165
0.00151245
0.00151324
0.00151404
0.00151484
0.00151563
0.00151643
0.00151723
0.00151803
0.00151882
0.00151962
0.00152042
0.00152122
0.00152202
0.00152282
0.00152362
0.00152442
0.00152521
0.00152601
0.00152681
0.00152761
0.00152841
0.00152921
0.00153002
0.00153082
0.00153162
0.00153242
0.00153322
0.00153402
0.00153482
0.00153562
0.00153643
0.00153723
0.00153803
0.00153883
0.00153964
0.00154044
0.00154124
0.00154204
0.00154285
0.00154365
0.00154446
0.00154526
0.00154606
0.00154687
0.00154767
0.00154848
0.00154928
0.00155009
0.00155089
0.0015517
0.0015525
0.00155331
0.00155411
0.00155492
0.00155573
0.00155653
0.00155734
0.00155815
0.00155895
0.00155976
0.00156057
0.00156138
0.00156218
0.00156299
0.0015638
0.00156461
0.00156542
0.00156622
0.00156703
0.00156784
0.00156865
0.00156946
0.00157027
0.00157108
0.00157189
0.0015727
0.00157351
0.00157432
0.00157513
0.00157594
0.00157675
0.00157756
0.00157837
0.00157919
0.00158
0.00158081
0.00158162
0.00158243
0.00158325
0.00158406
0.00158487
0.00158568
0.0015865
0.00158731
0.00158812
0.00158894
0.00158975
0.00159057
0.00159138
0.00159219
0.00159301
0.00159382
0.00159464
0.00159545
0.00159627
0.00159708
0.0015979
0.00159872
0.00159953
0.00160035
0.00160116
0.00160198
0.0016028
0.00160361
0.00160443
0.00160525
0.00160607
0.00160688
0.0016077
0.00160852
0.00160934
0.00161016
0.00161097
0.00161179
0.00161261
0.00161343
0.00161425
0.00161507
0.00161589
0.00161671
0.00161753
