0.000148766
0.000149111
0.000149457
0.000149802
0.000150148
0.000150494
0.00015084
0.000151186
0.000151532
0.000151879
0.000152226
0.000152572
0.000152919
0.000153267
0.000153614
0.000153961
0.000154309
0.000154657
0.000155005
0.000155353
0.000155701
0.00015605
0.000156399
0.000156747
0.000157096
0.000157445
0.000157795
0.000158144
0.000158494
0.000158844
0.000159194
0.000159544
0.000159894
0.000160244
0.000160595
0.000160946
0.000161297
0.000161648
0.000161999
0.000162351
0.000162702
0.000163054
0.000163406
0.000163758
0.00016411
0.000164462
0.000164815
0.000165168
0.000165521
0.000165874
0.000166227
0.00016658
0.000166934
0.000167287
0.000167641
0.000167995
0.00016835
0.000168704
0.000169058
0.000169413
0.000169768
0.000170123
0.000170478
0.000170833
0.000171189
0.000171544
0.0001719
0.000172256
0.000172612
0.000172969
0.000173325
0.000173682
0.000174038
0.000174395
0.000174752
0.00017511
0.000175467
0.000175825
0.000176182
0.00017654
0.000176898
0.000177256
0.000177615
0.000177973
0.000178332
0.000178691
0.00017905
0.000179409
0.000179768
0.000180128
0.000180487
0.000180847
0.000181207
0.000181567
0.000181928
0.000182288
0.000182649
0.000183009
0.00018337
0.000183731
0.000184093
0.000184454
0.000184816
0.000185177
0.000185539
0.000185901
0.000186263
0.000186626
0.000186988
0.000187351
0.000187714
0.000188077
0.00018844
0.000188803
0.000189167
0.00018953
0.000189894
0.000190258
0.000190622
0.000190986
0.000191351
0.000191715
0.00019208
0.000192445
0.00019281
0.000193175
0.000193541
0.000193906
0.000194272
0.000194638
0.000195004
0.00019537
0.000195736
0.000196103
0.000196469
0.000196836
0.000197203
0.00019757
0.000197937
0.000198305
0.000198672
0.00019904
0.000199408
0.000199776
0.000200144
0.000200513
0.000200881
0.00020125
0.000201619
0.000201988
0.000202357
0.000202726
0.000203096
0.000203465
0.000203835
0.000204205
0.000204575
0.000204945
0.000205316
0.000205686
0.000206057
0.000206428
0.000206799
0.00020717
0.000207542
0.000207913
0.000208285
0.000208657
0.000209029
0.000209401
0.000209773
0.000210145
0.000210518
0.000210891
0.000211264
0.000211637
0.00021201
0.000212383
0.000212757
0.000213131
0.000213504
0.000213878
0.000214253
0.000214627
0.000215001
0.000215376
0.000215751
0.000216126
0.000216501
0.000216876
0.000217252
0.000217627
0.000218003
0.000218379
0.000218755
0.000219131
0.000219507
0.000219884
0.000220261
0.000220637
0.000221014
0.000221392
0.000221769
0.000222146
0.000222524
0.000222902
0.00022328
0.000223658
0.000224036
0.000224414
0.000224793
0.000225171
0.00022555
0.000225929
0.000226308
0.000226688
0.000227067
0.000227447
0.000227827
0.000228207
0.000228587
0.000228967
0.000229347
0.000229728
0.000230108
0.000230489
0.00023087
0.000231252
0.000231633
0.000232014
0.000232396
0.000232778
0.00023316
0.000233542
0.000233924
0.000234306
0.000234689
0.000235072
0.000235455
0.000235838
0.000236221
0.000236604
0.000236988
0.000237371
0.000237755
0.000238139
0.000238523
0.000238907
0.000239292
0.000239676
0.000240061
0.000240446
0.000240831
0.000241216
0.000241602
0.000241987
0.000242373
0.000242759
0.000243145
0.000243531
0.000243917
0.000244303
0.00024469
0.000245077
0.000245464
0.000245851
0.000246238
0.000246625
0.000247013
0.0002474
0.000247788
0.000248176
0.000248564
0.000248952
0.000249341
0.000249729
0.000250118
0.000250507
0.000250896
0.000251285
0.000251675
0.000252064
0.000252454
0.000252844
0.000253234
0.000253624
0.000254014
0.000254404
0.000254795
0.000255186
0.000255577
0.000255968
0.000256359
0.00025675
0.000257142
0.000257533
0.000257925
0.000258317
0.000258709
0.000259101
0.000259494
0.000259886
0.000260279
0.000260672
0.000261065
0.000261458
0.000261851
0.000262245
0.000262639
0.000263032
0.000263426
0.00026382
0.000264215
0.000264609
0.000265004
0.000265398
0.000265793
0.000266188
0.000266583
0.000266979
0.000267374
0.00026777
0.000268166
0.000268562
0.000268958
0.000269354
0.00026975
0.000270147
0.000270544
0.00027094
0.000271337
0.000271735
0.000272132
0.000272529
0.000272927
0.000273325
0.000273723
0.000274121
0.000274519
0.000274917
0.000275316
0.000275715
0.000276113
0.000276512
0.000276912
0.000277311
0.00027771
0.00027811
0.00027851
0.00027891
0.00027931
0.00027971
0.00028011
0.000280511
0.000280911
0.000281312
0.000281713
0.000282114
0.000282516
0.000282917
0.000283319
0.00028372
0.000284122
0.000284524
0.000284926
0.000285329
0.000285731
0.000286134
0.000286537
0.00028694
0.000287343
0.000287746
0.000288149
0.000288553
0.000288957
0.000289361
0.000289765
0.000290169
0.000290573
0.000290978
0.000291382
0.000291787
0.000292192
0.000292597
0.000293002
0.000293408
0.000293813
0.000294219
0.000294625
0.000295031
0.000295437
0.000295843
0.00029625
0.000296656
0.000297063
0.00029747
0.000297877
0.000298284
0.000298691
0.000299099
0.000299507
0.000299914
0.000300322
0.00030073
0.000301139
0.000301547
0.000301956
0.000302364
0.000302773
0.000303182
0.000303592
0.000304001
0.00030441
0.00030482
0.00030523
0.00030564
0.00030605
0.00030646
0.00030687
0.000307281
0.000307692
0.000308103
0.000308514
0.000308925
0.000309336
0.000309747
0.000310159
0.000310571
0.000310983
0.000311395
0.000311807
0.000312219
0.000312632
0.000313044
0.000313457
0.00031387
0.000314283
0.000314697
0.00031511
0.000315524
0.000315937
0.000316351
0.000316765
0.000317179
0.000317594
0.000318008
0.000318423
0.000318838
0.000319253
0.000319668
0.000320083
0.000320498
0.000320914
0.00032133
0.000321745
0.000322161
0.000322578
0.000322994
0.00032341
0.000323827
0.000324244
0.00032466
0.000325078
0.000325495
0.000325912
0.00032633
0.000326747
0.000327165
0.000327583
0.000328001
0.000328419
0.000328838
0.000329256
0.000329675
0.000330094
0.000330513
0.000330932
0.000331351
0.000331771
0.00033219
0.00033261
0.00033303
0.00033345
0.00033387
0.000334291
0.000334711
0.000335132
0.000335553
0.000335974
0.000336395
0.000336816
0.000337238
0.000337659
0.000338081
0.000338503
0.000338925
0.000339347
0.000339769
0.000340192
0.000340615
0.000341037
0.00034146
0.000341883
0.000342307
0.00034273
0.000343154
0.000343577
0.000344001
0.000344425
0.000344849
0.000345273
0.000345698
0.000346123
0.000346547
0.000346972
0.000347397
0.000347822
0.000348248
0.000348673
0.000349099
0.000349525
0.000349951
0.000350377
0.000350803
0.000351229
0.000351656
0.000352083
0.00035251
0.000352937
0.000353364
0.000353791
0.000354218
0.000354646
0.000355074
0.000355502
0.00035593
0.000356358
0.000356786
0.000357215
0.000357644
0.000358072
0.000358501
0.00035893
0.00035936
0.000359789
0.000360219
0.000360648
0.000361078
0.000361508
0.000361938
0.000362369
0.000362799
0.00036323
0.000363661
0.000364092
0.000364523
0.000364954
0.000365385
0.000365817
0.000366248
0.00036668
0.000367112
0.000367544
0.000367977
0.000368409
0.000368842
0.000369274
0.000369707
0.00037014
0.000370573
0.000371007
0.00037144
0.000371874
0.000372308
0.000372742
0.000373176
0.00037361
0.000374044
0.000374479
0.000374913
0.000375348
0.000375783
0.000376218
0.000376654
0.000377089
0.000377525
0.00037796
0.000378396
0.000378832
0.000379269
0.000379705
0.000380141
0.000380578
0.000381015
0.000381452
0.000381889
0.000382326
0.000382763
0.000383201
0.000383639
0.000384076
0.000384514
0.000384953
0.000385391
0.000385829
0.000386268
0.000386707
0.000387146
0.000387585
0.000388024
0.000388463
0.000388903
0.000389342
0.000389782
0.000390222
0.000390662
0.000391102
0.000391543
0.000391983
0.000392424
0.000392865
0.000393306
0.000393747
0.000394188
0.00039463
0.000395071
0.000395513
0.000395955
0.000396397
0.000396839
0.000397281
0.000397724
0.000398167
0.000398609
0.000399052
0.000399495
0.000399939
0.000400382
0.000400826
0.000401269
0.000401713
0.000402157
0.000402601
0.000403046
0.00040349
0.000403935
0.000404379
0.000404824
0.000405269
0.000405715
0.00040616
0.000406605
0.000407051
0.000407497
0.000407943
0.000408389
0.000408835
0.000409282
0.000409728
0.000410175
0.000410622
0.000411069
0.000411516
0.000411963
0.000412411
0.000412858
0.000413306
0.000413754
0.000414202
0.00041465
0.000415098
0.000415547
0.000415996
0.000416444
0.000416893
0.000417342
0.000417792
0.000418241
0.000418691
0.00041914
0.00041959
0.00042004
0.00042049
0.000420941
0.000421391
0.000421842
0.000422292
0.000422743
0.000423194
0.000423646
0.000424097
0.000424548
0.000425
0.000425452
0.000425904
0.000426356
0.000426808
0.000427261
0.000427713
0.000428166
0.000428619
0.000429072
0.000429525
0.000429978
0.000430432
0.000430885
0.000431339
0.000431793
0.000432247
0.000432701
0.000433156
0.00043361
0.000434065
0.00043452
0.000434974
0.00043543
0.000435885
0.00043634
0.000436796
0.000437251
0.000437707
0.000438163
0.00043862
0.000439076
0.000439532
0.000439989
0.000440446
0.000440903
0.00044136
0.000441817
0.000442274
0.000442732
0.000443189
0.000443647
0.000444105
0.000444563
0.000445021
0.00044548
0.000445938
0.000446397
0.000446856
0.000447315
0.000447774
0.000448233
0.000448693
0.000449153
0.000449612
0.000450072
0.000450532
0.000450992
0.000451453
0.000451913
0.000452374
0.000452835
0.000453296
0.000453757
0.000454218
0.00045468
0.000455141
0.000455603
0.000456065
0.000456527
0.000456989
0.000457451
0.000457914
0.000458376
0.000458839
0.000459302
0.000459765
0.000460228
0.000460692
0.000461155
0.000461619
0.000462083
0.000462547
0.000463011
0.000463475
0.000463939
0.000464404
0.000464869
0.000465333
0.000465798
0.000466264
0.000466729
0.000467194
0.00046766
0.000468126
0.000468592
0.000469058
0.000469524
0.00046999
0.000470457
0.000470924
0.00047139
0.000471857
0.000472324
0.000472792
0.000473259
0.000473727
0.000474194
0.000474662
0.00047513
0.000475598
0.000476067
0.000476535
0.000477004
0.000477473
0.000477942
0.000478411
0.00047888
0.000479349
0.000479819
0.000480288
0.000480758
0.000481228
0.000481698
0.000482169
0.000482639
0.00048311
0.00048358
0.000484051
0.000484522
0.000484993
0.000485465
0.000485936
0.000486408
0.00048688
0.000487351
0.000487824
0.000488296
0.000488768
0.000489241
0.000489713
0.000490186
0.000490659
0.000491132
0.000491606
0.000492079
0.000492553
0.000493026
0.0004935
0.000493974
0.000494448
0.000494923
0.000495397
0.000495872
0.000496347
0.000496821
0.000497297
0.000497772
0.000498247
0.000498723
0.000499198
0.000499674
0.00050015
0.000500626
0.000501103
0.000501579
0.000502056
0.000502532
0.000503009
0.000503486
0.000503963
0.000504441
0.000504918
0.000505396
0.000505874
0.000506352
0.00050683
0.000507308
0.000507786
0.000508265
0.000508744
0.000509222
0.000509701
0.00051018
0.00051066
0.000511139
0.000511619
0.000512099
0.000512578
0.000513058
0.000513539
0.000514019
0.000514499
0.00051498
0.000515461
0.000515942
0.000516423
0.000516904
0.000517386
0.000517867
0.000518349
0.000518831
0.000519313
0.000519795
0.000520277
0.00052076
0.000521242
0.000521725
0.000522208
0.000522691
0.000523174
0.000523657
0.000524141
0.000524625
0.000525108
0.000525592
0.000526076
0.000526561
0.000527045
0.00052753
0.000528014
0.000528499
0.000528984
0.000529469
0.000529955
0.00053044
0.000530926
0.000531411
0.000531897
0.000532383
0.00053287
0.000533356
0.000533842
0.000534329
0.000534816
0.000535303
0.00053579
0.000536277
0.000536765
0.000537252
0.00053774
0.000538228
0.000538716
0.000539204
0.000539692
0.000540181
0.000540669
0.000541158
0.000541647
0.000542136
0.000542625
0.000543115
0.000543604
0.000544094
0.000544584
0.000545074
0.000545564
0.000546054
0.000546545
0.000547035
0.000547526
0.000548017
0.000548508
0.000548999
0.00054949
0.000549982
0.000550473
0.000550965
0.000551457
0.000551949
0.000552441
0.000552934
0.000553426
0.000553919
0.000554412
0.000554905
0.000555398
0.000555891
0.000556385
0.000556878
0.000557372
0.000557866
0.00055836
0.000558854
0.000559349
0.000559843
0.000560338
0.000560833
0.000561328
0.000561823
0.000562318
0.000562813
0.000563309
0.000563805
0.0005643
0.000564796
0.000565293
0.000565789
0.000566285
0.000566782
0.000567279
0.000567776
0.000568273
0.00056877
0.000569267
0.000569765
0.000570262
0.00057076
0.000571258
0.000571756
0.000572255
0.000572753
0.000573252
0.00057375
0.000574249
0.000574748
0.000575247
0.000575747
0.000576246
0.000576746
0.000577246
0.000577746
0.000578246
0.000578746
0.000579246
0.000579747
0.000580247
0.000580748
0.000581249
0.00058175
0.000582252
0.000582753
0.000583255
0.000583756
0.000584258
0.00058476
0.000585263
0.000585765
0.000586267
0.00058677
0.000587273
0.000587776
0.000588279
0.000588782
0.000589286
0.000589789
0.000590293
0.000590797
0.000591301
0.000591805
0.000592309
0.000592814
0.000593318
0.000593823
0.000594328
0.000594833
0.000595338
0.000595844
0.000596349
0.000596855
0.000597361
0.000597867
0.000598373
0.000598879
0.000599385
0.000599892
0.000600399
0.000600906
0.000601413
0.00060192
0.000602427
0.000602935
0.000603442
0.00060395
0.000604458
0.000604966
0.000605474
0.000605983
0.000606491
0.000607
0.000607509
0.000608018
0.000608527
0.000609036
0.000609546
0.000610055
0.000610565
0.000611075
0.000611585
0.000612095
0.000612606
0.000613116
0.000613627
0.000614138
0.000614649
0.00061516
0.000615671
0.000616183
0.000616694
0.000617206
0.000617718
0.00061823
0.000618742
0.000619254
0.000619767
0.000620279
0.000620792
0.000621305
0.000621818
0.000622331
0.000622845
0.000623358
0.000623872
0.000624386
0.0006249
0.000625414
0.000625928
0.000626443
0.000626958
0.000627472
0.000627987
0.000628502
0.000629017
0.000629533
0.000630048
0.000630564
0.00063108
0.000631596
0.000632112
0.000632628
0.000633145
0.000633661
0.000634178
0.000634695
0.000635212
0.000635729
0.000636246
0.000636764
0.000637282
0.000637799
0.000638317
0.000638835
0.000639354
0.000639872
0.000640391
0.000640909
0.000641428
0.000641947
0.000642466
0.000642986
0.000643505
0.000644025
0.000644545
0.000645064
0.000645585
0.000646105
0.000646625
0.000647146
0.000647666
0.000648187
0.000648708
0.000649229
0.000649751
0.000650272
0.000650794
0.000651315
0.000651837
0.000652359
0.000652882
0.000653404
0.000653926
0.000654449
0.000654972
0.000655495
0.000656018
0.000656541
0.000657065
0.000657588
0.000658112
0.000658636
0.00065916
0.000659684
0.000660208
0.000660733
0.000661257
0.000661782
0.000662307
0.000662832
0.000663357
0.000663883
0.000664408
0.000664934
0.00066546
0.000665986
0.000666512
0.000667038
0.000667565
0.000668092
0.000668618
0.000669145
0.000669672
0.000670199
0.000670727
0.000671254
0.000671782
0.00067231
0.000672838
0.000673366
0.000673894
0.000674423
0.000674951
0.00067548
0.000676009
0.000676538
0.000677067
0.000677597
0.000678126
0.000678656
0.000679186
0.000679716
0.000680246
0.000680776
0.000681306
0.000681837
0.000682368
0.000682899
0.00068343
0.000683961
0.000684492
0.000685024
0.000685555
0.000686087
0.000686619
0.000687151
0.000687683
0.000688216
0.000688748
0.000689281
0.000689814
0.000690347
0.00069088
0.000691413
0.000691947
0.000692481
0.000693014
0.000693548
0.000694082
0.000694617
0.000695151
0.000695685
0.00069622
0.000696755
0.00069729
0.000697825
0.00069836
0.000698896
0.000699432
0.000699967
0.000700503
0.000701039
0.000701576
0.000702112
0.000702648
0.000703185
0.000703722
0.000704259
0.000704796
0.000705333
0.000705871
0.000706408
0.000706946
0.000707484
0.000708022
0.00070856
0.000709099
0.000709637
0.000710176
0.000710715
0.000711254
0.000711793
0.000712332
0.000712872
0.000713411
0.000713951
0.000714491
0.000715031
0.000715571
0.000716111
0.000716652
0.000717193
0.000717733
0.000718274
0.000718815
0.000719357
0.000719898
0.00072044
0.000720981
0.000721523
0.000722065
0.000722608
0.00072315
0.000723692
0.000724235
0.000724778
0.000725321
0.000725864
0.000726407
0.000726951
0.000727494
0.000728038
0.000728582
0.000729126
0.00072967
0.000730214
0.000730759
0.000731303
0.000731848
0.000732393
0.000732938
0.000733484
0.000734029
0.000734575
0.00073512
0.000735666
0.000736212
0.000736758
0.000737305
0.000737851
0.000738398
0.000738945
0.000739491
0.000740039
0.000740586
0.000741133
0.000741681
0.000742228
0.000742776
0.000743324
0.000743873
0.000744421
0.000744969
0.000745518
0.000746067
0.000746616
0.000747165
0.000747714
0.000748263
0.000748813
0.000749363
0.000749913
0.000750463
0.000751013
0.000751563
0.000752114
0.000752664
0.000753215
0.000753766
0.000754317
0.000754868
0.00075542
0.000755971
0.000756523
0.000757075
0.000757627
0.000758179
0.000758731
0.000759284
0.000759836
0.000760389
0.000760942
0.000761495
0.000762048
0.000762602
0.000763155
0.000763709
0.000764263
0.000764817
0.000765371
0.000765925
0.00076648
0.000767035
0.000767589
0.000768144
0.000768699
0.000769255
0.00076981
0.000770366
0.000770921
0.000771477
0.000772033
0.000772589
0.000773146
0.000773702
0.000774259
0.000774816
0.000775372
0.00077593
0.000776487
0.000777044
0.000777602
0.000778159
0.000778717
0.000779275
0.000779834
0.000780392
0.00078095
0.000781509
0.000782068
0.000782627
0.000783186
0.000783745
0.000784304
0.000784864
0.000785424
0.000785984
0.000786544
0.000787104
0.000787664
0.000788225
0.000788785
0.000789346
0.000789907
0.000790468
0.000791029
0.000791591
0.000792152
0.000792714
0.000793276
0.000793838
0.0007944
0.000794963
0.000795525
0.000796088
0.000796651
0.000797213
0.000797777
0.00079834
0.000798903
0.000799467
0.000800031
0.000800595
0.000801159
0.000801723
0.000802287
0.000802852
0.000803416
0.000803981
0.000804546
0.000805111
0.000805676
0.000806242
0.000806807
0.000807373
0.000807939
0.000808505
0.000809071
0.000809638
0.000810204
0.000810771
0.000811338
0.000811905
0.000812472
0.000813039
0.000813607
0.000814174
0.000814742
0.00081531
0.000815878
0.000816446
0.000817015
0.000817583
0.000818152
0.000818721
0.00081929
0.000819859
0.000820428
0.000820998
0.000821567
0.000822137
0.000822707
0.000823277
0.000823847
0.000824418
0.000824988
0.000825559
0.00082613
0.000826701
0.000827272
0.000827843
0.000828415
0.000828986
0.000829558
0.00083013
0.000830702
0.000831274
0.000831847
0.000832419
0.000832992
0.000833565
0.000834138
0.000834711
0.000835284
0.000835858
0.000836432
0.000837005
0.000837579
0.000838153
0.000838728
0.000839302
0.000839877
0.000840452
0.000841026
0.000841601
0.000842177
0.000842752
0.000843328
0.000843903
0.000844479
0.000845055
0.000845631
0.000846207
0.000846784
0.00084736
0.000847937
0.000848514
0.000849091
0.000849668
0.000850246
0.000850823
0.000851401
0.000851979
0.000852557
0.000853135
0.000853713
0.000854292
0.00085487
0.000855449
0.000856028
0.000856607
0.000857187
0.000857766
0.000858346
0.000858925
0.000859505
0.000860085
0.000860665
0.000861246
0.000861826
0.000862407
0.000862988
0.000863569
0.00086415
0.000864731
0.000865312
0.000865894
0.000866476
0.000867058
0.00086764
0.000868222
0.000868804
0.000869387
0.000869969
0.000870552
0.000871135
0.000871718
0.000872302
0.000872885
0.000873469
0.000874053
0.000874637
0.000875221
0.000875805
0.000876389
0.000876974
0.000877559
0.000878143
0.000878728
0.000879314
0.000879899
0.000880484
0.00088107
0.000881656
0.000882242
0.000882828
0.000883414
0.000884001
0.000884587
0.000885174
0.000885761
0.000886348
0.000886935
0.000887522
0.00088811
0.000888698
0.000889286
0.000889873
0.000890462
0.00089105
0.000891638
0.000892227
0.000892816
0.000893405
0.000893994
0.000894583
0.000895172
0.000895762
0.000896352
0.000896942
0.000897532
0.000898122
0.000898712
0.000899303
0.000899893
0.000900484
0.000901075
0.000901666
0.000902257
0.000902849
0.00090344
0.000904032
0.000904624
0.000905216
0.000905808
0.000906401
0.000906993
0.000907586
0.000908179
0.000908772
0.000909365
0.000909958
0.000910552
0.000911145
0.000911739
0.000912333
0.000912927
0.000913522
0.000914116
0.000914711
0.000915305
0.0009159
0.000916495
0.00091709
0.000917686
0.000918281
0.000918877
0.000919473
0.000920069
0.000920665
0.000921261
0.000921858
0.000922454
0.000923051
0.000923648
0.000924245
0.000924842
0.00092544
0.000926037
0.000926635
0.000927233
0.000927831
0.000928429
0.000929027
0.000929626
0.000930225
0.000930823
0.000931422
0.000932021
0.000932621
0.00093322
0.00093382
0.00093442
0.000935019
0.00093562
0.00093622
0.00093682
0.000937421
0.000938021
0.000938622
0.000939223
0.000939824
0.000940426
0.000941027
0.000941629
0.000942231
0.000942833
0.000943435
0.000944037
0.00094464
0.000945242
0.000945845
0.000946448
0.000947051
0.000947654
0.000948257
0.000948861
0.000949465
0.000950069
0.000950673
0.000951277
0.000951881
0.000952486
0.00095309
0.000953695
0.0009543
0.000954905
0.00095551
0.000956116
0.000956721
0.000957327
0.000957933
0.000958539
0.000959145
0.000959752
0.000960358
0.000960965
0.000961572
0.000962179
0.000962786
0.000963393
0.000964001
0.000964608
0.000965216
0.000965824
0.000966432
0.000967041
0.000967649
0.000968258
0.000968866
0.000969475
0.000970084
0.000970694
0.000971303
0.000971912
0.000972522
0.000973132
0.000973742
0.000974352
0.000974963
0.000975573
0.000976184
0.000976794
0.000977405
0.000978017
0.000978628
0.000979239
0.000979851
0.000980463
0.000981075
0.000981687
0.000982299
0.000982911
0.000983524
0.000984136
0.000984749
0.000985362
0.000985976
0.000986589
0.000987202
0.000987816
0.00098843
0.000989044
0.000989658
0.000990272
0.000990887
0.000991501
0.000992116
0.000992731
0.000993346
0.000993961
0.000994577
0.000995192
0.000995808
0.000996424
0.00099704
0.000997656
0.000998273
0.000998889
4.0722e-05
4.0722e-05
0.001
0.001
0.001
0.001
0.001
0.001
0.001
0.001
0.001
0.001
0.001
0.001
0.001
0.001
0.001
0.001
0.001
0.001
0.001
0.001
0.001
0.001
0.001
0.001
0.001
0.001
0.001
0.001
0.001
0.001
0.001
0.001
0.001
0.001
0.001
0.001
0.001
0.001
0.001
0.001
0.001
0.001
0.001
0.001
0.001
0.001
0.001
0.001
0.001
0.001
0.001
0.001
0.001
0.001
0.001
0.001
0.001
0.001
0.001
0.001
0.001
0.001
0.001
0.001
0.001
0.001
0.001
0.001
0.001
0.001
0.001
0.001
0.001
0.001
0.001
0.001
0.001
0.001
0.001
0.001
0.001
0.001
0.001
0.001
0.001
0.001
0.001
0.001
0.001
0.001
0.001
0.001
0.001
0.001
0.001
0.001
0.001
0.001
0.001
0.001
0.001
0.001
0.001
0.001
0.001
0.001
0.001
0.001
0.001
0.001
0.001
0.001
0.001
0.001
0.001
0.001
0.001
0.001
0.001
0.001
0.001
0.001
0.001
0.001
0.001
0.001
0.001
0.001
0.001
0.001
0.001
0.001
0.001
0.001
0.001
0.001
0.001
0.001
0.001
0.001
0.001
0.001
0.001
0.001
0.001
0.001
0.001
0.001
0.001
0.001
0.001
0.001
0.001
0.001
0.001
0.001
0.001
0.001
0.001
0.001
0.001
0.001
0.001
0.001
0.001
0.001
0.001
0.001
0.001
0.001
0.001
0.001
0.001
0.001
0.001
4.0722e-05
0.001
0.001
0.001
0.001
4.0722e-05
4.0722e-05
4.0722e-05
0.001
0.001
0.001
0.001
0.001
0.001
0.001
0.001
0.001
0.001
0.001
0.001
0.001
0.001
0.001
0.001
0.001
0.001
0.001
0.001
0.001
0.001
0.001
0.001
0.001
0.001
0.001
0.001
0.001
0.001
0.001
0.001
0.001
0.001
0.001
0.001
0.001
0.001
0.001
0.001
0.001
0.001
0.001
0.001
0.001
0.001
0.001
0.001
0.001
0.001
0.001
0.001
0.001
0.001
0.001
0.001
0.001
0.001
0.001
0.001
0.001
0.001
0.001
0.001
0.001
0.001
0.001
0.001
0.001
0.001
0.001
0.001
0.001
0.001
0.001
0.001
0.001
0.001
0.001
0.001
0.001
0.001
0.001
0.001
0.001
0.001
0.001
0.001
0.001
0.001
0.001
0.001
0.001
0.001
0.001
0.001
0.001
0.001
0.001
0.001
0.001
0.001
0.001
0.001
0.001
0.001
0.001
0.001
0.001
0.001
0.001
0.001
0.001
0.001
0.001
0.001
0.001
0.001
0.001
0.001
0.001
0.001
0.001
0.001
0.001
0.001
0.001
0.001
0.001
0.001
0.001
0.001
0.001
0.001
0.001
0.001
0.001
0.001
0.001
0.001
0.001
0.001
0.001
0.001
0.001
0.001
0.001
0.001
0.001
0.001
0.001
0.001
0.001
0.001
0.001
0.001
0.001
0.001
0.001
0.001
0.001
0.001
0.001
0.001
0.001
0.001
0.001
0.001
0.001
0.001
0.001
0.001
0.001
0.001
0.001
0.001
0.001
0.001
0.001
0.001
0.001
0.001
0.001
0.001
0.001
0.001
0.001
0.001
0.001
0.001
0.001
0.001
0.001
0.001
0.001
0.001
0.001
0.001
0.001
0.001
0.001
0.001
0.001
0.001
0.001
0.001
0.001
0.001
0.001
0.001
0.001
0.001
0.001
0.001
0.001
0.001
0.001
0.001
0.001
0.001
0.001
0.001
0.001
0.001
0.001
0.001
0.001
0.001
0.001
0.001
0.001
0.001
0.001
0.001
0.001
0.001
0.001
0.001
0.001
0.001
0.001
0.001
0.001
0.001
0.001
0.001
0.001
0.001
0.001
0.001
0.001
0.001
0.001
0.001
0.001
0.001
0.001
0.001
0.001
0.001
0.001
0.001
0.001
0.001
0.001
0.001
0.001
0.001
0.001
0.001
0.001
0.001
0.001
0.001
0.001
0.001
0.001
0.001
0.001
0.001
0.001
0.001
0.001
0.001
0.001
0.001
0.001
0.001
0.001
0.001
0.001
0.001
0.001
0.001
0.001
0.001
0.001
0.001
0.001
0.001
0.001
0.001
0.001
0.001
0.001
0.001
0.001
0.001
0.001
0.001
0.001
0.001
0.001
0.001
0.001
0.001
0.001
0.001
0.001
0.001
0.001
0.001
0.001
0.001
0.001
0.001
0.001
0.001
0.001
0.001
0.001
0.001
0.001
0.001
0.001
0.001
0.001
0.001
0.001
0.001
0.001
0.001
0.001
0.001
0.001
0.001
0.001
0.001
0.001
0.001
0.001
0.001
0.001
0.001
0.001
0.001
0.001
0.001
0.001
0.001
0.001
0.001
0.001
0.001
0.001
0.001
0.001
0.001
0.001
0.001
0.001
0.001
0.001
0.001
0.001
0.001
0.001
0.001
0.001
0.001
0.001
0.001
0.001
0.001
0.001
0.001
0.001
0.001
0.001
0.001
0.001
0.001
0.001
0.001
0.001
0.001
0.001
0.001
0.001
0.001
0.001
0.001
0.001
0.001
0.001
0.001
0.001
0.001
0.001
0.001
0.001
0.001
0.001
0.001
0.001
0.001
0.001
0.001
0.001
0.001
0.001
0.001
0.001
0.001
0.001
0.001
0.001
0.001
0.001
0.001
0.001
0.001
0.001
0.001
0.001
0.001
0.001
0.001
0.001
0.001
0.001
0.001
0.001
0.001
0.001
0.001
0.001
