7973
1e+06
1.1e+06
1.2e+06
1.3e+06
1.4e+06
1.5e+06
1.6e+06
1.7e+06
1.8e+06
1.9e+06
2e+06
2.1e+06
2.2e+06
2.3e+06
2.4e+06
2.5e+06
2.6e+06
2.7e+06
2.8e+06
2.9e+06
3e+06
3.1e+06
3.2e+06
3.3e+06
3.4e+06
3.5e+06
3.6e+06
3.7e+06
3.8e+06
3.9e+06
4e+06
4.1e+06
4.2e+06
4.3e+06
4.4e+06
4.5e+06
4.6e+06
4.7e+06
4.8e+06
4.9e+06
5e+06
5.1e+06
5.2e+06
5.3e+06
5.4e+06
5.5e+06
5.6e+06
5.7e+06
5.8e+06
5.9e+06
6e+06
6.1e+06
6.2e+06
6.3e+06
6.4e+06
6.5e+06
6.6e+06
6.7e+06
6.8e+06
6.9e+06
7e+06
7.1e+06
7.2e+06
7.3e+06
7.4e+06
7.5e+06
7.6e+06
7.7e+06
7.8e+06
7.9e+06
8e+06
8.1e+06
8.2e+06
8.3e+06
8.4e+06
8.5e+06
8.6e+06
8.7e+06
8.8e+06
8.9e+06
9e+06
9.1e+06
9.2e+06
9.3e+06
9.4e+06
9.5e+06
9.6e+06
9.7e+06
9.8e+06
9.9e+06
1e+07
1.01e+07
1.02e+07
1.03e+07
1.04e+07
1.05e+07
1.06e+07
1.07e+07
1.08e+07
1.09e+07
1.1e+07
1.11e+07
1.12e+07
1.13e+07
1.14e+07
1.15e+07
1.16e+07
1.17e+07
1.18e+07
1.19e+07
1.2e+07
1.21e+07
1.22e+07
1.23e+07
1.24e+07
1.25e+07
1.26e+07
1.27e+07
1.28e+07
1.29e+07
1.3e+07
1.31e+07
1.32e+07
1.33e+07
1.34e+07
1.35e+07
1.36e+07
1.37e+07
1.38e+07
1.39e+07
1.4e+07
1.41e+07
1.42e+07
1.43e+07
1.44e+07
1.45e+07
1.46e+07
1.47e+07
1.48e+07
1.49e+07
1.5e+07
1.51e+07
1.52e+07
1.53e+07
1.54e+07
1.55e+07
1.56e+07
1.57e+07
1.58e+07
1.59e+07
1.6e+07
1.61e+07
1.62e+07
1.63e+07
1.64e+07
1.65e+07
1.66e+07
1.67e+07
1.68e+07
1.69e+07
1.7e+07
1.71e+07
1.72e+07
1.73e+07
1.74e+07
1.75e+07
1.76e+07
1.77e+07
1.78e+07
1.79e+07
1.8e+07
1.81e+07
1.82e+07
1.83e+07
1.84e+07
1.85e+07
1.86e+07
1.87e+07
1.88e+07
1.89e+07
1.9e+07
1.91e+07
1.92e+07
1.93e+07
1.94e+07
1.95e+07
1.96e+07
1.97e+07
1.98e+07
1.99e+07
2e+07
2.01e+07
2.02e+07
2.03e+07
2.04e+07
2.05e+07
2.06e+07
2.07e+07
2.08e+07
2.09e+07
2.1e+07
2.11e+07
2.12e+07
2.13e+07
2.14e+07
2.15e+07
2.16e+07
2.17e+07
2.18e+07
2.19e+07
2.2e+07
2.21e+07
2.22e+07
2.23e+07
2.24e+07
2.25e+07
2.26e+07
2.27e+07
2.28e+07
2.29e+07
2.3e+07
2.31e+07
2.32e+07
2.33e+07
2.34e+07
2.35e+07
2.36e+07
2.37e+07
2.38e+07
2.39e+07
2.4e+07
2.41e+07
2.42e+07
2.43e+07
2.44e+07
2.45e+07
2.46e+07
2.47e+07
2.48e+07
2.49e+07
2.5e+07
2.51e+07
2.52e+07
2.53e+07
2.54e+07
2.55e+07
2.56e+07
2.57e+07
2.58e+07
2.59e+07
2.6e+07
2.61e+07
2.62e+07
2.63e+07
2.64e+07
2.65e+07
2.66e+07
2.67e+07
2.68e+07
2.69e+07
2.7e+07
2.71e+07
2.72e+07
2.73e+07
2.74e+07
2.75e+07
2.76e+07
2.77e+07
2.78e+07
2.79e+07
2.8e+07
2.81e+07
2.82e+07
2.83e+07
2.84e+07
2.85e+07
2.86e+07
2.87e+07
2.88e+07
2.89e+07
2.9e+07
2.91e+07
2.92e+07
2.93e+07
2.94e+07
2.95e+07
2.96e+07
2.97e+07
2.98e+07
2.99e+07
3e+07
3.01e+07
3.02e+07
3.03e+07
3.04e+07
3.05e+07
3.06e+07
3.07e+07
3.08e+07
3.09e+07
3.1e+07
3.11e+07
3.12e+07
3.13e+07
3.14e+07
3.15e+07
3.16e+07
3.17e+07
3.18e+07
3.19e+07
3.2e+07
3.21e+07
3.22e+07
3.23e+07
3.24e+07
3.25e+07
3.26e+07
3.27e+07
3.28e+07
3.29e+07
3.3e+07
3.31e+07
3.32e+07
3.33e+07
3.34e+07
3.35e+07
3.36e+07
3.37e+07
3.38e+07
3.39e+07
3.4e+07
3.41e+07
3.42e+07
3.43e+07
3.44e+07
3.45e+07
3.46e+07
3.47e+07
3.48e+07
3.49e+07
3.5e+07
3.51e+07
3.52e+07
3.53e+07
3.54e+07
3.55e+07
3.56e+07
3.57e+07
3.58e+07
3.59e+07
3.6e+07
3.61e+07
3.62e+07
3.63e+07
3.64e+07
3.65e+07
3.66e+07
3.67e+07
3.68e+07
3.69e+07
3.7e+07
3.71e+07
3.72e+07
3.73e+07
3.74e+07
3.75e+07
3.76e+07
3.77e+07
3.78e+07
3.79e+07
3.8e+07
3.81e+07
3.82e+07
3.83e+07
3.84e+07
3.85e+07
3.86e+07
3.87e+07
3.88e+07
3.89e+07
3.9e+07
3.91e+07
3.92e+07
3.93e+07
3.94e+07
3.95e+07
3.96e+07
3.97e+07
3.98e+07
3.99e+07
4e+07
4.01e+07
4.02e+07
4.03e+07
4.04e+07
4.05e+07
4.06e+07
4.07e+07
4.08e+07
4.09e+07
4.1e+07
4.11e+07
4.12e+07
4.13e+07
4.14e+07
4.15e+07
4.16e+07
4.17e+07
4.18e+07
4.19e+07
4.2e+07
4.21e+07
4.22e+07
4.23e+07
4.24e+07
4.25e+07
4.26e+07
4.27e+07
4.28e+07
4.29e+07
4.3e+07
4.31e+07
4.32e+07
4.33e+07
4.34e+07
4.35e+07
4.36e+07
4.37e+07
4.38e+07
4.39e+07
4.4e+07
4.41e+07
4.42e+07
4.43e+07
4.44e+07
4.45e+07
4.46e+07
4.47e+07
4.48e+07
4.49e+07
4.5e+07
4.51e+07
4.52e+07
4.53e+07
4.54e+07
4.55e+07
4.56e+07
4.57e+07
4.58e+07
4.59e+07
4.6e+07
4.61e+07
4.62e+07
4.63e+07
4.64e+07
4.65e+07
4.66e+07
4.67e+07
4.68e+07
4.69e+07
4.7e+07
4.71e+07
4.72e+07
4.73e+07
4.74e+07
4.75e+07
4.76e+07
4.77e+07
4.78e+07
4.79e+07
4.8e+07
4.81e+07
4.82e+07
4.83e+07
4.84e+07
4.85e+07
4.86e+07
4.87e+07
4.88e+07
4.89e+07
4.9e+07
4.91e+07
4.92e+07
4.93e+07
4.94e+07
4.95e+07
4.96e+07
4.97e+07
4.98e+07
4.99e+07
5e+07
5.01e+07
5.02e+07
5.03e+07
5.04e+07
5.05e+07
5.06e+07
5.07e+07
5.08e+07
5.09e+07
5.1e+07
5.11e+07
5.12e+07
5.13e+07
5.14e+07
5.15e+07
5.16e+07
5.17e+07
5.18e+07
5.19e+07
5.2e+07
5.21e+07
5.22e+07
5.23e+07
5.24e+07
5.25e+07
5.26e+07
5.27e+07
5.28e+07
5.29e+07
5.3e+07
5.31e+07
5.32e+07
5.33e+07
5.34e+07
5.35e+07
5.36e+07
5.37e+07
5.38e+07
5.39e+07
5.4e+07
5.41e+07
5.42e+07
5.43e+07
5.44e+07
5.45e+07
5.46e+07
5.47e+07
5.48e+07
5.49e+07
5.5e+07
5.51e+07
5.52e+07
5.53e+07
5.54e+07
5.55e+07
5.56e+07
5.57e+07
5.58e+07
5.59e+07
5.6e+07
5.61e+07
5.62e+07
5.63e+07
5.64e+07
5.65e+07
5.66e+07
5.67e+07
5.68e+07
5.69e+07
5.7e+07
5.71e+07
5.72e+07
5.73e+07
5.74e+07
5.75e+07
5.76e+07
5.77e+07
5.78e+07
5.79e+07
5.8e+07
5.81e+07
5.82e+07
5.83e+07
5.84e+07
5.85e+07
5.86e+07
5.87e+07
5.88e+07
5.89e+07
5.9e+07
5.91e+07
5.92e+07
5.93e+07
5.94e+07
5.95e+07
5.96e+07
5.97e+07
5.98e+07
5.99e+07
6e+07
6.01e+07
6.02e+07
6.03e+07
6.04e+07
6.05e+07
6.06e+07
6.07e+07
6.08e+07
6.09e+07
6.1e+07
6.11e+07
6.12e+07
6.13e+07
6.14e+07
6.15e+07
6.16e+07
6.17e+07
6.18e+07
6.19e+07
6.2e+07
6.21e+07
6.22e+07
6.23e+07
6.24e+07
6.25e+07
6.26e+07
6.27e+07
6.28e+07
6.29e+07
6.3e+07
6.31e+07
6.32e+07
6.33e+07
6.34e+07
6.35e+07
6.36e+07
6.37e+07
6.38e+07
6.39e+07
6.4e+07
6.41e+07
6.42e+07
6.43e+07
6.44e+07
6.45e+07
6.46e+07
6.47e+07
6.48e+07
6.49e+07
6.5e+07
6.51e+07
6.52e+07
6.53e+07
6.54e+07
6.55e+07
6.56e+07
6.57e+07
6.58e+07
6.59e+07
6.6e+07
6.61e+07
6.62e+07
6.63e+07
6.64e+07
6.65e+07
6.66e+07
6.67e+07
6.68e+07
6.69e+07
6.7e+07
6.71e+07
6.72e+07
6.73e+07
6.74e+07
6.75e+07
6.76e+07
6.77e+07
6.78e+07
6.79e+07
6.8e+07
6.81e+07
6.82e+07
6.83e+07
6.84e+07
6.85e+07
6.86e+07
6.87e+07
6.88e+07
6.89e+07
6.9e+07
6.91e+07
6.92e+07
6.93e+07
6.94e+07
6.95e+07
6.96e+07
6.97e+07
6.98e+07
6.99e+07
7e+07
7.01e+07
7.02e+07
7.03e+07
7.04e+07
7.05e+07
7.06e+07
7.07e+07
7.08e+07
7.09e+07
7.1e+07
7.11e+07
7.12e+07
7.13e+07
7.14e+07
7.15e+07
7.16e+07
7.17e+07
7.18e+07
7.19e+07
7.2e+07
7.21e+07
7.22e+07
7.23e+07
7.24e+07
7.25e+07
7.26e+07
7.27e+07
7.28e+07
7.29e+07
7.3e+07
7.31e+07
7.32e+07
7.33e+07
7.34e+07
7.35e+07
7.36e+07
7.37e+07
7.38e+07
7.39e+07
7.4e+07
7.41e+07
7.42e+07
7.43e+07
7.44e+07
7.45e+07
7.46e+07
7.47e+07
7.48e+07
7.49e+07
7.5e+07
7.51e+07
7.52e+07
7.53e+07
7.54e+07
7.55e+07
7.56e+07
7.57e+07
7.58e+07
7.59e+07
7.6e+07
7.61e+07
7.62e+07
7.63e+07
7.64e+07
7.65e+07
7.66e+07
7.67e+07
7.68e+07
7.69e+07
7.7e+07
7.71e+07
7.72e+07
7.73e+07
7.74e+07
7.75e+07
7.76e+07
7.77e+07
7.78e+07
7.79e+07
7.8e+07
7.81e+07
7.82e+07
7.83e+07
7.84e+07
7.85e+07
7.86e+07
7.87e+07
7.88e+07
7.89e+07
7.9e+07
7.91e+07
7.92e+07
7.93e+07
7.94e+07
7.95e+07
7.96e+07
7.97e+07
7.98e+07
7.99e+07
8e+07
8.01e+07
8.02e+07
8.03e+07
8.04e+07
8.05e+07
8.06e+07
8.07e+07
8.08e+07
8.09e+07
8.1e+07
8.11e+07
8.12e+07
8.13e+07
8.14e+07
8.15e+07
8.16e+07
8.17e+07
8.18e+07
8.19e+07
8.2e+07
8.21e+07
8.22e+07
8.23e+07
8.24e+07
8.25e+07
8.26e+07
8.27e+07
8.28e+07
8.29e+07
8.3e+07
8.31e+07
8.32e+07
8.33e+07
8.34e+07
8.35e+07
8.36e+07
8.37e+07
8.38e+07
8.39e+07
8.4e+07
8.41e+07
8.42e+07
8.43e+07
8.44e+07
8.45e+07
8.46e+07
8.47e+07
8.48e+07
8.49e+07
8.5e+07
8.51e+07
8.52e+07
8.53e+07
8.54e+07
8.55e+07
8.56e+07
8.57e+07
8.58e+07
8.59e+07
8.6e+07
8.61e+07
8.62e+07
8.63e+07
8.64e+07
8.65e+07
8.66e+07
8.67e+07
8.68e+07
8.69e+07
8.7e+07
8.71e+07
8.72e+07
8.73e+07
8.74e+07
8.75e+07
8.76e+07
8.77e+07
8.78e+07
8.79e+07
8.8e+07
8.81e+07
8.82e+07
8.83e+07
8.84e+07
8.85e+07
8.86e+07
8.87e+07
8.88e+07
8.89e+07
8.9e+07
8.91e+07
8.92e+07
8.93e+07
8.94e+07
8.95e+07
8.96e+07
8.97e+07
8.98e+07
8.99e+07
9e+07
9.01e+07
9.02e+07
9.03e+07
9.04e+07
9.05e+07
9.06e+07
9.07e+07
9.08e+07
9.09e+07
9.1e+07
9.11e+07
9.12e+07
9.13e+07
9.14e+07
9.15e+07
9.16e+07
9.17e+07
9.18e+07
9.19e+07
9.2e+07
9.21e+07
9.22e+07
9.23e+07
9.24e+07
9.25e+07
9.26e+07
9.27e+07
9.28e+07
9.29e+07
9.3e+07
9.31e+07
9.32e+07
9.33e+07
9.34e+07
9.35e+07
9.36e+07
9.37e+07
9.38e+07
9.39e+07
9.4e+07
9.41e+07
9.42e+07
9.43e+07
9.44e+07
9.45e+07
9.46e+07
9.47e+07
9.48e+07
9.49e+07
9.5e+07
9.51e+07
9.52e+07
9.53e+07
9.54e+07
9.55e+07
9.56e+07
9.57e+07
9.58e+07
9.59e+07
9.6e+07
9.61e+07
9.62e+07
9.63e+07
9.64e+07
9.65e+07
9.66e+07
9.67e+07
9.68e+07
9.69e+07
9.7e+07
9.71e+07
9.72e+07
9.73e+07
9.74e+07
9.75e+07
9.76e+07
9.77e+07
9.78e+07
9.79e+07
9.8e+07
9.81e+07
9.82e+07
9.83e+07
9.84e+07
9.85e+07
9.86e+07
9.87e+07
9.88e+07
9.89e+07
9.9e+07
9.91e+07
9.92e+07
9.93e+07
9.94e+07
9.95e+07
9.96e+07
9.97e+07
9.98e+07
9.99e+07
1e+08
1.001e+08
1.002e+08
1.003e+08
1.004e+08
1.005e+08
1.006e+08
1.007e+08
1.008e+08
1.009e+08
1.01e+08
1.011e+08
1.012e+08
1.013e+08
1.014e+08
1.015e+08
1.016e+08
1.017e+08
1.018e+08
1.019e+08
1.02e+08
1.021e+08
1.022e+08
1.023e+08
1.024e+08
1.025e+08
1.026e+08
1.027e+08
1.028e+08
1.029e+08
1.03e+08
1.031e+08
1.032e+08
1.033e+08
1.034e+08
1.035e+08
1.036e+08
1.037e+08
1.038e+08
1.039e+08
1.04e+08
1.041e+08
1.042e+08
1.043e+08
1.044e+08
1.045e+08
1.046e+08
1.047e+08
1.048e+08
1.049e+08
1.05e+08
1.051e+08
1.052e+08
1.053e+08
1.054e+08
1.055e+08
1.056e+08
1.057e+08
1.058e+08
1.059e+08
1.06e+08
1.061e+08
1.062e+08
1.063e+08
1.064e+08
1.065e+08
1.066e+08
1.067e+08
1.068e+08
1.069e+08
1.07e+08
1.071e+08
1.072e+08
1.073e+08
1.074e+08
1.075e+08
1.076e+08
1.077e+08
1.078e+08
1.079e+08
1.08e+08
1.081e+08
1.082e+08
1.083e+08
1.084e+08
1.085e+08
1.086e+08
1.087e+08
1.088e+08
1.089e+08
1.09e+08
1.091e+08
1.092e+08
1.093e+08
1.094e+08
1.095e+08
1.096e+08
1.097e+08
1.098e+08
1.099e+08
1.1e+08
1.101e+08
1.102e+08
1.103e+08
1.104e+08
1.105e+08
1.106e+08
1.107e+08
1.108e+08
1.109e+08
1.11e+08
1.111e+08
1.112e+08
1.113e+08
1.114e+08
1.115e+08
1.116e+08
1.117e+08
1.118e+08
1.119e+08
1.12e+08
1.121e+08
1.122e+08
1.123e+08
1.124e+08
1.125e+08
1.126e+08
1.127e+08
1.128e+08
1.129e+08
1.13e+08
1.131e+08
1.132e+08
1.133e+08
1.134e+08
1.135e+08
1.136e+08
1.137e+08
1.138e+08
1.139e+08
1.14e+08
1.141e+08
1.142e+08
1.143e+08
1.144e+08
1.145e+08
1.146e+08
1.147e+08
1.148e+08
1.149e+08
1.15e+08
1.151e+08
1.152e+08
1.153e+08
1.154e+08
1.155e+08
1.156e+08
1.157e+08
1.158e+08
1.159e+08
1.16e+08
1.161e+08
1.162e+08
1.163e+08
1.164e+08
1.165e+08
1.166e+08
1.167e+08
1.168e+08
1.169e+08
1.17e+08
1.171e+08
1.172e+08
1.173e+08
1.174e+08
1.175e+08
1.176e+08
1.177e+08
1.178e+08
1.179e+08
1.18e+08
1.181e+08
1.182e+08
1.183e+08
1.184e+08
1.185e+08
1.186e+08
1.187e+08
1.188e+08
1.189e+08
1.19e+08
1.191e+08
1.192e+08
1.193e+08
1.194e+08
1.195e+08
1.196e+08
1.197e+08
1.198e+08
1.199e+08
1.2e+08
1.201e+08
1.202e+08
1.203e+08
1.204e+08
1.205e+08
1.206e+08
1.207e+08
1.208e+08
1.209e+08
1.21e+08
1.211e+08
1.212e+08
1.213e+08
1.214e+08
1.215e+08
1.216e+08
1.217e+08
1.218e+08
1.219e+08
1.22e+08
1.221e+08
1.222e+08
1.223e+08
1.224e+08
1.225e+08
1.226e+08
1.227e+08
1.228e+08
1.229e+08
1.23e+08
1.231e+08
1.232e+08
1.233e+08
1.234e+08
1.235e+08
1.236e+08
1.237e+08
1.238e+08
1.239e+08
1.24e+08
1.241e+08
1.242e+08
1.243e+08
1.244e+08
1.245e+08
1.246e+08
1.247e+08
1.248e+08
1.249e+08
1.25e+08
1.251e+08
1.252e+08
1.253e+08
1.254e+08
1.255e+08
1.256e+08
1.257e+08
1.258e+08
1.259e+08
1.26e+08
1.261e+08
1.262e+08
1.263e+08
1.264e+08
1.265e+08
1.266e+08
1.267e+08
1.268e+08
1.269e+08
1.27e+08
1.271e+08
1.272e+08
1.273e+08
1.274e+08
1.275e+08
1.276e+08
1.277e+08
1.278e+08
1.279e+08
1.28e+08
1.281e+08
1.282e+08
1.283e+08
1.284e+08
1.285e+08
1.286e+08
1.287e+08
1.288e+08
1.289e+08
1.29e+08
1.291e+08
1.292e+08
1.293e+08
1.294e+08
1.295e+08
1.296e+08
1.297e+08
1.298e+08
1.299e+08
1.3e+08
1.301e+08
1.302e+08
1.303e+08
1.304e+08
1.305e+08
1.306e+08
1.307e+08
1.308e+08
1.309e+08
1.31e+08
1.311e+08
1.312e+08
1.313e+08
1.314e+08
1.315e+08
1.316e+08
1.317e+08
1.318e+08
1.319e+08
1.32e+08
1.321e+08
1.322e+08
1.323e+08
1.324e+08
1.325e+08
1.326e+08
1.327e+08
1.328e+08
1.329e+08
1.33e+08
1.331e+08
1.332e+08
1.333e+08
1.334e+08
1.335e+08
1.336e+08
1.337e+08
1.338e+08
1.339e+08
1.34e+08
1.341e+08
1.342e+08
1.343e+08
1.344e+08
1.345e+08
1.346e+08
1.347e+08
1.348e+08
1.349e+08
1.35e+08
1.351e+08
1.352e+08
1.353e+08
1.354e+08
1.355e+08
1.356e+08
1.357e+08
1.358e+08
1.359e+08
1.36e+08
1.361e+08
1.362e+08
1.363e+08
1.364e+08
1.365e+08
1.366e+08
1.367e+08
1.368e+08
1.369e+08
1.37e+08
1.371e+08
1.372e+08
1.373e+08
1.374e+08
1.375e+08
1.376e+08
1.377e+08
1.378e+08
1.379e+08
1.38e+08
1.381e+08
1.382e+08
1.383e+08
1.384e+08
1.385e+08
1.386e+08
1.387e+08
1.388e+08
1.389e+08
1.39e+08
1.391e+08
1.392e+08
1.393e+08
1.394e+08
1.395e+08
1.396e+08
1.397e+08
1.398e+08
1.399e+08
1.4e+08
1.401e+08
1.402e+08
1.403e+08
1.404e+08
1.405e+08
1.406e+08
1.407e+08
1.408e+08
1.409e+08
1.41e+08
1.411e+08
1.412e+08
1.413e+08
1.414e+08
1.415e+08
1.416e+08
1.417e+08
1.418e+08
1.419e+08
1.42e+08
1.421e+08
1.422e+08
1.423e+08
1.424e+08
1.425e+08
1.426e+08
1.427e+08
1.428e+08
1.429e+08
1.43e+08
1.431e+08
1.432e+08
1.433e+08
1.434e+08
1.435e+08
1.436e+08
1.437e+08
1.438e+08
1.439e+08
1.44e+08
1.441e+08
1.442e+08
1.443e+08
1.444e+08
1.445e+08
1.446e+08
1.447e+08
1.448e+08
1.449e+08
1.45e+08
1.451e+08
1.452e+08
1.453e+08
1.454e+08
1.455e+08
1.456e+08
1.457e+08
1.458e+08
1.459e+08
1.46e+08
1.461e+08
1.462e+08
1.463e+08
1.464e+08
1.465e+08
1.466e+08
1.467e+08
1.468e+08
1.469e+08
1.47e+08
1.471e+08
1.472e+08
1.473e+08
1.474e+08
1.475e+08
1.476e+08
1.477e+08
1.478e+08
1.479e+08
1.48e+08
1.481e+08
1.482e+08
1.483e+08
1.484e+08
1.485e+08
1.486e+08
1.487e+08
1.488e+08
1.489e+08
1.49e+08
1.491e+08
1.492e+08
1.493e+08
1.494e+08
1.495e+08
1.496e+08
1.497e+08
1.498e+08
1.499e+08
1.5e+08
1.501e+08
1.502e+08
1.503e+08
1.504e+08
1.505e+08
1.506e+08
1.507e+08
1.508e+08
1.509e+08
1.51e+08
1.511e+08
1.512e+08
1.513e+08
1.514e+08
1.515e+08
1.516e+08
1.517e+08
1.518e+08
1.519e+08
1.52e+08
1.521e+08
1.522e+08
1.523e+08
1.524e+08
1.525e+08
1.526e+08
1.527e+08
1.528e+08
1.529e+08
1.53e+08
1.531e+08
1.532e+08
1.533e+08
1.534e+08
1.535e+08
1.536e+08
1.537e+08
1.538e+08
1.539e+08
1.54e+08
1.541e+08
1.542e+08
1.543e+08
1.544e+08
1.545e+08
1.546e+08
1.547e+08
1.548e+08
1.549e+08
1.55e+08
1.551e+08
1.552e+08
1.553e+08
1.554e+08
1.555e+08
1.556e+08
1.557e+08
1.558e+08
1.559e+08
1.56e+08
1.561e+08
1.562e+08
1.563e+08
1.564e+08
1.565e+08
1.566e+08
1.567e+08
1.568e+08
1.569e+08
1.57e+08
1.571e+08
1.572e+08
1.573e+08
1.574e+08
1.575e+08
1.576e+08
1.577e+08
1.578e+08
1.579e+08
1.58e+08
1.581e+08
1.582e+08
1.583e+08
1.584e+08
1.585e+08
1.586e+08
1.587e+08
1.588e+08
1.589e+08
1.59e+08
1.591e+08
1.592e+08
1.593e+08
1.594e+08
1.595e+08
1.596e+08
1.597e+08
1.598e+08
1.599e+08
1.6e+08
1.601e+08
1.602e+08
1.603e+08
1.604e+08
1.605e+08
1.606e+08
1.607e+08
1.608e+08
1.609e+08
1.61e+08
1.611e+08
1.612e+08
1.613e+08
1.614e+08
1.615e+08
1.616e+08
1.617e+08
1.618e+08
1.619e+08
1.62e+08
1.621e+08
1.622e+08
1.623e+08
1.624e+08
1.625e+08
1.626e+08
1.627e+08
1.628e+08
1.629e+08
1.63e+08
1.631e+08
1.632e+08
1.633e+08
1.634e+08
1.635e+08
1.636e+08
1.637e+08
1.638e+08
1.639e+08
1.64e+08
1.641e+08
1.642e+08
1.643e+08
1.644e+08
1.645e+08
1.646e+08
1.647e+08
1.648e+08
1.649e+08
1.65e+08
1.651e+08
1.652e+08
1.653e+08
1.654e+08
1.655e+08
1.656e+08
1.657e+08
1.658e+08
1.659e+08
1.66e+08
1.661e+08
1.662e+08
1.663e+08
1.664e+08
1.665e+08
1.666e+08
1.667e+08
1.668e+08
1.669e+08
1.67e+08
1.671e+08
1.672e+08
1.673e+08
1.674e+08
1.675e+08
1.676e+08
1.677e+08
1.678e+08
1.679e+08
1.68e+08
1.681e+08
1.682e+08
1.683e+08
1.684e+08
1.685e+08
1.686e+08
1.687e+08
1.688e+08
1.689e+08
1.69e+08
1.691e+08
1.692e+08
1.693e+08
1.694e+08
1.695e+08
1.696e+08
1.697e+08
1.698e+08
1.699e+08
1.7e+08
1.701e+08
1.702e+08
1.703e+08
1.704e+08
1.705e+08
1.706e+08
1.707e+08
1.708e+08
1.709e+08
1.71e+08
1.711e+08
1.712e+08
1.713e+08
1.714e+08
1.715e+08
1.716e+08
1.717e+08
1.718e+08
1.719e+08
1.72e+08
1.721e+08
1.722e+08
1.723e+08
1.724e+08
1.725e+08
1.726e+08
1.727e+08
1.728e+08
1.729e+08
1.73e+08
1.731e+08
1.732e+08
1.733e+08
1.734e+08
1.735e+08
1.736e+08
1.737e+08
1.738e+08
1.739e+08
1.74e+08
1.741e+08
1.742e+08
1.743e+08
1.744e+08
1.745e+08
1.746e+08
1.747e+08
1.748e+08
1.749e+08
1.75e+08
1.751e+08
1.752e+08
1.753e+08
1.754e+08
1.755e+08
1.756e+08
1.757e+08
1.758e+08
1.759e+08
1.76e+08
1.761e+08
1.762e+08
1.763e+08
1.764e+08
1.765e+08
1.766e+08
1.767e+08
1.768e+08
1.769e+08
1.77e+08
1.771e+08
1.772e+08
1.773e+08
1.774e+08
1.775e+08
1.776e+08
1.777e+08
1.778e+08
1.779e+08
1.78e+08
1.781e+08
1.782e+08
1.783e+08
1.784e+08
1.785e+08
1.786e+08
1.787e+08
1.788e+08
1.789e+08
1.79e+08
1.791e+08
1.792e+08
1.793e+08
1.794e+08
1.795e+08
1.796e+08
1.797e+08
1.798e+08
1.799e+08
1.8e+08
1.801e+08
1.802e+08
1.803e+08
1.804e+08
1.805e+08
1.806e+08
1.807e+08
1.808e+08
1.809e+08
1.81e+08
1.811e+08
1.812e+08
1.813e+08
1.814e+08
1.815e+08
1.816e+08
1.817e+08
1.818e+08
1.819e+08
1.82e+08
1.821e+08
1.822e+08
1.823e+08
1.824e+08
1.825e+08
1.826e+08
1.827e+08
1.828e+08
1.829e+08
1.83e+08
1.831e+08
1.832e+08
1.833e+08
1.834e+08
1.835e+08
1.836e+08
1.837e+08
1.838e+08
1.839e+08
1.84e+08
1.841e+08
1.842e+08
1.843e+08
1.844e+08
1.845e+08
1.846e+08
1.847e+08
1.848e+08
1.849e+08
1.85e+08
1.851e+08
1.852e+08
1.853e+08
1.854e+08
1.855e+08
1.856e+08
1.857e+08
1.858e+08
1.859e+08
1.86e+08
1.861e+08
1.862e+08
1.863e+08
1.864e+08
1.865e+08
1.866e+08
1.867e+08
1.868e+08
1.869e+08
1.87e+08
1.871e+08
1.872e+08
1.873e+08
1.874e+08
1.875e+08
1.876e+08
1.877e+08
1.878e+08
1.879e+08
1.88e+08
1.881e+08
1.882e+08
1.883e+08
1.884e+08
1.885e+08
1.886e+08
1.887e+08
1.888e+08
1.889e+08
1.89e+08
1.891e+08
1.892e+08
1.893e+08
1.894e+08
1.895e+08
1.896e+08
1.897e+08
1.898e+08
1.899e+08
1.9e+08
1.901e+08
1.902e+08
1.903e+08
1.904e+08
1.905e+08
1.906e+08
1.907e+08
1.908e+08
1.909e+08
1.91e+08
1.911e+08
1.912e+08
1.913e+08
1.914e+08
1.915e+08
1.916e+08
1.917e+08
1.918e+08
1.919e+08
1.92e+08
1.921e+08
1.922e+08
1.923e+08
1.924e+08
1.925e+08
1.926e+08
1.927e+08
1.928e+08
1.929e+08
1.93e+08
1.931e+08
1.932e+08
1.933e+08
1.934e+08
1.935e+08
1.936e+08
1.937e+08
1.938e+08
1.939e+08
1.94e+08
1.941e+08
1.942e+08
1.943e+08
1.944e+08
1.945e+08
1.946e+08
1.947e+08
1.948e+08
1.949e+08
1.95e+08
1.951e+08
1.952e+08
1.953e+08
1.954e+08
1.955e+08
1.956e+08
1.957e+08
1.958e+08
1.959e+08
1.96e+08
1.961e+08
1.962e+08
1.963e+08
1.964e+08
1.965e+08
1.966e+08
1.967e+08
1.968e+08
1.969e+08
1.97e+08
1.971e+08
1.972e+08
1.973e+08
1.974e+08
1.975e+08
1.976e+08
1.977e+08
1.978e+08
1.979e+08
1.98e+08
1.981e+08
1.982e+08
1.983e+08
1.984e+08
1.985e+08
1.986e+08
1.987e+08
1.988e+08
1.989e+08
1.99e+08
1.991e+08
1.992e+08
1.993e+08
1.994e+08
1.995e+08
1.996e+08
1.997e+08
1.998e+08
1.999e+08
2e+08
2.001e+08
2.002e+08
2.003e+08
2.004e+08
2.005e+08
2.006e+08
2.007e+08
2.008e+08
2.009e+08
2.01e+08
2.011e+08
2.012e+08
2.013e+08
2.014e+08
2.015e+08
2.016e+08
2.017e+08
2.018e+08
2.019e+08
2.02e+08
2.021e+08
2.022e+08
2.023e+08
2.024e+08
2.025e+08
2.026e+08
2.027e+08
2.028e+08
2.029e+08
2.03e+08
2.031e+08
2.032e+08
2.033e+08
2.034e+08
2.035e+08
2.036e+08
2.037e+08
2.038e+08
2.039e+08
2.04e+08
2.041e+08
2.042e+08
2.043e+08
2.044e+08
2.045e+08
2.046e+08
2.047e+08
2.048e+08
2.049e+08
2.05e+08
2.051e+08
2.052e+08
2.053e+08
2.054e+08
2.055e+08
2.056e+08
2.057e+08
2.058e+08
2.059e+08
2.06e+08
2.061e+08
2.062e+08
2.063e+08
2.064e+08
2.065e+08
2.066e+08
2.067e+08
2.068e+08
2.069e+08
2.07e+08
2.071e+08
2.072e+08
2.073e+08
2.074e+08
2.075e+08
2.076e+08
2.077e+08
2.078e+08
2.079e+08
2.08e+08
2.081e+08
2.082e+08
2.083e+08
2.084e+08
2.085e+08
2.086e+08
2.087e+08
2.088e+08
2.089e+08
2.09e+08
2.091e+08
2.092e+08
2.093e+08
2.094e+08
2.095e+08
2.096e+08
2.097e+08
2.098e+08
2.099e+08
2.1e+08
2.101e+08
2.102e+08
2.103e+08
2.104e+08
2.105e+08
2.106e+08
2.107e+08
2.108e+08
2.109e+08
2.11e+08
2.111e+08
2.112e+08
2.113e+08
2.114e+08
2.115e+08
2.116e+08
2.117e+08
2.118e+08
2.119e+08
2.12e+08
2.121e+08
2.122e+08
2.123e+08
2.124e+08
2.125e+08
2.126e+08
2.127e+08
2.128e+08
2.129e+08
2.13e+08
2.131e+08
2.132e+08
2.133e+08
2.134e+08
2.135e+08
2.136e+08
2.137e+08
2.138e+08
2.139e+08
2.14e+08
2.141e+08
2.142e+08
2.143e+08
2.144e+08
2.145e+08
2.146e+08
2.147e+08
2.148e+08
2.149e+08
2.15e+08
2.151e+08
2.152e+08
2.153e+08
2.154e+08
2.155e+08
2.156e+08
2.157e+08
2.158e+08
2.159e+08
2.16e+08
2.161e+08
2.162e+08
2.163e+08
2.164e+08
2.165e+08
2.166e+08
2.167e+08
2.168e+08
2.169e+08
2.17e+08
2.171e+08
2.172e+08
2.173e+08
2.174e+08
2.175e+08
2.176e+08
2.177e+08
2.178e+08
2.179e+08
2.18e+08
2.181e+08
2.182e+08
2.183e+08
2.184e+08
2.185e+08
2.186e+08
2.187e+08
2.188e+08
2.189e+08
2.19e+08
2.191e+08
2.192e+08
2.193e+08
2.194e+08
2.195e+08
2.196e+08
2.197e+08
2.198e+08
2.199e+08
2.2e+08
2.201e+08
2.202e+08
2.203e+08
2.204e+08
2.205e+08
2.206e+08
2.207e+08
2.208e+08
2.209e+08
2.21e+08
2.211e+08
2.212e+08
2.213e+08
2.214e+08
2.215e+08
2.216e+08
2.217e+08
2.218e+08
2.219e+08
2.22e+08
2.221e+08
2.222e+08
2.223e+08
2.224e+08
2.225e+08
2.226e+08
2.227e+08
2.228e+08
2.229e+08
2.23e+08
2.231e+08
2.232e+08
2.233e+08
2.234e+08
2.235e+08
2.236e+08
2.237e+08
2.238e+08
2.239e+08
2.24e+08
2.241e+08
2.242e+08
2.243e+08
2.244e+08
2.245e+08
2.246e+08
2.247e+08
2.248e+08
2.249e+08
2.25e+08
2.251e+08
2.252e+08
2.253e+08
2.254e+08
2.255e+08
2.256e+08
2.257e+08
2.258e+08
2.259e+08
2.26e+08
2.261e+08
2.262e+08
2.263e+08
2.264e+08
2.265e+08
2.266e+08
2.267e+08
2.268e+08
2.269e+08
2.27e+08
2.271e+08
2.272e+08
2.273e+08
2.274e+08
2.275e+08
2.276e+08
2.277e+08
2.278e+08
2.279e+08
2.28e+08
2.281e+08
2.282e+08
2.283e+08
2.284e+08
2.285e+08
2.286e+08
2.287e+08
2.288e+08
2.289e+08
2.29e+08
2.291e+08
2.292e+08
2.293e+08
2.294e+08
2.295e+08
2.296e+08
2.297e+08
2.298e+08
2.299e+08
2.3e+08
2.301e+08
2.302e+08
2.303e+08
2.304e+08
2.305e+08
2.306e+08
2.307e+08
2.308e+08
2.309e+08
2.31e+08
2.311e+08
2.312e+08
2.313e+08
2.314e+08
2.315e+08
2.316e+08
2.317e+08
2.318e+08
2.319e+08
2.32e+08
2.321e+08
2.322e+08
2.323e+08
2.324e+08
2.325e+08
2.326e+08
2.327e+08
2.328e+08
2.329e+08
2.33e+08
2.331e+08
2.332e+08
2.333e+08
2.334e+08
2.335e+08
2.336e+08
2.337e+08
2.338e+08
2.339e+08
2.34e+08
2.341e+08
2.342e+08
2.343e+08
2.344e+08
2.345e+08
2.346e+08
2.347e+08
2.348e+08
2.349e+08
2.35e+08
2.351e+08
2.352e+08
2.353e+08
2.354e+08
2.355e+08
2.356e+08
2.357e+08
2.358e+08
2.359e+08
2.36e+08
2.361e+08
2.362e+08
2.363e+08
2.364e+08
2.365e+08
2.366e+08
2.367e+08
2.368e+08
2.369e+08
2.37e+08
2.371e+08
2.372e+08
2.373e+08
2.374e+08
2.375e+08
2.376e+08
2.377e+08
2.378e+08
2.379e+08
2.38e+08
2.381e+08
2.382e+08
2.383e+08
2.384e+08
2.385e+08
2.386e+08
2.387e+08
2.388e+08
2.389e+08
2.39e+08
2.391e+08
2.392e+08
2.393e+08
2.394e+08
2.395e+08
2.396e+08
2.397e+08
2.398e+08
2.399e+08
2.4e+08
2.401e+08
2.402e+08
2.403e+08
2.404e+08
2.405e+08
2.406e+08
2.407e+08
2.408e+08
2.409e+08
2.41e+08
2.411e+08
2.412e+08
2.413e+08
2.414e+08
2.415e+08
2.416e+08
2.417e+08
2.418e+08
2.419e+08
2.42e+08
2.421e+08
2.422e+08
2.423e+08
2.424e+08
2.425e+08
2.426e+08
2.427e+08
2.428e+08
2.429e+08
2.43e+08
2.431e+08
2.432e+08
2.433e+08
2.434e+08
2.435e+08
2.436e+08
2.437e+08
2.438e+08
2.439e+08
2.44e+08
2.441e+08
2.442e+08
2.443e+08
2.444e+08
2.445e+08
2.446e+08
2.447e+08
2.448e+08
2.449e+08
2.45e+08
2.451e+08
2.452e+08
2.453e+08
2.454e+08
2.455e+08
2.456e+08
2.457e+08
2.458e+08
2.459e+08
2.46e+08
2.461e+08
2.462e+08
2.463e+08
2.464e+08
2.465e+08
2.466e+08
2.467e+08
2.468e+08
2.469e+08
2.47e+08
2.471e+08
2.472e+08
2.473e+08
2.474e+08
2.475e+08
2.476e+08
2.477e+08
2.478e+08
2.479e+08
2.48e+08
2.481e+08
2.482e+08
2.483e+08
2.484e+08
2.485e+08
2.486e+08
2.487e+08
2.488e+08
2.489e+08
2.49e+08
2.491e+08
2.492e+08
2.493e+08
2.494e+08
2.495e+08
2.496e+08
2.497e+08
2.498e+08
2.499e+08
2.5e+08
2.501e+08
2.502e+08
2.503e+08
2.504e+08
2.505e+08
2.506e+08
2.507e+08
2.508e+08
2.509e+08
2.51e+08
2.511e+08
2.512e+08
2.513e+08
2.514e+08
2.515e+08
2.516e+08
2.517e+08
2.518e+08
2.519e+08
2.52e+08
2.521e+08
2.522e+08
2.523e+08
2.524e+08
2.525e+08
2.526e+08
2.527e+08
2.528e+08
2.529e+08
2.53e+08
2.531e+08
2.532e+08
2.533e+08
2.534e+08
2.535e+08
2.536e+08
2.537e+08
2.538e+08
2.539e+08
2.54e+08
2.541e+08
2.542e+08
2.543e+08
2.544e+08
2.545e+08
2.546e+08
2.547e+08
2.548e+08
2.549e+08
2.55e+08
2.551e+08
2.552e+08
2.553e+08
2.554e+08
2.555e+08
2.556e+08
2.557e+08
2.558e+08
2.559e+08
2.56e+08
2.561e+08
2.562e+08
2.563e+08
2.564e+08
2.565e+08
2.566e+08
2.567e+08
2.568e+08
2.569e+08
2.57e+08
2.571e+08
2.572e+08
2.573e+08
2.574e+08
2.575e+08
2.576e+08
2.577e+08
2.578e+08
2.579e+08
2.58e+08
2.581e+08
2.582e+08
2.583e+08
2.584e+08
2.585e+08
2.586e+08
2.587e+08
2.588e+08
2.589e+08
2.59e+08
2.591e+08
2.592e+08
2.593e+08
2.594e+08
2.595e+08
2.596e+08
2.597e+08
2.598e+08
2.599e+08
2.6e+08
2.601e+08
2.602e+08
2.603e+08
2.604e+08
2.605e+08
2.606e+08
2.607e+08
2.608e+08
2.609e+08
2.61e+08
2.611e+08
2.612e+08
2.613e+08
2.614e+08
2.615e+08
2.616e+08
2.617e+08
2.618e+08
2.619e+08
2.62e+08
2.621e+08
2.622e+08
2.623e+08
2.624e+08
2.625e+08
2.626e+08
2.627e+08
2.628e+08
2.629e+08
2.63e+08
2.631e+08
2.632e+08
2.633e+08
2.634e+08
2.635e+08
2.636e+08
2.637e+08
2.638e+08
2.639e+08
2.64e+08
2.641e+08
2.642e+08
2.643e+08
2.644e+08
2.645e+08
2.646e+08
2.647e+08
2.648e+08
2.649e+08
2.65e+08
2.651e+08
2.652e+08
2.653e+08
2.654e+08
2.655e+08
2.656e+08
2.657e+08
2.658e+08
2.659e+08
2.66e+08
2.661e+08
2.662e+08
2.663e+08
2.664e+08
2.665e+08
2.666e+08
2.667e+08
2.668e+08
2.669e+08
2.67e+08
2.671e+08
2.672e+08
2.673e+08
2.674e+08
2.675e+08
2.676e+08
2.677e+08
2.678e+08
2.679e+08
2.68e+08
2.681e+08
2.682e+08
2.683e+08
2.684e+08
2.685e+08
2.686e+08
2.687e+08
2.688e+08
2.689e+08
2.69e+08
2.691e+08
2.692e+08
2.693e+08
2.694e+08
2.695e+08
2.696e+08
2.697e+08
2.698e+08
2.699e+08
2.7e+08
2.701e+08
2.702e+08
2.703e+08
2.704e+08
2.705e+08
2.706e+08
2.707e+08
2.708e+08
2.709e+08
2.71e+08
2.711e+08
2.712e+08
2.713e+08
2.714e+08
2.715e+08
2.716e+08
2.717e+08
2.718e+08
2.719e+08
2.72e+08
2.721e+08
2.722e+08
2.723e+08
2.724e+08
2.725e+08
2.726e+08
2.727e+08
2.728e+08
2.729e+08
2.73e+08
2.731e+08
2.732e+08
2.733e+08
2.734e+08
2.735e+08
2.736e+08
2.737e+08
2.738e+08
2.739e+08
2.74e+08
2.741e+08
2.742e+08
2.743e+08
2.744e+08
2.745e+08
2.746e+08
2.747e+08
2.748e+08
2.749e+08
2.75e+08
2.751e+08
2.752e+08
2.753e+08
2.754e+08
2.755e+08
2.756e+08
2.757e+08
2.758e+08
2.759e+08
2.76e+08
2.761e+08
2.762e+08
2.763e+08
2.764e+08
2.765e+08
2.766e+08
2.767e+08
2.768e+08
2.769e+08
2.77e+08
2.771e+08
2.772e+08
2.773e+08
2.774e+08
2.775e+08
2.776e+08
2.777e+08
2.778e+08
2.779e+08
2.78e+08
2.781e+08
2.782e+08
2.783e+08
2.784e+08
2.785e+08
2.786e+08
2.787e+08
2.788e+08
2.789e+08
2.79e+08
2.791e+08
2.792e+08
2.793e+08
2.794e+08
2.795e+08
2.796e+08
2.797e+08
2.798e+08
2.799e+08
2.8e+08
2.801e+08
2.802e+08
2.803e+08
2.804e+08
2.805e+08
2.806e+08
2.807e+08
2.808e+08
2.809e+08
2.81e+08
2.811e+08
2.812e+08
2.813e+08
2.814e+08
2.815e+08
2.816e+08
2.817e+08
2.818e+08
2.819e+08
2.82e+08
2.821e+08
2.822e+08
2.823e+08
2.824e+08
2.825e+08
2.826e+08
2.827e+08
2.828e+08
2.829e+08
2.83e+08
2.831e+08
2.832e+08
2.833e+08
2.834e+08
2.835e+08
2.836e+08
2.837e+08
2.838e+08
2.839e+08
2.84e+08
2.841e+08
2.842e+08
2.843e+08
2.844e+08
2.845e+08
2.846e+08
2.847e+08
2.848e+08
2.849e+08
2.85e+08
2.851e+08
2.852e+08
2.853e+08
2.854e+08
2.855e+08
2.856e+08
2.857e+08
2.858e+08
2.859e+08
2.86e+08
2.861e+08
2.862e+08
2.863e+08
2.864e+08
2.865e+08
2.866e+08
2.867e+08
2.868e+08
2.869e+08
2.87e+08
2.871e+08
2.872e+08
2.873e+08
2.874e+08
2.875e+08
2.876e+08
2.877e+08
2.878e+08
2.879e+08
2.88e+08
2.881e+08
2.882e+08
2.883e+08
2.884e+08
2.885e+08
2.886e+08
2.887e+08
2.888e+08
2.889e+08
2.89e+08
2.891e+08
2.892e+08
2.893e+08
2.894e+08
2.895e+08
2.896e+08
2.897e+08
2.898e+08
2.899e+08
2.9e+08
2.901e+08
2.902e+08
2.903e+08
2.904e+08
2.905e+08
2.906e+08
2.907e+08
2.908e+08
2.909e+08
2.91e+08
2.911e+08
2.912e+08
2.913e+08
2.914e+08
2.915e+08
2.916e+08
2.917e+08
2.918e+08
2.919e+08
2.92e+08
2.921e+08
2.922e+08
2.923e+08
2.924e+08
2.925e+08
2.926e+08
2.927e+08
2.928e+08
2.929e+08
2.93e+08
2.931e+08
2.932e+08
2.933e+08
2.934e+08
2.935e+08
2.936e+08
2.937e+08
2.938e+08
2.939e+08
2.94e+08
2.941e+08
2.942e+08
2.943e+08
2.944e+08
2.945e+08
2.946e+08
2.947e+08
2.948e+08
2.949e+08
2.95e+08
2.951e+08
2.952e+08
2.953e+08
2.954e+08
2.955e+08
2.956e+08
2.957e+08
2.958e+08
2.959e+08
2.96e+08
2.961e+08
2.962e+08
2.963e+08
2.964e+08
2.965e+08
2.966e+08
2.967e+08
2.968e+08
2.969e+08
2.97e+08
2.971e+08
2.972e+08
2.973e+08
2.974e+08
2.975e+08
2.976e+08
2.977e+08
2.978e+08
2.979e+08
2.98e+08
2.981e+08
2.982e+08
2.983e+08
2.984e+08
2.985e+08
2.986e+08
2.987e+08
2.988e+08
2.989e+08
2.99e+08
2.991e+08
2.992e+08
2.993e+08
2.994e+08
2.995e+08
2.996e+08
2.997e+08
2.998e+08
2.999e+08
3e+08
3.001e+08
3.002e+08
3.003e+08
3.004e+08
3.005e+08
3.006e+08
3.007e+08
3.008e+08
3.009e+08
3.01e+08
3.011e+08
3.012e+08
3.013e+08
3.014e+08
3.015e+08
3.016e+08
3.017e+08
3.018e+08
3.019e+08
3.02e+08
3.021e+08
3.022e+08
3.023e+08
3.024e+08
3.025e+08
3.026e+08
3.027e+08
3.028e+08
3.029e+08
3.03e+08
3.031e+08
3.032e+08
3.033e+08
3.034e+08
3.035e+08
3.036e+08
3.037e+08
3.038e+08
3.039e+08
3.04e+08
3.041e+08
3.042e+08
3.043e+08
3.044e+08
3.045e+08
3.046e+08
3.047e+08
3.048e+08
3.049e+08
3.05e+08
3.051e+08
3.052e+08
3.053e+08
3.054e+08
3.055e+08
3.056e+08
3.057e+08
3.058e+08
3.059e+08
3.06e+08
3.061e+08
3.062e+08
3.063e+08
3.064e+08
3.065e+08
3.066e+08
3.067e+08
3.068e+08
3.069e+08
3.07e+08
3.071e+08
3.072e+08
3.073e+08
3.074e+08
3.075e+08
3.076e+08
3.077e+08
3.078e+08
3.079e+08
3.08e+08
3.081e+08
3.082e+08
3.083e+08
3.084e+08
3.085e+08
3.086e+08
3.087e+08
3.088e+08
3.089e+08
3.09e+08
3.091e+08
3.092e+08
3.093e+08
3.094e+08
3.095e+08
3.096e+08
3.097e+08
3.098e+08
3.099e+08
3.1e+08
3.101e+08
3.102e+08
3.103e+08
3.104e+08
3.105e+08
3.106e+08
3.107e+08
3.108e+08
3.109e+08
3.11e+08
3.111e+08
3.112e+08
3.113e+08
3.114e+08
3.115e+08
3.116e+08
3.117e+08
3.118e+08
3.119e+08
3.12e+08
3.121e+08
3.122e+08
3.123e+08
3.124e+08
3.125e+08
3.126e+08
3.127e+08
3.128e+08
3.129e+08
3.13e+08
3.131e+08
3.132e+08
3.133e+08
3.134e+08
3.135e+08
3.136e+08
3.137e+08
3.138e+08
3.139e+08
3.14e+08
3.141e+08
3.142e+08
3.143e+08
3.144e+08
3.145e+08
3.146e+08
3.147e+08
3.148e+08
3.149e+08
3.15e+08
3.151e+08
3.152e+08
3.153e+08
3.154e+08
3.155e+08
3.156e+08
3.157e+08
3.158e+08
3.159e+08
3.16e+08
3.161e+08
3.162e+08
3.163e+08
3.164e+08
3.165e+08
3.166e+08
3.167e+08
3.168e+08
3.169e+08
3.17e+08
3.171e+08
3.172e+08
3.173e+08
3.174e+08
3.175e+08
3.176e+08
3.177e+08
3.178e+08
3.179e+08
3.18e+08
3.181e+08
3.182e+08
3.183e+08
3.184e+08
3.185e+08
3.186e+08
3.187e+08
3.188e+08
3.189e+08
3.19e+08
3.191e+08
3.192e+08
3.193e+08
3.194e+08
3.195e+08
3.196e+08
3.197e+08
3.198e+08
3.199e+08
3.2e+08
3.201e+08
3.202e+08
3.203e+08
3.204e+08
3.205e+08
3.206e+08
3.207e+08
3.208e+08
3.209e+08
3.21e+08
3.211e+08
3.212e+08
3.213e+08
3.214e+08
3.215e+08
3.216e+08
3.217e+08
3.218e+08
3.219e+08
3.22e+08
3.221e+08
3.222e+08
3.223e+08
3.224e+08
3.225e+08
3.226e+08
3.227e+08
3.228e+08
3.229e+08
3.23e+08
3.231e+08
3.232e+08
3.233e+08
3.234e+08
3.235e+08
3.236e+08
3.237e+08
3.238e+08
3.239e+08
3.24e+08
3.241e+08
3.242e+08
3.243e+08
3.244e+08
3.245e+08
3.246e+08
3.247e+08
3.248e+08
3.249e+08
3.25e+08
3.251e+08
3.252e+08
3.253e+08
3.254e+08
3.255e+08
3.256e+08
3.257e+08
3.258e+08
3.259e+08
3.26e+08
3.261e+08
3.262e+08
3.263e+08
3.264e+08
3.265e+08
3.266e+08
3.267e+08
3.268e+08
3.269e+08
3.27e+08
3.271e+08
3.272e+08
3.273e+08
3.274e+08
3.275e+08
3.276e+08
3.277e+08
3.278e+08
3.279e+08
3.28e+08
3.281e+08
3.282e+08
3.283e+08
3.284e+08
3.285e+08
3.286e+08
3.287e+08
3.288e+08
3.289e+08
3.29e+08
3.291e+08
3.292e+08
3.293e+08
3.294e+08
3.295e+08
3.296e+08
3.297e+08
3.298e+08
3.299e+08
3.3e+08
3.301e+08
3.302e+08
3.303e+08
3.304e+08
3.305e+08
3.306e+08
3.307e+08
3.308e+08
3.309e+08
3.31e+08
3.311e+08
3.312e+08
3.313e+08
3.314e+08
3.315e+08
3.316e+08
3.317e+08
3.318e+08
3.319e+08
3.32e+08
3.321e+08
3.322e+08
3.323e+08
3.324e+08
3.325e+08
3.326e+08
3.327e+08
3.328e+08
3.329e+08
3.33e+08
3.331e+08
3.332e+08
3.333e+08
3.334e+08
3.335e+08
3.336e+08
3.337e+08
3.338e+08
3.339e+08
3.34e+08
3.341e+08
3.342e+08
3.343e+08
3.344e+08
3.345e+08
3.346e+08
3.347e+08
3.348e+08
3.349e+08
3.35e+08
3.351e+08
3.352e+08
3.353e+08
3.354e+08
3.355e+08
3.356e+08
3.357e+08
3.358e+08
3.359e+08
3.36e+08
3.361e+08
3.362e+08
3.363e+08
3.364e+08
3.365e+08
3.366e+08
3.367e+08
3.368e+08
3.369e+08
3.37e+08
3.371e+08
3.372e+08
3.373e+08
3.374e+08
3.375e+08
3.376e+08
3.377e+08
3.378e+08
3.379e+08
3.38e+08
3.381e+08
3.382e+08
3.383e+08
3.384e+08
3.385e+08
3.386e+08
3.387e+08
3.388e+08
3.389e+08
3.39e+08
3.391e+08
3.392e+08
3.393e+08
3.394e+08
3.395e+08
3.396e+08
3.397e+08
3.398e+08
3.399e+08
3.4e+08
3.401e+08
3.402e+08
3.403e+08
3.404e+08
3.405e+08
3.406e+08
3.407e+08
3.408e+08
3.409e+08
3.41e+08
3.411e+08
3.412e+08
3.413e+08
3.414e+08
3.415e+08
3.416e+08
3.417e+08
3.418e+08
3.419e+08
3.42e+08
3.421e+08
3.422e+08
3.423e+08
3.424e+08
3.425e+08
3.426e+08
3.427e+08
3.428e+08
3.429e+08
3.43e+08
3.431e+08
3.432e+08
3.433e+08
3.434e+08
3.435e+08
3.436e+08
3.437e+08
3.438e+08
3.439e+08
3.44e+08
3.441e+08
3.442e+08
3.443e+08
3.444e+08
3.445e+08
3.446e+08
3.447e+08
3.448e+08
3.449e+08
3.45e+08
3.451e+08
3.452e+08
3.453e+08
3.454e+08
3.455e+08
3.456e+08
3.457e+08
3.458e+08
3.459e+08
3.46e+08
3.461e+08
3.462e+08
3.463e+08
3.464e+08
3.465e+08
3.466e+08
3.467e+08
3.468e+08
3.469e+08
3.47e+08
3.471e+08
3.472e+08
3.473e+08
3.474e+08
3.475e+08
3.476e+08
3.477e+08
3.478e+08
3.479e+08
3.48e+08
3.481e+08
3.482e+08
3.483e+08
3.484e+08
3.485e+08
3.486e+08
3.487e+08
3.488e+08
3.489e+08
3.49e+08
3.491e+08
3.492e+08
3.493e+08
3.494e+08
3.495e+08
3.496e+08
3.497e+08
3.498e+08
3.499e+08
3.5e+08
3.501e+08
3.502e+08
3.503e+08
3.504e+08
3.505e+08
3.506e+08
3.507e+08
3.508e+08
3.509e+08
3.51e+08
3.511e+08
3.512e+08
3.513e+08
3.514e+08
3.515e+08
3.516e+08
3.517e+08
3.518e+08
3.519e+08
3.52e+08
3.521e+08
3.522e+08
3.523e+08
3.524e+08
3.525e+08
3.526e+08
3.527e+08
3.528e+08
3.529e+08
3.53e+08
3.531e+08
3.532e+08
3.533e+08
3.534e+08
3.535e+08
3.536e+08
3.537e+08
3.538e+08
3.539e+08
3.54e+08
3.541e+08
3.542e+08
3.543e+08
3.544e+08
3.545e+08
3.546e+08
3.547e+08
3.548e+08
3.549e+08
3.55e+08
3.551e+08
3.552e+08
3.553e+08
3.554e+08
3.555e+08
3.556e+08
3.557e+08
3.558e+08
3.559e+08
3.56e+08
3.561e+08
3.562e+08
3.563e+08
3.564e+08
3.565e+08
3.566e+08
3.567e+08
3.568e+08
3.569e+08
3.57e+08
3.571e+08
3.572e+08
3.573e+08
3.574e+08
3.575e+08
3.576e+08
3.577e+08
3.578e+08
3.579e+08
3.58e+08
3.581e+08
3.582e+08
3.583e+08
3.584e+08
3.585e+08
3.586e+08
3.587e+08
3.588e+08
3.589e+08
3.59e+08
3.591e+08
3.592e+08
3.593e+08
3.594e+08
3.595e+08
3.596e+08
3.597e+08
3.598e+08
3.599e+08
3.6e+08
3.601e+08
3.602e+08
3.603e+08
3.604e+08
3.605e+08
3.606e+08
3.607e+08
3.608e+08
3.609e+08
3.61e+08
3.611e+08
3.612e+08
3.613e+08
3.614e+08
3.615e+08
3.616e+08
3.617e+08
3.618e+08
3.619e+08
3.62e+08
3.621e+08
3.622e+08
3.623e+08
3.624e+08
3.625e+08
3.626e+08
3.627e+08
3.628e+08
3.629e+08
3.63e+08
3.631e+08
3.632e+08
3.633e+08
3.634e+08
3.635e+08
3.636e+08
3.637e+08
3.638e+08
3.639e+08
3.64e+08
3.641e+08
3.642e+08
3.643e+08
3.644e+08
3.645e+08
3.646e+08
3.647e+08
3.648e+08
3.649e+08
3.65e+08
3.651e+08
3.652e+08
3.653e+08
3.654e+08
3.655e+08
3.656e+08
3.657e+08
3.658e+08
3.659e+08
3.66e+08
3.661e+08
3.662e+08
3.663e+08
3.664e+08
3.665e+08
3.666e+08
3.667e+08
3.668e+08
3.669e+08
3.67e+08
3.671e+08
3.672e+08
3.673e+08
3.674e+08
3.675e+08
3.676e+08
3.677e+08
3.678e+08
3.679e+08
3.68e+08
3.681e+08
3.682e+08
3.683e+08
3.684e+08
3.685e+08
3.686e+08
3.687e+08
3.688e+08
3.689e+08
3.69e+08
3.691e+08
3.692e+08
3.693e+08
3.694e+08
3.695e+08
3.696e+08
3.697e+08
3.698e+08
3.699e+08
3.7e+08
3.701e+08
3.702e+08
3.703e+08
3.704e+08
3.705e+08
3.706e+08
3.707e+08
3.708e+08
3.709e+08
3.71e+08
3.711e+08
3.712e+08
3.713e+08
3.714e+08
3.715e+08
3.716e+08
3.717e+08
3.718e+08
3.719e+08
3.72e+08
3.721e+08
3.722e+08
3.723e+08
3.724e+08
3.725e+08
3.726e+08
3.727e+08
3.728e+08
3.729e+08
3.73e+08
3.731e+08
3.732e+08
3.733e+08
3.734e+08
3.735e+08
3.736e+08
3.737e+08
3.738e+08
3.739e+08
3.74e+08
3.741e+08
3.742e+08
3.743e+08
3.744e+08
3.745e+08
3.746e+08
3.747e+08
3.748e+08
3.749e+08
3.75e+08
3.751e+08
3.752e+08
3.753e+08
3.754e+08
3.755e+08
3.756e+08
3.757e+08
3.758e+08
3.759e+08
3.76e+08
3.761e+08
3.762e+08
3.763e+08
3.764e+08
3.765e+08
3.766e+08
3.767e+08
3.768e+08
3.769e+08
3.77e+08
3.771e+08
3.772e+08
3.773e+08
3.774e+08
3.775e+08
3.776e+08
3.777e+08
3.778e+08
3.779e+08
3.78e+08
3.781e+08
3.782e+08
3.783e+08
3.784e+08
3.785e+08
3.786e+08
3.787e+08
3.788e+08
3.789e+08
3.79e+08
3.791e+08
3.792e+08
3.793e+08
3.794e+08
3.795e+08
3.796e+08
3.797e+08
3.798e+08
3.799e+08
3.8e+08
3.801e+08
3.802e+08
3.803e+08
3.804e+08
3.805e+08
3.806e+08
3.807e+08
3.808e+08
3.809e+08
3.81e+08
3.811e+08
3.812e+08
3.813e+08
3.814e+08
3.815e+08
3.816e+08
3.817e+08
3.818e+08
3.819e+08
3.82e+08
3.821e+08
3.822e+08
3.823e+08
3.824e+08
3.825e+08
3.826e+08
3.827e+08
3.828e+08
3.829e+08
3.83e+08
3.831e+08
3.832e+08
3.833e+08
3.834e+08
3.835e+08
3.836e+08
3.837e+08
3.838e+08
3.839e+08
3.84e+08
3.841e+08
3.842e+08
3.843e+08
3.844e+08
3.845e+08
3.846e+08
3.847e+08
3.848e+08
3.849e+08
3.85e+08
3.851e+08
3.852e+08
3.853e+08
3.854e+08
3.855e+08
3.856e+08
3.857e+08
3.858e+08
3.859e+08
3.86e+08
3.861e+08
3.862e+08
3.863e+08
3.864e+08
3.865e+08
3.866e+08
3.867e+08
3.868e+08
3.869e+08
3.87e+08
3.871e+08
3.872e+08
3.873e+08
3.874e+08
3.875e+08
3.876e+08
3.877e+08
3.878e+08
3.879e+08
3.88e+08
3.881e+08
3.882e+08
3.883e+08
3.884e+08
3.885e+08
3.886e+08
3.887e+08
3.888e+08
3.889e+08
3.89e+08
3.891e+08
3.892e+08
3.893e+08
3.894e+08
3.895e+08
3.896e+08
3.897e+08
3.898e+08
3.899e+08
3.9e+08
3.901e+08
3.902e+08
3.903e+08
3.904e+08
3.905e+08
3.906e+08
3.907e+08
3.908e+08
3.909e+08
3.91e+08
3.911e+08
3.912e+08
3.913e+08
3.914e+08
3.915e+08
3.916e+08
3.917e+08
3.918e+08
3.919e+08
3.92e+08
3.921e+08
3.922e+08
3.923e+08
3.924e+08
3.925e+08
3.926e+08
3.927e+08
3.928e+08
3.929e+08
3.93e+08
3.931e+08
3.932e+08
3.933e+08
3.934e+08
3.935e+08
3.936e+08
3.937e+08
3.938e+08
3.939e+08
3.94e+08
3.941e+08
3.942e+08
3.943e+08
3.944e+08
3.945e+08
3.946e+08
3.947e+08
3.948e+08
3.949e+08
3.95e+08
3.951e+08
3.952e+08
3.953e+08
3.954e+08
3.955e+08
3.956e+08
3.957e+08
3.958e+08
3.959e+08
3.96e+08
3.961e+08
3.962e+08
3.963e+08
3.964e+08
3.965e+08
3.966e+08
3.967e+08
3.968e+08
3.969e+08
3.97e+08
3.971e+08
3.972e+08
3.973e+08
3.974e+08
3.975e+08
3.976e+08
3.977e+08
3.978e+08
3.979e+08
3.98e+08
3.981e+08
3.982e+08
3.983e+08
3.984e+08
3.985e+08
3.986e+08
3.987e+08
3.988e+08
3.989e+08
3.99e+08
3.991e+08
3.992e+08
3.993e+08
3.994e+08
3.995e+08
3.996e+08
3.997e+08
3.998e+08
3.999e+08
4e+08
4.001e+08
4.002e+08
4.003e+08
4.004e+08
4.005e+08
4.006e+08
4.007e+08
4.008e+08
4.009e+08
4.01e+08
4.011e+08
4.012e+08
4.013e+08
4.014e+08
4.015e+08
4.016e+08
4.017e+08
4.018e+08
4.019e+08
4.02e+08
4.021e+08
4.022e+08
4.023e+08
4.024e+08
4.025e+08
4.026e+08
4.027e+08
4.028e+08
4.029e+08
4.03e+08
4.031e+08
4.032e+08
4.033e+08
4.034e+08
4.035e+08
4.036e+08
4.037e+08
4.038e+08
4.039e+08
4.04e+08
4.041e+08
4.042e+08
4.043e+08
4.044e+08
4.045e+08
4.046e+08
4.047e+08
4.048e+08
4.049e+08
4.05e+08
4.051e+08
4.052e+08
4.053e+08
4.054e+08
4.055e+08
4.056e+08
4.057e+08
4.058e+08
4.059e+08
4.06e+08
4.061e+08
4.062e+08
4.063e+08
4.064e+08
4.065e+08
4.066e+08
4.067e+08
4.068e+08
4.069e+08
4.07e+08
4.071e+08
4.072e+08
4.073e+08
4.074e+08
4.075e+08
4.076e+08
4.077e+08
4.078e+08
4.079e+08
4.08e+08
4.081e+08
4.082e+08
4.083e+08
4.084e+08
4.085e+08
4.086e+08
4.087e+08
4.088e+08
4.089e+08
4.09e+08
4.091e+08
4.092e+08
4.093e+08
4.094e+08
4.095e+08
4.096e+08
4.097e+08
4.098e+08
4.099e+08
4.1e+08
4.101e+08
4.102e+08
4.103e+08
4.104e+08
4.105e+08
4.106e+08
4.107e+08
4.108e+08
4.109e+08
4.11e+08
4.111e+08
4.112e+08
4.113e+08
4.114e+08
4.115e+08
4.116e+08
4.117e+08
4.118e+08
4.119e+08
4.12e+08
4.121e+08
4.122e+08
4.123e+08
4.124e+08
4.125e+08
4.126e+08
4.127e+08
4.128e+08
4.129e+08
4.13e+08
4.131e+08
4.132e+08
4.133e+08
4.134e+08
4.135e+08
4.136e+08
4.137e+08
4.138e+08
4.139e+08
4.14e+08
4.141e+08
4.142e+08
4.143e+08
4.144e+08
4.145e+08
4.146e+08
4.147e+08
4.148e+08
4.149e+08
4.15e+08
4.151e+08
4.152e+08
4.153e+08
4.154e+08
4.155e+08
4.156e+08
4.157e+08
4.158e+08
4.159e+08
4.16e+08
4.161e+08
4.162e+08
4.163e+08
4.164e+08
4.165e+08
4.166e+08
4.167e+08
4.168e+08
4.169e+08
4.17e+08
4.171e+08
4.172e+08
4.173e+08
4.174e+08
4.175e+08
4.176e+08
4.177e+08
4.178e+08
4.179e+08
4.18e+08
4.181e+08
4.182e+08
4.183e+08
4.184e+08
4.185e+08
4.186e+08
4.187e+08
4.188e+08
4.189e+08
4.19e+08
4.191e+08
4.192e+08
4.193e+08
4.194e+08
4.195e+08
4.196e+08
4.197e+08
4.198e+08
4.199e+08
4.2e+08
4.201e+08
4.202e+08
4.203e+08
4.204e+08
4.205e+08
4.206e+08
4.207e+08
4.208e+08
4.209e+08
4.21e+08
4.211e+08
4.212e+08
4.213e+08
4.214e+08
4.215e+08
4.216e+08
4.217e+08
4.218e+08
4.219e+08
4.22e+08
4.221e+08
4.222e+08
4.223e+08
4.224e+08
4.225e+08
4.226e+08
4.227e+08
4.228e+08
4.229e+08
4.23e+08
4.231e+08
4.232e+08
4.233e+08
4.234e+08
4.235e+08
4.236e+08
4.237e+08
4.238e+08
4.239e+08
4.24e+08
4.241e+08
4.242e+08
4.243e+08
4.244e+08
4.245e+08
4.246e+08
4.247e+08
4.248e+08
4.249e+08
4.25e+08
4.251e+08
4.252e+08
4.253e+08
4.254e+08
4.255e+08
4.256e+08
4.257e+08
4.258e+08
4.259e+08
4.26e+08
4.261e+08
4.262e+08
4.263e+08
4.264e+08
4.265e+08
4.266e+08
4.267e+08
4.268e+08
4.269e+08
4.27e+08
4.271e+08
4.272e+08
4.273e+08
4.274e+08
4.275e+08
4.276e+08
4.277e+08
4.278e+08
4.279e+08
4.28e+08
4.281e+08
4.282e+08
4.283e+08
4.284e+08
4.285e+08
4.286e+08
4.287e+08
4.288e+08
4.289e+08
4.29e+08
4.291e+08
4.292e+08
4.293e+08
4.294e+08
4.295e+08
4.296e+08
4.297e+08
4.298e+08
4.299e+08
4.3e+08
4.301e+08
4.302e+08
4.303e+08
4.304e+08
4.305e+08
4.306e+08
4.307e+08
4.308e+08
4.309e+08
4.31e+08
4.311e+08
4.312e+08
4.313e+08
4.314e+08
4.315e+08
4.316e+08
4.317e+08
4.318e+08
4.319e+08
4.32e+08
4.321e+08
4.322e+08
4.323e+08
4.324e+08
4.325e+08
4.326e+08
4.327e+08
4.328e+08
4.329e+08
4.33e+08
4.331e+08
4.332e+08
4.333e+08
4.334e+08
4.335e+08
4.336e+08
4.337e+08
4.338e+08
4.339e+08
4.34e+08
4.341e+08
4.342e+08
4.343e+08
4.344e+08
4.345e+08
4.346e+08
4.347e+08
4.348e+08
4.349e+08
4.35e+08
4.351e+08
4.352e+08
4.353e+08
4.354e+08
4.355e+08
4.356e+08
4.357e+08
4.358e+08
4.359e+08
4.36e+08
4.361e+08
4.362e+08
4.363e+08
4.364e+08
4.365e+08
4.366e+08
4.367e+08
4.368e+08
4.369e+08
4.37e+08
4.371e+08
4.372e+08
4.373e+08
4.374e+08
4.375e+08
4.376e+08
4.377e+08
4.378e+08
4.379e+08
4.38e+08
4.381e+08
4.382e+08
4.383e+08
4.384e+08
4.385e+08
4.386e+08
4.387e+08
4.388e+08
4.389e+08
4.39e+08
4.391e+08
4.392e+08
4.393e+08
4.394e+08
4.395e+08
4.396e+08
4.397e+08
4.398e+08
4.399e+08
4.4e+08
4.401e+08
4.402e+08
4.403e+08
4.404e+08
4.405e+08
4.406e+08
4.407e+08
4.408e+08
4.409e+08
4.41e+08
4.411e+08
4.412e+08
4.413e+08
4.414e+08
4.415e+08
4.416e+08
4.417e+08
4.418e+08
4.419e+08
4.42e+08
4.421e+08
4.422e+08
4.423e+08
4.424e+08
4.425e+08
4.426e+08
4.427e+08
4.428e+08
4.429e+08
4.43e+08
4.431e+08
4.432e+08
4.433e+08
4.434e+08
4.435e+08
4.436e+08
4.437e+08
4.438e+08
4.439e+08
4.44e+08
4.441e+08
4.442e+08
4.443e+08
4.444e+08
4.445e+08
4.446e+08
4.447e+08
4.448e+08
4.449e+08
4.45e+08
4.451e+08
4.452e+08
4.453e+08
4.454e+08
4.455e+08
4.456e+08
4.457e+08
4.458e+08
4.459e+08
4.46e+08
4.461e+08
4.462e+08
4.463e+08
4.464e+08
4.465e+08
4.466e+08
4.467e+08
4.468e+08
4.469e+08
4.47e+08
4.471e+08
4.472e+08
4.473e+08
4.474e+08
4.475e+08
4.476e+08
4.477e+08
4.478e+08
4.479e+08
4.48e+08
4.481e+08
4.482e+08
4.483e+08
4.484e+08
4.485e+08
4.486e+08
4.487e+08
4.488e+08
4.489e+08
4.49e+08
4.491e+08
4.492e+08
4.493e+08
4.494e+08
4.495e+08
4.496e+08
4.497e+08
4.498e+08
4.499e+08
4.5e+08
4.501e+08
4.502e+08
4.503e+08
4.504e+08
4.505e+08
4.506e+08
4.507e+08
4.508e+08
4.509e+08
4.51e+08
4.511e+08
4.512e+08
4.513e+08
4.514e+08
4.515e+08
4.516e+08
4.517e+08
4.518e+08
4.519e+08
4.52e+08
4.521e+08
4.522e+08
4.523e+08
4.524e+08
4.525e+08
4.526e+08
4.527e+08
4.528e+08
4.529e+08
4.53e+08
4.531e+08
4.532e+08
4.533e+08
4.534e+08
4.535e+08
4.536e+08
4.537e+08
4.538e+08
4.539e+08
4.54e+08
4.541e+08
4.542e+08
4.543e+08
4.544e+08
4.545e+08
4.546e+08
4.547e+08
4.548e+08
4.549e+08
4.55e+08
4.551e+08
4.552e+08
4.553e+08
4.554e+08
4.555e+08
4.556e+08
4.557e+08
4.558e+08
4.559e+08
4.56e+08
4.561e+08
4.562e+08
4.563e+08
4.564e+08
4.565e+08
4.566e+08
4.567e+08
4.568e+08
4.569e+08
4.57e+08
4.571e+08
4.572e+08
4.573e+08
4.574e+08
4.575e+08
4.576e+08
4.577e+08
4.578e+08
4.579e+08
4.58e+08
4.581e+08
4.582e+08
4.583e+08
4.584e+08
4.585e+08
4.586e+08
4.587e+08
4.588e+08
4.589e+08
4.59e+08
4.591e+08
4.592e+08
4.593e+08
4.594e+08
4.595e+08
4.596e+08
4.597e+08
4.598e+08
4.599e+08
4.6e+08
4.601e+08
4.602e+08
4.603e+08
4.604e+08
4.605e+08
4.606e+08
4.607e+08
4.608e+08
4.609e+08
4.61e+08
4.611e+08
4.612e+08
4.613e+08
4.614e+08
4.615e+08
4.616e+08
4.617e+08
4.618e+08
4.619e+08
4.62e+08
4.621e+08
4.622e+08
4.623e+08
4.624e+08
4.625e+08
4.626e+08
4.627e+08
4.628e+08
4.629e+08
4.63e+08
4.631e+08
4.632e+08
4.633e+08
4.634e+08
4.635e+08
4.636e+08
4.637e+08
4.638e+08
4.639e+08
4.64e+08
4.641e+08
4.642e+08
4.643e+08
4.644e+08
4.645e+08
4.646e+08
4.647e+08
4.648e+08
4.649e+08
4.65e+08
4.651e+08
4.652e+08
4.653e+08
4.654e+08
4.655e+08
4.656e+08
4.657e+08
4.658e+08
4.659e+08
4.66e+08
4.661e+08
4.662e+08
4.663e+08
4.664e+08
4.665e+08
4.666e+08
4.667e+08
4.668e+08
4.669e+08
4.67e+08
4.671e+08
4.672e+08
4.673e+08
4.674e+08
4.675e+08
4.676e+08
4.677e+08
4.678e+08
4.679e+08
4.68e+08
4.681e+08
4.682e+08
4.683e+08
4.684e+08
4.685e+08
4.686e+08
4.687e+08
4.688e+08
4.689e+08
4.69e+08
4.691e+08
4.692e+08
4.693e+08
4.694e+08
4.695e+08
4.696e+08
4.697e+08
4.698e+08
4.699e+08
4.7e+08
4.701e+08
4.702e+08
4.703e+08
4.704e+08
4.705e+08
4.706e+08
4.707e+08
4.708e+08
4.709e+08
4.71e+08
4.711e+08
4.712e+08
4.713e+08
4.714e+08
4.715e+08
4.716e+08
4.717e+08
4.718e+08
4.719e+08
4.72e+08
4.721e+08
4.722e+08
4.723e+08
4.724e+08
4.725e+08
4.726e+08
4.727e+08
4.728e+08
4.729e+08
4.73e+08
4.731e+08
4.732e+08
4.733e+08
4.734e+08
4.735e+08
4.736e+08
4.737e+08
4.738e+08
4.739e+08
4.74e+08
4.741e+08
4.742e+08
4.743e+08
4.744e+08
4.745e+08
4.746e+08
4.747e+08
4.748e+08
4.749e+08
4.75e+08
4.751e+08
4.752e+08
4.753e+08
4.754e+08
4.755e+08
4.756e+08
4.757e+08
4.758e+08
4.759e+08
4.76e+08
4.761e+08
4.762e+08
4.763e+08
4.764e+08
4.765e+08
4.766e+08
4.767e+08
4.768e+08
4.769e+08
4.77e+08
4.771e+08
4.772e+08
4.773e+08
4.774e+08
4.775e+08
4.776e+08
4.777e+08
4.778e+08
4.779e+08
4.78e+08
4.781e+08
4.782e+08
4.783e+08
4.784e+08
4.785e+08
4.786e+08
4.787e+08
4.788e+08
4.789e+08
4.79e+08
4.791e+08
4.792e+08
4.793e+08
4.794e+08
4.795e+08
4.796e+08
4.797e+08
4.798e+08
4.799e+08
4.8e+08
4.801e+08
4.802e+08
4.803e+08
4.804e+08
4.805e+08
4.806e+08
4.807e+08
4.808e+08
4.809e+08
4.81e+08
4.811e+08
4.812e+08
4.813e+08
4.814e+08
4.815e+08
4.816e+08
4.817e+08
4.818e+08
4.819e+08
4.82e+08
4.821e+08
4.822e+08
4.823e+08
4.824e+08
4.825e+08
4.826e+08
4.827e+08
4.828e+08
4.829e+08
4.83e+08
4.831e+08
4.832e+08
4.833e+08
4.834e+08
4.835e+08
4.836e+08
4.837e+08
4.838e+08
4.839e+08
4.84e+08
4.841e+08
4.842e+08
4.843e+08
4.844e+08
4.845e+08
4.846e+08
4.847e+08
4.848e+08
4.849e+08
4.85e+08
4.851e+08
4.852e+08
4.853e+08
4.854e+08
4.855e+08
4.856e+08
4.857e+08
4.858e+08
4.859e+08
4.86e+08
4.861e+08
4.862e+08
4.863e+08
4.864e+08
4.865e+08
4.866e+08
4.867e+08
4.868e+08
4.869e+08
4.87e+08
4.871e+08
4.872e+08
4.873e+08
4.874e+08
4.875e+08
4.876e+08
4.877e+08
4.878e+08
4.879e+08
4.88e+08
4.881e+08
4.882e+08
4.883e+08
4.884e+08
4.885e+08
4.886e+08
4.887e+08
4.888e+08
4.889e+08
4.89e+08
4.891e+08
4.892e+08
4.893e+08
4.894e+08
4.895e+08
4.896e+08
4.897e+08
4.898e+08
4.899e+08
4.9e+08
4.901e+08
4.902e+08
4.903e+08
4.904e+08
4.905e+08
4.906e+08
4.907e+08
4.908e+08
4.909e+08
4.91e+08
4.911e+08
4.912e+08
4.913e+08
4.914e+08
4.915e+08
4.916e+08
4.917e+08
4.918e+08
4.919e+08
4.92e+08
4.921e+08
4.922e+08
4.923e+08
4.924e+08
4.925e+08
4.926e+08
4.927e+08
4.928e+08
4.929e+08
4.93e+08
4.931e+08
4.932e+08
4.933e+08
4.934e+08
4.935e+08
4.936e+08
4.937e+08
4.938e+08
4.939e+08
4.94e+08
4.941e+08
4.942e+08
4.943e+08
4.944e+08
4.945e+08
4.946e+08
4.947e+08
4.948e+08
4.949e+08
4.95e+08
4.951e+08
4.952e+08
4.953e+08
4.954e+08
4.955e+08
4.956e+08
4.957e+08
4.958e+08
4.959e+08
4.96e+08
4.961e+08
4.962e+08
4.963e+08
4.964e+08
4.965e+08
4.966e+08
4.967e+08
4.968e+08
4.969e+08
4.97e+08
4.971e+08
4.972e+08
4.973e+08
4.974e+08
4.975e+08
4.976e+08
4.977e+08
4.978e+08
4.979e+08
4.98e+08
4.981e+08
4.982e+08
4.983e+08
4.984e+08
4.985e+08
4.986e+08
4.987e+08
4.988e+08
4.989e+08
4.99e+08
4.991e+08
4.992e+08
4.993e+08
4.994e+08
4.995e+08
4.996e+08
4.997e+08
4.998e+08
4.999e+08
5e+08
5.001e+08
5.002e+08
5.003e+08
5.004e+08
5.005e+08
5.006e+08
5.007e+08
5.008e+08
5.009e+08
5.01e+08
5.011e+08
5.012e+08
5.013e+08
5.014e+08
5.015e+08
5.016e+08
5.017e+08
5.018e+08
5.019e+08
5.02e+08
5.021e+08
5.022e+08
5.023e+08
5.024e+08
5.025e+08
5.026e+08
5.027e+08
5.028e+08
5.029e+08
5.03e+08
5.031e+08
5.032e+08
5.033e+08
5.034e+08
5.035e+08
5.036e+08
5.037e+08
5.038e+08
5.039e+08
5.04e+08
5.041e+08
5.042e+08
5.043e+08
5.044e+08
5.045e+08
5.046e+08
5.047e+08
5.048e+08
5.049e+08
5.05e+08
5.051e+08
5.052e+08
5.053e+08
5.054e+08
5.055e+08
5.056e+08
5.057e+08
5.058e+08
5.059e+08
5.06e+08
5.061e+08
5.062e+08
5.063e+08
5.064e+08
5.065e+08
5.066e+08
5.067e+08
5.068e+08
5.069e+08
5.07e+08
5.071e+08
5.072e+08
5.073e+08
5.074e+08
5.075e+08
5.076e+08
5.077e+08
5.078e+08
5.079e+08
5.08e+08
5.081e+08
5.082e+08
5.083e+08
5.084e+08
5.085e+08
5.086e+08
5.087e+08
5.088e+08
5.089e+08
5.09e+08
5.091e+08
5.092e+08
5.093e+08
5.094e+08
5.095e+08
5.096e+08
5.097e+08
5.098e+08
5.099e+08
5.1e+08
5.101e+08
5.102e+08
5.103e+08
5.104e+08
5.105e+08
5.106e+08
5.107e+08
5.108e+08
5.109e+08
5.11e+08
5.111e+08
5.112e+08
5.113e+08
5.114e+08
5.115e+08
5.116e+08
5.117e+08
5.118e+08
5.119e+08
5.12e+08
5.121e+08
5.122e+08
5.123e+08
5.124e+08
5.125e+08
5.126e+08
5.127e+08
5.128e+08
5.129e+08
5.13e+08
5.131e+08
5.132e+08
5.133e+08
5.134e+08
5.135e+08
5.136e+08
5.137e+08
5.138e+08
5.139e+08
5.14e+08
5.141e+08
5.142e+08
5.143e+08
5.144e+08
5.145e+08
5.146e+08
5.147e+08
5.148e+08
5.149e+08
5.15e+08
5.151e+08
5.152e+08
5.153e+08
5.154e+08
5.155e+08
5.156e+08
5.157e+08
5.158e+08
5.159e+08
5.16e+08
5.161e+08
5.162e+08
5.163e+08
5.164e+08
5.165e+08
5.166e+08
5.167e+08
5.168e+08
5.169e+08
5.17e+08
5.171e+08
5.172e+08
5.173e+08
5.174e+08
5.175e+08
5.176e+08
5.177e+08
5.178e+08
5.179e+08
5.18e+08
5.181e+08
5.182e+08
5.183e+08
5.184e+08
5.185e+08
5.186e+08
5.187e+08
5.188e+08
5.189e+08
5.19e+08
5.191e+08
5.192e+08
5.193e+08
5.194e+08
5.195e+08
5.196e+08
5.197e+08
5.198e+08
5.199e+08
5.2e+08
5.201e+08
5.202e+08
5.203e+08
5.204e+08
5.205e+08
5.206e+08
5.207e+08
5.208e+08
5.209e+08
5.21e+08
5.211e+08
5.212e+08
5.213e+08
5.214e+08
5.215e+08
5.216e+08
5.217e+08
5.218e+08
5.219e+08
5.22e+08
5.221e+08
5.222e+08
5.223e+08
5.224e+08
5.225e+08
5.226e+08
5.227e+08
5.228e+08
5.229e+08
5.23e+08
5.231e+08
5.232e+08
5.233e+08
5.234e+08
5.235e+08
5.236e+08
5.237e+08
5.238e+08
5.239e+08
5.24e+08
5.241e+08
5.242e+08
5.243e+08
5.244e+08
5.245e+08
5.246e+08
5.247e+08
5.248e+08
5.249e+08
5.25e+08
5.251e+08
5.252e+08
5.253e+08
5.254e+08
5.255e+08
5.256e+08
5.257e+08
5.258e+08
5.259e+08
5.26e+08
5.261e+08
5.262e+08
5.263e+08
5.264e+08
5.265e+08
5.266e+08
5.267e+08
5.268e+08
5.269e+08
5.27e+08
5.271e+08
5.272e+08
5.273e+08
5.274e+08
5.275e+08
5.276e+08
5.277e+08
5.278e+08
5.279e+08
5.28e+08
5.281e+08
5.282e+08
5.283e+08
5.284e+08
5.285e+08
5.286e+08
5.287e+08
5.288e+08
5.289e+08
5.29e+08
5.291e+08
5.292e+08
5.293e+08
5.294e+08
5.295e+08
5.296e+08
5.297e+08
5.298e+08
5.299e+08
5.3e+08
5.301e+08
5.302e+08
5.303e+08
5.304e+08
5.305e+08
5.306e+08
5.307e+08
5.308e+08
5.309e+08
5.31e+08
5.311e+08
5.312e+08
5.313e+08
5.314e+08
5.315e+08
5.316e+08
5.317e+08
5.318e+08
5.319e+08
5.32e+08
5.321e+08
5.322e+08
5.323e+08
5.324e+08
5.325e+08
5.326e+08
5.327e+08
5.328e+08
5.329e+08
5.33e+08
5.331e+08
5.332e+08
5.333e+08
5.334e+08
5.335e+08
5.336e+08
5.337e+08
5.338e+08
5.339e+08
5.34e+08
5.341e+08
5.342e+08
5.343e+08
5.344e+08
5.345e+08
5.346e+08
5.347e+08
5.348e+08
5.349e+08
5.35e+08
5.351e+08
5.352e+08
5.353e+08
5.354e+08
5.355e+08
5.356e+08
5.357e+08
5.358e+08
5.359e+08
5.36e+08
5.361e+08
5.362e+08
5.363e+08
5.364e+08
5.365e+08
5.366e+08
5.367e+08
5.368e+08
5.369e+08
5.37e+08
5.371e+08
5.372e+08
5.373e+08
5.374e+08
5.375e+08
5.376e+08
5.377e+08
5.378e+08
5.379e+08
5.38e+08
5.381e+08
5.382e+08
5.383e+08
5.384e+08
5.385e+08
5.386e+08
5.387e+08
5.388e+08
5.389e+08
5.39e+08
5.391e+08
5.392e+08
5.393e+08
5.394e+08
5.395e+08
5.396e+08
5.397e+08
5.398e+08
5.399e+08
5.4e+08
5.401e+08
5.402e+08
5.403e+08
5.404e+08
5.405e+08
5.406e+08
5.407e+08
5.408e+08
5.409e+08
5.41e+08
5.411e+08
5.412e+08
5.413e+08
5.414e+08
5.415e+08
5.416e+08
5.417e+08
5.418e+08
5.419e+08
5.42e+08
5.421e+08
5.422e+08
5.423e+08
5.424e+08
5.425e+08
5.426e+08
5.427e+08
5.428e+08
5.429e+08
5.43e+08
5.431e+08
5.432e+08
5.433e+08
5.434e+08
5.435e+08
5.436e+08
5.437e+08
5.438e+08
5.439e+08
5.44e+08
5.441e+08
5.442e+08
5.443e+08
5.444e+08
5.445e+08
5.446e+08
5.447e+08
5.448e+08
5.449e+08
5.45e+08
5.451e+08
5.452e+08
5.453e+08
5.454e+08
5.455e+08
5.456e+08
5.457e+08
5.458e+08
5.459e+08
5.46e+08
5.461e+08
5.462e+08
5.463e+08
5.464e+08
5.465e+08
5.466e+08
5.467e+08
5.468e+08
5.469e+08
5.47e+08
5.471e+08
5.472e+08
5.473e+08
5.474e+08
5.475e+08
5.476e+08
5.477e+08
5.478e+08
5.479e+08
5.48e+08
5.481e+08
5.482e+08
5.483e+08
5.484e+08
5.485e+08
5.486e+08
5.487e+08
5.488e+08
5.489e+08
5.49e+08
5.491e+08
5.492e+08
5.493e+08
5.494e+08
5.495e+08
5.496e+08
5.497e+08
5.498e+08
5.499e+08
5.5e+08
5.501e+08
5.502e+08
5.503e+08
5.504e+08
5.505e+08
5.506e+08
5.507e+08
5.508e+08
5.509e+08
5.51e+08
5.511e+08
5.512e+08
5.513e+08
5.514e+08
5.515e+08
5.516e+08
5.517e+08
5.518e+08
5.519e+08
5.52e+08
5.521e+08
5.522e+08
5.523e+08
5.524e+08
5.525e+08
5.526e+08
5.527e+08
5.528e+08
5.529e+08
5.53e+08
5.531e+08
5.532e+08
5.533e+08
5.534e+08
5.535e+08
5.536e+08
5.537e+08
5.538e+08
5.539e+08
5.54e+08
5.541e+08
5.542e+08
5.543e+08
5.544e+08
5.545e+08
5.546e+08
5.547e+08
5.548e+08
5.549e+08
5.55e+08
5.551e+08
5.552e+08
5.553e+08
5.554e+08
5.555e+08
5.556e+08
5.557e+08
5.558e+08
5.559e+08
5.56e+08
5.561e+08
5.562e+08
5.563e+08
5.564e+08
5.565e+08
5.566e+08
5.567e+08
5.568e+08
5.569e+08
5.57e+08
5.571e+08
5.572e+08
5.573e+08
5.574e+08
5.575e+08
5.576e+08
5.577e+08
5.578e+08
5.579e+08
5.58e+08
5.581e+08
5.582e+08
5.583e+08
5.584e+08
5.585e+08
5.586e+08
5.587e+08
5.588e+08
5.589e+08
5.59e+08
5.591e+08
5.592e+08
5.593e+08
5.594e+08
5.595e+08
5.596e+08
5.597e+08
5.598e+08
5.599e+08
5.6e+08
5.601e+08
5.602e+08
5.603e+08
5.604e+08
5.605e+08
5.606e+08
5.607e+08
5.608e+08
5.609e+08
5.61e+08
5.611e+08
5.612e+08
5.613e+08
5.614e+08
5.615e+08
5.616e+08
5.617e+08
5.618e+08
5.619e+08
5.62e+08
5.621e+08
5.622e+08
5.623e+08
5.624e+08
5.625e+08
5.626e+08
5.627e+08
5.628e+08
5.629e+08
5.63e+08
5.631e+08
5.632e+08
5.633e+08
5.634e+08
5.635e+08
5.636e+08
5.637e+08
5.638e+08
5.639e+08
5.64e+08
5.641e+08
5.642e+08
5.643e+08
5.644e+08
5.645e+08
5.646e+08
5.647e+08
5.648e+08
5.649e+08
5.65e+08
5.651e+08
5.652e+08
5.653e+08
5.654e+08
5.655e+08
5.656e+08
5.657e+08
5.658e+08
5.659e+08
5.66e+08
5.661e+08
5.662e+08
5.663e+08
5.664e+08
5.665e+08
5.666e+08
5.667e+08
5.668e+08
5.669e+08
5.67e+08
5.671e+08
5.672e+08
5.673e+08
5.674e+08
5.675e+08
5.676e+08
5.677e+08
5.678e+08
5.679e+08
5.68e+08
5.681e+08
5.682e+08
5.683e+08
5.684e+08
5.685e+08
5.686e+08
5.687e+08
5.688e+08
5.689e+08
5.69e+08
5.691e+08
5.692e+08
5.693e+08
5.694e+08
5.695e+08
5.696e+08
5.697e+08
5.698e+08
5.699e+08
5.7e+08
5.701e+08
5.702e+08
5.703e+08
5.704e+08
5.705e+08
5.706e+08
5.707e+08
5.708e+08
5.709e+08
5.71e+08
5.711e+08
5.712e+08
5.713e+08
5.714e+08
5.715e+08
5.716e+08
5.717e+08
5.718e+08
5.719e+08
5.72e+08
5.721e+08
5.722e+08
5.723e+08
5.724e+08
5.725e+08
5.726e+08
5.727e+08
5.728e+08
5.729e+08
5.73e+08
5.731e+08
5.732e+08
5.733e+08
5.734e+08
5.735e+08
5.736e+08
5.737e+08
5.738e+08
5.739e+08
5.74e+08
5.741e+08
5.742e+08
5.743e+08
5.744e+08
5.745e+08
5.746e+08
5.747e+08
5.748e+08
5.749e+08
5.75e+08
5.751e+08
5.752e+08
5.753e+08
5.754e+08
5.755e+08
5.756e+08
5.757e+08
5.758e+08
5.759e+08
5.76e+08
5.761e+08
5.762e+08
5.763e+08
5.764e+08
5.765e+08
5.766e+08
5.767e+08
5.768e+08
5.769e+08
5.77e+08
5.771e+08
5.772e+08
5.773e+08
5.774e+08
5.775e+08
5.776e+08
5.777e+08
5.778e+08
5.779e+08
5.78e+08
5.781e+08
5.782e+08
5.783e+08
5.784e+08
5.785e+08
5.786e+08
5.787e+08
5.788e+08
5.789e+08
5.79e+08
5.791e+08
5.792e+08
5.793e+08
5.794e+08
5.795e+08
5.796e+08
5.797e+08
5.798e+08
5.799e+08
5.8e+08
5.801e+08
5.802e+08
5.803e+08
5.804e+08
5.805e+08
5.806e+08
5.807e+08
5.808e+08
5.809e+08
5.81e+08
5.811e+08
5.812e+08
5.813e+08
5.814e+08
5.815e+08
5.816e+08
5.817e+08
5.818e+08
5.819e+08
5.82e+08
5.821e+08
5.822e+08
5.823e+08
5.824e+08
5.825e+08
5.826e+08
5.827e+08
5.828e+08
5.829e+08
5.83e+08
5.831e+08
5.832e+08
5.833e+08
5.834e+08
5.835e+08
5.836e+08
5.837e+08
5.838e+08
5.839e+08
5.84e+08
5.841e+08
5.842e+08
5.843e+08
5.844e+08
5.845e+08
5.846e+08
5.847e+08
5.848e+08
5.849e+08
5.85e+08
5.851e+08
5.852e+08
5.853e+08
5.854e+08
5.855e+08
5.856e+08
5.857e+08
5.858e+08
5.859e+08
5.86e+08
5.861e+08
5.862e+08
5.863e+08
5.864e+08
5.865e+08
5.866e+08
5.867e+08
5.868e+08
5.869e+08
5.87e+08
5.871e+08
5.872e+08
5.873e+08
5.874e+08
5.875e+08
5.876e+08
5.877e+08
5.878e+08
5.879e+08
5.88e+08
5.881e+08
5.882e+08
5.883e+08
5.884e+08
5.885e+08
5.886e+08
5.887e+08
5.888e+08
5.889e+08
5.89e+08
5.891e+08
5.892e+08
5.893e+08
5.894e+08
5.895e+08
5.896e+08
5.897e+08
5.898e+08
5.899e+08
5.9e+08
5.901e+08
5.902e+08
5.903e+08
5.904e+08
5.905e+08
5.906e+08
5.907e+08
5.908e+08
5.909e+08
5.91e+08
5.911e+08
5.912e+08
5.913e+08
5.914e+08
5.915e+08
5.916e+08
5.917e+08
5.918e+08
5.919e+08
5.92e+08
5.921e+08
5.922e+08
5.923e+08
5.924e+08
5.925e+08
5.926e+08
5.927e+08
5.928e+08
5.929e+08
5.93e+08
5.931e+08
5.932e+08
5.933e+08
5.934e+08
5.935e+08
5.936e+08
5.937e+08
5.938e+08
5.939e+08
5.94e+08
5.941e+08
5.942e+08
5.943e+08
5.944e+08
5.945e+08
5.946e+08
5.947e+08
5.948e+08
5.949e+08
5.95e+08
5.951e+08
5.952e+08
5.953e+08
5.954e+08
5.955e+08
5.956e+08
5.957e+08
5.958e+08
5.959e+08
5.96e+08
5.961e+08
5.962e+08
5.963e+08
5.964e+08
5.965e+08
5.966e+08
5.967e+08
5.968e+08
5.969e+08
5.97e+08
5.971e+08
5.972e+08
5.973e+08
5.974e+08
5.975e+08
5.976e+08
5.977e+08
5.978e+08
5.979e+08
5.98e+08
5.981e+08
5.982e+08
5.983e+08
5.984e+08
5.985e+08
5.986e+08
5.987e+08
5.988e+08
5.989e+08
5.99e+08
5.991e+08
5.992e+08
5.993e+08
5.994e+08
5.995e+08
5.996e+08
5.997e+08
5.998e+08
5.999e+08
6e+08
6.001e+08
6.002e+08
6.003e+08
6.004e+08
6.005e+08
6.006e+08
6.007e+08
6.008e+08
6.009e+08
6.01e+08
6.011e+08
6.012e+08
6.013e+08
6.014e+08
6.015e+08
6.016e+08
6.017e+08
6.018e+08
6.019e+08
6.02e+08
6.021e+08
6.022e+08
6.023e+08
6.024e+08
6.025e+08
6.026e+08
6.027e+08
6.028e+08
6.029e+08
6.03e+08
6.031e+08
6.032e+08
6.033e+08
6.034e+08
6.035e+08
6.036e+08
6.037e+08
6.038e+08
6.039e+08
6.04e+08
6.041e+08
6.042e+08
6.043e+08
6.044e+08
6.045e+08
6.046e+08
6.047e+08
6.048e+08
6.049e+08
6.05e+08
6.051e+08
6.052e+08
6.053e+08
6.054e+08
6.055e+08
6.056e+08
6.057e+08
6.058e+08
6.059e+08
6.06e+08
6.061e+08
6.062e+08
6.063e+08
6.064e+08
6.065e+08
6.066e+08
6.067e+08
6.068e+08
6.069e+08
6.07e+08
6.071e+08
6.072e+08
6.073e+08
6.074e+08
6.075e+08
6.076e+08
6.077e+08
6.078e+08
6.079e+08
6.08e+08
6.081e+08
6.082e+08
6.083e+08
6.084e+08
6.085e+08
6.086e+08
6.087e+08
6.088e+08
6.089e+08
6.09e+08
6.091e+08
6.092e+08
6.093e+08
6.094e+08
6.095e+08
6.096e+08
6.097e+08
6.098e+08
6.099e+08
6.1e+08
6.101e+08
6.102e+08
6.103e+08
6.104e+08
6.105e+08
6.106e+08
6.107e+08
6.108e+08
6.109e+08
6.11e+08
6.111e+08
6.112e+08
6.113e+08
6.114e+08
6.115e+08
6.116e+08
6.117e+08
6.118e+08
6.119e+08
6.12e+08
6.121e+08
6.122e+08
6.123e+08
6.124e+08
6.125e+08
6.126e+08
6.127e+08
6.128e+08
6.129e+08
6.13e+08
6.131e+08
6.132e+08
6.133e+08
6.134e+08
6.135e+08
6.136e+08
6.137e+08
6.138e+08
6.139e+08
6.14e+08
6.141e+08
6.142e+08
6.143e+08
6.144e+08
6.145e+08
6.146e+08
6.147e+08
6.148e+08
6.149e+08
6.15e+08
6.151e+08
6.152e+08
6.153e+08
6.154e+08
6.155e+08
6.156e+08
6.157e+08
6.158e+08
6.159e+08
6.16e+08
6.161e+08
6.162e+08
6.163e+08
6.164e+08
6.165e+08
6.166e+08
6.167e+08
6.168e+08
6.169e+08
6.17e+08
6.171e+08
6.172e+08
6.173e+08
6.174e+08
6.175e+08
6.176e+08
6.177e+08
6.178e+08
6.179e+08
6.18e+08
6.181e+08
6.182e+08
6.183e+08
6.184e+08
6.185e+08
6.186e+08
6.187e+08
6.188e+08
6.189e+08
6.19e+08
6.191e+08
6.192e+08
6.193e+08
6.194e+08
6.195e+08
6.196e+08
6.197e+08
6.198e+08
6.199e+08
6.2e+08
6.201e+08
6.202e+08
6.203e+08
6.204e+08
6.205e+08
6.206e+08
6.207e+08
6.208e+08
6.209e+08
6.21e+08
6.211e+08
6.212e+08
6.213e+08
6.214e+08
6.215e+08
6.216e+08
6.217e+08
6.218e+08
6.219e+08
6.22e+08
6.221e+08
6.222e+08
6.223e+08
6.224e+08
6.225e+08
6.226e+08
6.227e+08
6.228e+08
6.229e+08
6.23e+08
6.231e+08
6.232e+08
6.233e+08
6.234e+08
6.235e+08
6.236e+08
6.237e+08
6.238e+08
6.239e+08
6.24e+08
6.241e+08
6.242e+08
6.243e+08
6.244e+08
6.245e+08
6.246e+08
6.247e+08
6.248e+08
6.249e+08
6.25e+08
6.251e+08
6.252e+08
6.253e+08
6.254e+08
6.255e+08
6.256e+08
6.257e+08
6.258e+08
6.259e+08
6.26e+08
6.261e+08
6.262e+08
6.263e+08
6.264e+08
6.265e+08
6.266e+08
6.267e+08
6.268e+08
6.269e+08
6.27e+08
6.271e+08
6.272e+08
6.273e+08
6.274e+08
6.275e+08
6.276e+08
6.277e+08
6.278e+08
6.279e+08
6.28e+08
6.281e+08
6.282e+08
6.283e+08
6.284e+08
6.285e+08
6.286e+08
6.287e+08
6.288e+08
6.289e+08
6.29e+08
6.291e+08
6.292e+08
6.293e+08
6.294e+08
6.295e+08
6.296e+08
6.297e+08
6.298e+08
6.299e+08
6.3e+08
6.301e+08
6.302e+08
6.303e+08
6.304e+08
6.305e+08
6.306e+08
6.307e+08
6.308e+08
6.309e+08
6.31e+08
6.311e+08
6.312e+08
6.313e+08
6.314e+08
6.315e+08
6.316e+08
6.317e+08
6.318e+08
6.319e+08
6.32e+08
6.321e+08
6.322e+08
6.323e+08
6.324e+08
6.325e+08
6.326e+08
6.327e+08
6.328e+08
6.329e+08
6.33e+08
6.331e+08
6.332e+08
6.333e+08
6.334e+08
6.335e+08
6.336e+08
6.337e+08
6.338e+08
6.339e+08
6.34e+08
6.341e+08
6.342e+08
6.343e+08
6.344e+08
6.345e+08
6.346e+08
6.347e+08
6.348e+08
6.349e+08
6.35e+08
6.351e+08
6.352e+08
6.353e+08
6.354e+08
6.355e+08
6.356e+08
6.357e+08
6.358e+08
6.359e+08
6.36e+08
6.361e+08
6.362e+08
6.363e+08
6.364e+08
6.365e+08
6.366e+08
6.367e+08
6.368e+08
6.369e+08
6.37e+08
6.371e+08
6.372e+08
6.373e+08
6.374e+08
6.375e+08
6.376e+08
6.377e+08
6.378e+08
6.379e+08
6.38e+08
6.381e+08
6.382e+08
6.383e+08
6.384e+08
6.385e+08
6.386e+08
6.387e+08
6.388e+08
6.389e+08
6.39e+08
6.391e+08
6.392e+08
6.393e+08
6.394e+08
6.395e+08
6.396e+08
6.397e+08
6.398e+08
6.399e+08
6.4e+08
6.401e+08
6.402e+08
6.403e+08
6.404e+08
6.405e+08
6.406e+08
6.407e+08
6.408e+08
6.409e+08
6.41e+08
6.411e+08
6.412e+08
6.413e+08
6.414e+08
6.415e+08
6.416e+08
6.417e+08
6.418e+08
6.419e+08
6.42e+08
6.421e+08
6.422e+08
6.423e+08
6.424e+08
6.425e+08
6.426e+08
6.427e+08
6.428e+08
6.429e+08
6.43e+08
6.431e+08
6.432e+08
6.433e+08
6.434e+08
6.435e+08
6.436e+08
6.437e+08
6.438e+08
6.439e+08
6.44e+08
6.441e+08
6.442e+08
6.443e+08
6.444e+08
6.445e+08
6.446e+08
6.447e+08
6.448e+08
6.449e+08
6.45e+08
6.451e+08
6.452e+08
6.453e+08
6.454e+08
6.455e+08
6.456e+08
6.457e+08
6.458e+08
6.459e+08
6.46e+08
6.461e+08
6.462e+08
6.463e+08
6.464e+08
6.465e+08
6.466e+08
6.467e+08
6.468e+08
6.469e+08
6.47e+08
6.471e+08
6.472e+08
6.473e+08
6.474e+08
6.475e+08
6.476e+08
6.477e+08
6.478e+08
6.479e+08
6.48e+08
6.481e+08
6.482e+08
6.483e+08
6.484e+08
6.485e+08
6.486e+08
6.487e+08
6.488e+08
6.489e+08
6.49e+08
6.491e+08
6.492e+08
6.493e+08
6.494e+08
6.495e+08
6.496e+08
6.497e+08
6.498e+08
6.499e+08
6.5e+08
6.501e+08
6.502e+08
6.503e+08
6.504e+08
6.505e+08
6.506e+08
6.507e+08
6.508e+08
6.509e+08
6.51e+08
6.511e+08
6.512e+08
6.513e+08
6.514e+08
6.515e+08
6.516e+08
6.517e+08
6.518e+08
6.519e+08
6.52e+08
6.521e+08
6.522e+08
6.523e+08
6.524e+08
6.525e+08
6.526e+08
6.527e+08
6.528e+08
6.529e+08
6.53e+08
6.531e+08
6.532e+08
6.533e+08
6.534e+08
6.535e+08
6.536e+08
6.537e+08
6.538e+08
6.539e+08
6.54e+08
6.541e+08
6.542e+08
6.543e+08
6.544e+08
6.545e+08
6.546e+08
6.547e+08
6.548e+08
6.549e+08
6.55e+08
6.551e+08
6.552e+08
6.553e+08
6.554e+08
6.555e+08
6.556e+08
6.557e+08
6.558e+08
6.559e+08
6.56e+08
6.561e+08
6.562e+08
6.563e+08
6.564e+08
6.565e+08
6.566e+08
6.567e+08
6.568e+08
6.569e+08
6.57e+08
6.571e+08
6.572e+08
6.573e+08
6.574e+08
6.575e+08
6.576e+08
6.577e+08
6.578e+08
6.579e+08
6.58e+08
6.581e+08
6.582e+08
6.583e+08
6.584e+08
6.585e+08
6.586e+08
6.587e+08
6.588e+08
6.589e+08
6.59e+08
6.591e+08
6.592e+08
6.593e+08
6.594e+08
6.595e+08
6.596e+08
6.597e+08
6.598e+08
6.599e+08
6.6e+08
6.601e+08
6.602e+08
6.603e+08
6.604e+08
6.605e+08
6.606e+08
6.607e+08
6.608e+08
6.609e+08
6.61e+08
6.611e+08
6.612e+08
6.613e+08
6.614e+08
6.615e+08
6.616e+08
6.617e+08
6.618e+08
6.619e+08
6.62e+08
6.621e+08
6.622e+08
6.623e+08
6.624e+08
6.625e+08
6.626e+08
6.627e+08
6.628e+08
6.629e+08
6.63e+08
6.631e+08
6.632e+08
6.633e+08
6.634e+08
6.635e+08
6.636e+08
6.637e+08
6.638e+08
6.639e+08
6.64e+08
6.641e+08
6.642e+08
6.643e+08
6.644e+08
6.645e+08
6.646e+08
6.647e+08
6.648e+08
6.649e+08
6.65e+08
6.651e+08
6.652e+08
6.653e+08
6.654e+08
6.655e+08
6.656e+08
6.657e+08
6.658e+08
6.659e+08
6.66e+08
6.661e+08
6.662e+08
6.663e+08
6.664e+08
6.665e+08
6.666e+08
6.667e+08
6.668e+08
6.669e+08
6.67e+08
6.671e+08
6.672e+08
6.673e+08
6.674e+08
6.675e+08
6.676e+08
6.677e+08
6.678e+08
6.679e+08
6.68e+08
6.681e+08
6.682e+08
6.683e+08
6.684e+08
6.685e+08
6.686e+08
6.687e+08
6.688e+08
6.689e+08
6.69e+08
6.691e+08
6.692e+08
6.693e+08
6.694e+08
6.695e+08
6.696e+08
6.697e+08
6.698e+08
6.699e+08
6.7e+08
6.701e+08
6.702e+08
6.703e+08
6.704e+08
6.705e+08
6.706e+08
6.707e+08
6.708e+08
6.709e+08
6.71e+08
6.711e+08
6.712e+08
6.713e+08
6.714e+08
6.715e+08
6.716e+08
6.717e+08
6.718e+08
6.719e+08
6.72e+08
6.721e+08
6.722e+08
6.723e+08
6.724e+08
6.725e+08
6.726e+08
6.727e+08
6.728e+08
6.729e+08
6.73e+08
6.731e+08
6.732e+08
6.733e+08
6.734e+08
6.735e+08
6.736e+08
6.737e+08
6.738e+08
6.739e+08
6.74e+08
6.741e+08
6.742e+08
6.743e+08
6.744e+08
6.745e+08
6.746e+08
6.747e+08
6.748e+08
6.749e+08
6.75e+08
6.751e+08
6.752e+08
6.753e+08
6.754e+08
6.755e+08
6.756e+08
6.757e+08
6.758e+08
6.759e+08
6.76e+08
6.761e+08
6.762e+08
6.763e+08
6.764e+08
6.765e+08
6.766e+08
6.767e+08
6.768e+08
6.769e+08
6.77e+08
6.771e+08
6.772e+08
6.773e+08
6.774e+08
6.775e+08
6.776e+08
6.777e+08
6.778e+08
6.779e+08
6.78e+08
6.781e+08
6.782e+08
6.783e+08
6.784e+08
6.785e+08
6.786e+08
6.787e+08
6.788e+08
6.789e+08
6.79e+08
6.791e+08
6.792e+08
6.793e+08
6.794e+08
6.795e+08
6.796e+08
6.797e+08
6.798e+08
6.799e+08
6.8e+08
6.801e+08
6.802e+08
6.803e+08
6.804e+08
6.805e+08
6.806e+08
6.807e+08
6.808e+08
6.809e+08
6.81e+08
6.811e+08
6.812e+08
6.813e+08
6.814e+08
6.815e+08
6.816e+08
6.817e+08
6.818e+08
6.819e+08
6.82e+08
6.821e+08
6.822e+08
6.823e+08
6.824e+08
6.825e+08
6.826e+08
6.827e+08
6.828e+08
6.829e+08
6.83e+08
6.831e+08
6.832e+08
6.833e+08
6.834e+08
6.835e+08
6.836e+08
6.837e+08
6.838e+08
6.839e+08
6.84e+08
6.841e+08
6.842e+08
6.843e+08
6.844e+08
6.845e+08
6.846e+08
6.847e+08
6.848e+08
6.849e+08
6.85e+08
6.851e+08
6.852e+08
6.853e+08
6.854e+08
6.855e+08
6.856e+08
6.857e+08
6.858e+08
6.859e+08
6.86e+08
6.861e+08
6.862e+08
6.863e+08
6.864e+08
6.865e+08
6.866e+08
6.867e+08
6.868e+08
6.869e+08
6.87e+08
6.871e+08
6.872e+08
6.873e+08
6.874e+08
6.875e+08
6.876e+08
6.877e+08
6.878e+08
6.879e+08
6.88e+08
6.881e+08
6.882e+08
6.883e+08
6.884e+08
6.885e+08
6.886e+08
6.887e+08
6.888e+08
6.889e+08
6.89e+08
6.891e+08
6.892e+08
6.893e+08
6.894e+08
6.895e+08
6.896e+08
6.897e+08
6.898e+08
6.899e+08
6.9e+08
6.901e+08
6.902e+08
6.903e+08
6.904e+08
6.905e+08
6.906e+08
6.907e+08
6.908e+08
6.909e+08
6.91e+08
6.911e+08
6.912e+08
6.913e+08
6.914e+08
6.915e+08
6.916e+08
6.917e+08
6.918e+08
6.919e+08
6.92e+08
6.921e+08
6.922e+08
6.923e+08
6.924e+08
6.925e+08
6.926e+08
6.927e+08
6.928e+08
6.929e+08
6.93e+08
6.931e+08
6.932e+08
6.933e+08
6.934e+08
6.935e+08
6.936e+08
6.937e+08
6.938e+08
6.939e+08
6.94e+08
6.941e+08
6.942e+08
6.943e+08
6.944e+08
6.945e+08
6.946e+08
6.947e+08
6.948e+08
6.949e+08
6.95e+08
6.951e+08
6.952e+08
6.953e+08
6.954e+08
6.955e+08
6.956e+08
6.957e+08
6.958e+08
6.959e+08
6.96e+08
6.961e+08
6.962e+08
6.963e+08
6.964e+08
6.965e+08
6.966e+08
6.967e+08
6.968e+08
6.969e+08
6.97e+08
6.971e+08
6.972e+08
6.973e+08
6.974e+08
6.975e+08
6.976e+08
6.977e+08
6.978e+08
6.979e+08
6.98e+08
6.981e+08
6.982e+08
6.983e+08
6.984e+08
6.985e+08
6.986e+08
6.987e+08
6.988e+08
6.989e+08
6.99e+08
6.991e+08
6.992e+08
6.993e+08
6.994e+08
6.995e+08
6.996e+08
6.997e+08
6.998e+08
6.999e+08
7e+08
7.001e+08
7.002e+08
7.003e+08
7.004e+08
7.005e+08
7.006e+08
7.007e+08
7.008e+08
7.009e+08
7.01e+08
7.011e+08
7.012e+08
7.013e+08
7.014e+08
7.015e+08
7.016e+08
7.017e+08
7.018e+08
7.019e+08
7.02e+08
7.021e+08
7.022e+08
7.023e+08
7.024e+08
7.025e+08
7.026e+08
7.027e+08
7.028e+08
7.029e+08
7.03e+08
7.031e+08
7.032e+08
7.033e+08
7.034e+08
7.035e+08
7.036e+08
7.037e+08
7.038e+08
7.039e+08
7.04e+08
7.041e+08
7.042e+08
7.043e+08
7.044e+08
7.045e+08
7.046e+08
7.047e+08
7.048e+08
7.049e+08
7.05e+08
7.051e+08
7.052e+08
7.053e+08
7.054e+08
7.055e+08
7.056e+08
7.057e+08
7.058e+08
7.059e+08
7.06e+08
7.061e+08
7.062e+08
7.063e+08
7.064e+08
7.065e+08
7.066e+08
7.067e+08
7.068e+08
7.069e+08
7.07e+08
7.071e+08
7.072e+08
7.073e+08
7.074e+08
7.075e+08
7.076e+08
7.077e+08
7.078e+08
7.079e+08
7.08e+08
7.081e+08
7.082e+08
7.083e+08
7.084e+08
7.085e+08
7.086e+08
7.087e+08
7.088e+08
7.089e+08
7.09e+08
7.091e+08
7.092e+08
7.093e+08
7.094e+08
7.095e+08
7.096e+08
7.097e+08
7.098e+08
7.099e+08
7.1e+08
7.101e+08
7.102e+08
7.103e+08
7.104e+08
7.105e+08
7.106e+08
7.107e+08
7.108e+08
7.109e+08
7.11e+08
7.111e+08
7.112e+08
7.113e+08
7.114e+08
7.115e+08
7.116e+08
7.117e+08
7.118e+08
7.119e+08
7.12e+08
7.121e+08
7.122e+08
7.123e+08
7.124e+08
7.125e+08
7.126e+08
7.127e+08
7.128e+08
7.129e+08
7.13e+08
7.131e+08
7.132e+08
7.133e+08
7.134e+08
7.135e+08
7.136e+08
7.137e+08
7.138e+08
7.139e+08
7.14e+08
7.141e+08
7.142e+08
7.143e+08
7.144e+08
7.145e+08
7.146e+08
7.147e+08
7.148e+08
7.149e+08
7.15e+08
7.151e+08
7.152e+08
7.153e+08
7.154e+08
7.155e+08
7.156e+08
7.157e+08
7.158e+08
7.159e+08
7.16e+08
7.161e+08
7.162e+08
7.163e+08
7.164e+08
7.165e+08
7.166e+08
7.167e+08
7.168e+08
7.169e+08
7.17e+08
7.171e+08
7.172e+08
7.173e+08
7.174e+08
7.175e+08
7.176e+08
7.177e+08
7.178e+08
7.179e+08
7.18e+08
7.181e+08
7.182e+08
7.183e+08
7.184e+08
7.185e+08
7.186e+08
7.187e+08
7.188e+08
7.189e+08
7.19e+08
7.191e+08
7.192e+08
7.193e+08
7.194e+08
7.195e+08
7.196e+08
7.197e+08
7.198e+08
7.199e+08
7.2e+08
7.201e+08
7.202e+08
7.203e+08
7.204e+08
7.205e+08
7.206e+08
7.207e+08
7.208e+08
7.209e+08
7.21e+08
7.211e+08
7.212e+08
7.213e+08
7.214e+08
7.215e+08
7.216e+08
7.217e+08
7.218e+08
7.219e+08
7.22e+08
7.221e+08
7.222e+08
7.223e+08
7.224e+08
7.225e+08
7.226e+08
7.227e+08
7.228e+08
7.229e+08
7.23e+08
7.231e+08
7.232e+08
7.233e+08
7.234e+08
7.235e+08
7.236e+08
7.237e+08
7.238e+08
7.239e+08
7.24e+08
7.241e+08
7.242e+08
7.243e+08
7.244e+08
7.245e+08
7.246e+08
7.247e+08
7.248e+08
7.249e+08
7.25e+08
7.251e+08
7.252e+08
7.253e+08
7.254e+08
7.255e+08
7.256e+08
7.257e+08
7.258e+08
7.259e+08
7.26e+08
7.261e+08
7.262e+08
7.263e+08
7.264e+08
7.265e+08
7.266e+08
7.267e+08
7.268e+08
7.269e+08
7.27e+08
7.271e+08
7.272e+08
7.273e+08
7.274e+08
7.275e+08
7.276e+08
7.277e+08
7.278e+08
7.279e+08
7.28e+08
7.281e+08
7.282e+08
7.283e+08
7.284e+08
7.285e+08
7.286e+08
7.287e+08
7.288e+08
7.289e+08
7.29e+08
7.291e+08
7.292e+08
7.293e+08
7.294e+08
7.295e+08
7.296e+08
7.297e+08
7.298e+08
7.299e+08
7.3e+08
7.301e+08
7.302e+08
7.303e+08
7.304e+08
7.305e+08
7.306e+08
7.307e+08
7.308e+08
7.309e+08
7.31e+08
7.311e+08
7.312e+08
7.313e+08
7.314e+08
7.315e+08
7.316e+08
7.317e+08
7.318e+08
7.319e+08
7.32e+08
7.321e+08
7.322e+08
7.323e+08
7.324e+08
7.325e+08
7.326e+08
7.327e+08
7.328e+08
7.329e+08
7.33e+08
7.331e+08
7.332e+08
7.333e+08
7.334e+08
7.335e+08
7.336e+08
7.337e+08
7.338e+08
7.339e+08
7.34e+08
7.341e+08
7.342e+08
7.343e+08
7.344e+08
7.345e+08
7.346e+08
7.347e+08
7.348e+08
7.349e+08
7.35e+08
7.351e+08
7.352e+08
7.353e+08
7.354e+08
7.355e+08
7.356e+08
7.357e+08
7.358e+08
7.359e+08
7.36e+08
7.361e+08
7.362e+08
7.363e+08
7.364e+08
7.365e+08
7.366e+08
7.367e+08
7.368e+08
7.369e+08
7.37e+08
7.371e+08
7.372e+08
7.373e+08
7.374e+08
7.375e+08
7.376e+08
7.377e+08
7.378e+08
7.379e+08
7.38e+08
7.381e+08
7.382e+08
7.383e+08
7.384e+08
7.385e+08
7.386e+08
7.387e+08
7.388e+08
7.389e+08
7.39e+08
7.391e+08
7.392e+08
7.393e+08
7.394e+08
7.395e+08
7.396e+08
7.397e+08
7.398e+08
7.399e+08
7.4e+08
7.401e+08
7.402e+08
7.403e+08
7.404e+08
7.405e+08
7.406e+08
7.407e+08
7.408e+08
7.409e+08
7.41e+08
7.411e+08
7.412e+08
7.413e+08
7.414e+08
7.415e+08
7.416e+08
7.417e+08
7.418e+08
7.419e+08
7.42e+08
7.421e+08
7.422e+08
7.423e+08
7.424e+08
7.425e+08
7.426e+08
7.427e+08
7.428e+08
7.429e+08
7.43e+08
7.431e+08
7.432e+08
7.433e+08
7.434e+08
7.435e+08
7.436e+08
7.437e+08
7.438e+08
7.439e+08
7.44e+08
7.441e+08
7.442e+08
7.443e+08
7.444e+08
7.445e+08
7.446e+08
7.447e+08
7.448e+08
7.449e+08
7.45e+08
7.451e+08
7.452e+08
7.453e+08
7.454e+08
7.455e+08
7.456e+08
7.457e+08
7.458e+08
7.459e+08
7.46e+08
7.461e+08
7.462e+08
7.463e+08
7.464e+08
7.465e+08
7.466e+08
7.467e+08
7.468e+08
7.469e+08
7.47e+08
7.471e+08
7.472e+08
7.473e+08
7.474e+08
7.475e+08
7.476e+08
7.477e+08
7.478e+08
7.479e+08
7.48e+08
7.481e+08
7.482e+08
7.483e+08
7.484e+08
7.485e+08
7.486e+08
7.487e+08
7.488e+08
7.489e+08
7.49e+08
7.491e+08
7.492e+08
7.493e+08
7.494e+08
7.495e+08
7.496e+08
7.497e+08
7.498e+08
7.499e+08
7.5e+08
7.501e+08
7.502e+08
7.503e+08
7.504e+08
7.505e+08
7.506e+08
7.507e+08
7.508e+08
7.509e+08
7.51e+08
7.511e+08
7.512e+08
7.513e+08
7.514e+08
7.515e+08
7.516e+08
7.517e+08
7.518e+08
7.519e+08
7.52e+08
7.521e+08
7.522e+08
7.523e+08
7.524e+08
7.525e+08
7.526e+08
7.527e+08
7.528e+08
7.529e+08
7.53e+08
7.531e+08
7.532e+08
7.533e+08
7.534e+08
7.535e+08
7.536e+08
7.537e+08
7.538e+08
7.539e+08
7.54e+08
7.541e+08
7.542e+08
7.543e+08
7.544e+08
7.545e+08
7.546e+08
7.547e+08
7.548e+08
7.549e+08
7.55e+08
7.551e+08
7.552e+08
7.553e+08
7.554e+08
7.555e+08
7.556e+08
7.557e+08
7.558e+08
7.559e+08
7.56e+08
7.561e+08
7.562e+08
7.563e+08
7.564e+08
7.565e+08
7.566e+08
7.567e+08
7.568e+08
7.569e+08
7.57e+08
7.571e+08
7.572e+08
7.573e+08
7.574e+08
7.575e+08
7.576e+08
7.577e+08
7.578e+08
7.579e+08
7.58e+08
7.581e+08
7.582e+08
7.583e+08
7.584e+08
7.585e+08
7.586e+08
7.587e+08
7.588e+08
7.589e+08
7.59e+08
7.591e+08
7.592e+08
7.593e+08
7.594e+08
7.595e+08
7.596e+08
7.597e+08
7.598e+08
7.599e+08
7.6e+08
7.601e+08
7.602e+08
7.603e+08
7.604e+08
7.605e+08
7.606e+08
7.607e+08
7.608e+08
7.609e+08
7.61e+08
7.611e+08
7.612e+08
7.613e+08
7.614e+08
7.615e+08
7.616e+08
7.617e+08
7.618e+08
7.619e+08
7.62e+08
7.621e+08
7.622e+08
7.623e+08
7.624e+08
7.625e+08
7.626e+08
7.627e+08
7.628e+08
7.629e+08
7.63e+08
7.631e+08
7.632e+08
7.633e+08
7.634e+08
7.635e+08
7.636e+08
7.637e+08
7.638e+08
7.639e+08
7.64e+08
7.641e+08
7.642e+08
7.643e+08
7.644e+08
7.645e+08
7.646e+08
7.647e+08
7.648e+08
7.649e+08
7.65e+08
7.651e+08
7.652e+08
7.653e+08
7.654e+08
7.655e+08
7.656e+08
7.657e+08
7.658e+08
7.659e+08
7.66e+08
7.661e+08
7.662e+08
7.663e+08
7.664e+08
7.665e+08
7.666e+08
7.667e+08
7.668e+08
7.669e+08
7.67e+08
7.671e+08
7.672e+08
7.673e+08
7.674e+08
7.675e+08
7.676e+08
7.677e+08
7.678e+08
7.679e+08
7.68e+08
7.681e+08
7.682e+08
7.683e+08
7.684e+08
7.685e+08
7.686e+08
7.687e+08
7.688e+08
7.689e+08
7.69e+08
7.691e+08
7.692e+08
7.693e+08
7.694e+08
7.695e+08
7.696e+08
7.697e+08
7.698e+08
7.699e+08
7.7e+08
7.701e+08
7.702e+08
7.703e+08
7.704e+08
7.705e+08
7.706e+08
7.707e+08
7.708e+08
7.709e+08
7.71e+08
7.711e+08
7.712e+08
7.713e+08
7.714e+08
7.715e+08
7.716e+08
7.717e+08
7.718e+08
7.719e+08
7.72e+08
7.721e+08
7.722e+08
7.723e+08
7.724e+08
7.725e+08
7.726e+08
7.727e+08
7.728e+08
7.729e+08
7.73e+08
7.731e+08
7.732e+08
7.733e+08
7.734e+08
7.735e+08
7.736e+08
7.737e+08
7.738e+08
7.739e+08
7.74e+08
7.741e+08
7.742e+08
7.743e+08
7.744e+08
7.745e+08
7.746e+08
7.747e+08
7.748e+08
7.749e+08
7.75e+08
7.751e+08
7.752e+08
7.753e+08
7.754e+08
7.755e+08
7.756e+08
7.757e+08
7.758e+08
7.759e+08
7.76e+08
7.761e+08
7.762e+08
7.763e+08
7.764e+08
7.765e+08
7.766e+08
7.767e+08
7.768e+08
7.769e+08
7.77e+08
7.771e+08
7.772e+08
7.773e+08
7.774e+08
7.775e+08
7.776e+08
7.777e+08
7.778e+08
7.779e+08
7.78e+08
7.781e+08
7.782e+08
7.783e+08
7.784e+08
7.785e+08
7.786e+08
7.787e+08
7.788e+08
7.789e+08
7.79e+08
7.791e+08
7.792e+08
7.793e+08
7.794e+08
7.795e+08
7.796e+08
7.797e+08
7.798e+08
7.799e+08
7.8e+08
7.801e+08
7.802e+08
7.803e+08
7.804e+08
7.805e+08
7.806e+08
7.807e+08
7.808e+08
7.809e+08
7.81e+08
7.811e+08
7.812e+08
7.813e+08
7.814e+08
7.815e+08
7.816e+08
7.817e+08
7.818e+08
7.819e+08
7.82e+08
7.821e+08
7.822e+08
7.823e+08
7.824e+08
7.825e+08
7.826e+08
7.827e+08
7.828e+08
7.829e+08
7.83e+08
7.831e+08
7.832e+08
7.833e+08
7.834e+08
7.835e+08
7.836e+08
7.837e+08
7.838e+08
7.839e+08
7.84e+08
7.841e+08
7.842e+08
7.843e+08
7.844e+08
7.845e+08
7.846e+08
7.847e+08
7.848e+08
7.849e+08
7.85e+08
7.851e+08
7.852e+08
7.853e+08
7.854e+08
7.855e+08
7.856e+08
7.857e+08
7.858e+08
7.859e+08
7.86e+08
7.861e+08
7.862e+08
7.863e+08
7.864e+08
7.865e+08
7.866e+08
7.867e+08
7.868e+08
7.869e+08
7.87e+08
7.871e+08
7.872e+08
7.873e+08
7.874e+08
7.875e+08
7.876e+08
7.877e+08
7.878e+08
7.879e+08
7.88e+08
7.881e+08
7.882e+08
7.883e+08
7.884e+08
7.885e+08
7.886e+08
7.887e+08
7.888e+08
7.889e+08
7.89e+08
7.891e+08
7.892e+08
7.893e+08
7.894e+08
7.895e+08
7.896e+08
7.897e+08
7.898e+08
7.899e+08
7.9e+08
7.901e+08
7.902e+08
7.903e+08
7.904e+08
7.905e+08
7.906e+08
7.907e+08
7.908e+08
7.909e+08
7.91e+08
7.911e+08
7.912e+08
7.913e+08
7.914e+08
7.915e+08
7.916e+08
7.917e+08
7.918e+08
7.919e+08
7.92e+08
7.921e+08
7.922e+08
7.923e+08
7.924e+08
7.925e+08
7.926e+08
7.927e+08
7.928e+08
7.929e+08
7.93e+08
7.931e+08
7.932e+08
7.933e+08
7.934e+08
7.935e+08
7.936e+08
7.937e+08
7.938e+08
7.939e+08
7.94e+08
7.941e+08
7.942e+08
7.943e+08
7.944e+08
7.945e+08
7.946e+08
7.947e+08
7.948e+08
7.949e+08
7.95e+08
7.951e+08
7.952e+08
7.953e+08
7.954e+08
7.955e+08
7.956e+08
7.957e+08
7.958e+08
7.959e+08
7.96e+08
7.961e+08
7.962e+08
7.963e+08
7.964e+08
7.965e+08
7.966e+08
7.967e+08
7.968e+08
7.969e+08
7.97e+08
7.971e+08
7.972e+08
7.973e+08
7.974e+08
7.975e+08
7.976e+08
7.977e+08
7.978e+08
7.979e+08
7.98e+08
7.981e+08
7.982e+08
