0.00124358
0.00135741
0.00146961
0.00158024
0.00168934
0.00179697
0.00190318
0.00200801
0.0021115
0.00221369
0.00231463
0.00241435
0.00251289
0.00261027
0.00270653
0.0028017
0.00289581
0.00298888
0.00308094
0.00317202
0.00326215
0.00335133
0.0034396
0.00352698
0.00361348
0.00369914
0.00378395
0.00386795
0.00395116
0.00403358
0.00411523
0.00419613
0.0042763
0.00435575
0.00443449
0.00451254
0.0045899
0.0046666
0.00474264
0.00481804
0.00489281
0.00496696
0.00504049
0.00511342
0.00518577
0.00525753
0.00532873
0.00539936
0.00546944
0.00553897
0.00560797
0.00567644
0.00574439
0.00581183
0.00587877
0.00594521
0.00601116
0.00607662
0.00614161
0.00620613
0.00627019
0.00633379
0.00639694
0.00645965
0.00652191
0.00658375
0.00664515
0.00670614
0.0067667
0.00682686
0.0068866
0.00694595
0.00700489
0.00706345
0.00712162
0.0071794
0.0072368
0.00729383
0.00735049
0.00740679
0.00746272
0.00751829
0.0075735
0.00762837
0.00768289
0.00773706
0.0077909
0.0078444
0.00789756
0.0079504
0.00800291
0.00805509
0.00810696
0.00815851
0.00820974
0.00826066
0.00831128
0.00836159
0.0084116
0.0084613
0.00851072
0.00855983
0.00860866
0.00865719
0.00870544
0.00875341
0.0088011
0.0088485
0.00889563
0.00894249
0.00898907
0.00903538
0.00908143
0.00912721
0.00917272
0.00921798
0.00926298
0.00930772
0.0093522
0.00939644
0.00944042
0.00948415
0.00952764
0.00957088
0.00961388
0.00965663
0.00969915
0.00974143
0.00978347
0.00982528
0.00986686
0.0099082
0.00994932
0.00999021
0.0100309
0.0100713
0.0101115
0.0101515
0.0101913
0.0102308
0.0102702
0.0103093
0.0103482
0.0103869
0.0104254
0.0104637
0.0105018
0.0105396
0.0105773
0.0106147
0.010652
0.0106891
0.0107259
0.0107626
0.010799
0.0108353
0.0108713
0.0109072
0.0109429
0.0109784
0.0110137
0.0110488
0.0110837
0.0111185
0.011153
0.0111874
0.0112216
0.0112556
0.0112894
0.0113231
0.0113565
0.0113898
0.0114229
0.0114559
0.0114886
0.0115212
0.0115536
0.0115859
0.011618
0.0116499
0.0116816
0.0117132
0.0117446
0.0117759
0.0118069
0.0118379
0.0118686
0.0118992
0.0119296
0.0119599
0.01199
0.01202
0.0120498
0.0120795
0.0121089
0.0121383
0.0121675
0.0121965
0.0122254
0.0122541
0.0122827
0.0123112
0.0123394
0.0123676
0.0123956
0.0124234
0.0124511
0.0124787
0.0125061
0.0125334
0.0125605
0.0125875
0.0126144
0.0126411
0.0126677
0.0126942
0.0127205
0.0127466
0.0127727
0.0127986
0.0128243
0.01285
0.0128755
0.0129009
0.0129261
0.0129512
0.0129762
0.0130011
0.0130258
0.0130504
0.0130749
0.0130993
0.0131235
0.0131476
0.0131716
0.0131954
0.0132192
0.0132428
0.0132663
0.0132897
0.0133129
0.0133361
0.0133591
0.013382
0.0134048
0.0134275
0.01345
0.0134725
0.0134948
0.013517
0.0135391
0.0135611
0.013583
0.0136047
0.0136264
0.013648
0.0136694
0.0136907
0.013712
0.0137331
0.0137541
0.013775
0.0137958
0.0138165
0.0138371
0.0138576
0.013878
0.0138982
0.0139184
0.0139385
0.0139585
0.0139784
0.0139981
0.0140178
0.0140374
0.0140569
0.0140763
0.0140956
0.0141148
0.0141339
0.0141529
0.0141718
0.0141906
0.0142093
0.0142279
0.0142465
0.0142649
0.0142833
0.0143015
0.0143197
0.0143378
0.0143558
0.0143737
0.0143915
0.0144092
0.0144268
0.0144444
0.0144619
0.0144792
0.0144965
0.0145137
0.0145309
0.0145479
0.0145649
0.0145817
0.0145985
0.0146152
0.0146319
0.0146484
0.0146649
0.0146813
0.0146976
0.0147138
0.0147299
0.014746
0.014762
0.0147779
0.0147938
0.0148095
0.0148252
0.0148408
0.0148563
0.0148718
0.0148872
0.0149025
0.0149177
0.0149329
0.014948
0.014963
0.0149779
0.0149928
0.0150076
0.0150223
0.015037
0.0150516
0.0150661
0.0150805
0.0150949
0.0151092
0.0151235
0.0151376
0.0151518
0.0151658
0.0151798
0.0151937
0.0152075
0.0152213
0.015235
0.0152487
0.0152622
0.0152758
0.0152892
0.0153026
0.0153159
0.0153292
0.0153424
0.0153556
0.0153686
0.0153817
0.0153946
0.0154075
0.0154204
0.0154331
0.0154459
0.0154585
0.0154711
0.0154837
0.0154962
0.0155086
0.015521
0.0155333
0.0155455
0.0155577
0.0155699
0.015582
0.015594
0.015606
0.0156179
0.0156298
0.0156416
0.0156533
0.0156651
0.0156767
0.0156883
0.0156999
0.0157114
0.0157228
0.0157342
0.0157455
0.0157568
0.0157681
0.0157792
0.0157904
0.0158015
0.0158125
0.0158235
0.0158344
0.0158453
0.0158562
0.0158669
0.0158777
0.0158884
0.015899
0.0159096
0.0159202
0.0159307
0.0159412
0.0159516
0.0159619
0.0159723
0.0159825
0.0159928
0.0160029
0.0160131
0.0160232
0.0160332
0.0160432
0.0160532
0.0160631
0.016073
0.0160828
0.0160926
0.0161024
0.0161121
0.0161218
0.0161314
0.016141
0.0161505
0.01616
0.0161695
0.0161789
0.0161883
0.0161976
0.0162069
0.0162161
0.0162254
0.0162345
0.0162437
0.0162528
0.0162618
0.0162709
0.0162798
0.0162888
0.0162977
0.0163066
0.0163154
0.0163242
0.0163329
0.0163417
0.0163504
0.016359
0.0163676
0.0163762
0.0163847
0.0163932
0.0164017
0.0164101
0.0164185
0.0164269
0.0164352
0.0164435
0.0164518
0.01646
0.0164682
0.0164764
0.0164845
0.0164926
0.0165006
0.0165087
0.0165166
0.0165246
0.0165325
0.0165404
0.0165483
0.0165561
0.0165639
0.0165717
0.0165794
0.0165871
0.0165948
0.0166024
0.01661
0.0166176
0.0166252
0.0166327
0.0166402
0.0166476
0.0166551
0.0166625
0.0166698
0.0166772
0.0166845
0.0166918
0.016699
0.0167063
0.0167135
0.0167206
0.0167278
0.0167349
0.016742
0.016749
0.016756
0.016763
0.01677
0.016777
0.0167839
0.0167908
0.0167976
0.0168045
0.0168113
0.0168181
0.0168248
0.0168316
0.0168383
0.016845
0.0168516
0.0168582
0.0168648
0.0168714
0.016878
0.0168845
0.016891
0.0168975
0.0169039
0.0169104
0.0169168
0.0169232
0.0169295
0.0169358
0.0169422
0.0169484
0.0169547
0.0169609
0.0169671
0.0169733
0.0169795
0.0169857
0.0169918
0.0169979
0.0170039
0.01701
0.017016
0.017022
0.017028
0.017034
0.0170399
0.0170459
0.0170518
0.0170576
0.0170635
0.0170693
0.0170751
0.0170809
0.0170867
0.0170924
0.0170982
0.0171039
0.0171096
0.0171152
0.0171209
0.0171265
0.0171321
0.0171377
0.0171432
0.0171488
0.0171543
0.0171598
0.0171653
0.0171708
0.0171762
0.0171816
0.017187
0.0171924
0.0171978
0.0172031
0.0172085
0.0172138
0.0172191
0.0172243
0.0172296
0.0172348
0.0172401
0.0172453
0.0172504
0.0172556
0.0172607
0.0172659
0.017271
0.0172761
0.0172811
0.0172862
0.0172912
0.0172963
0.0173013
0.0173062
0.0173112
0.0173162
0.0173211
0.017326
0.0173309
0.0173358
0.0173407
0.0173455
0.0173504
0.0173552
0.01736
0.0173648
0.0173695
0.0173743
0.017379
0.0173837
0.0173884
0.0173931
0.0173978
0.0174025
0.0174071
0.0174117
0.0174163
0.0174209
0.0174255
0.0174301
0.0174346
0.0174392
0.0174437
0.0174482
0.0174527
0.0174571
0.0174616
0.017466
0.0174705
0.0174749
0.0174793
0.0174837
0.0174881
0.0174924
0.0174968
0.0175011
0.0175054
0.0175097
0.017514
0.0175183
0.0175225
0.0175268
0.017531
0.0175352
0.0175394
0.0175436
0.0175478
0.0175519
0.0175561
0.0175602
0.0175644
0.0175685
0.0175726
0.0175767
0.0175807
0.0175848
0.0175888
0.0175929
0.0175969
0.0176009
0.0176049
0.0176089
0.0176128
0.0176168
0.0176207
0.0176247
0.0176286
0.0176325
0.0176364
0.0176403
0.0176442
0.017648
0.0176519
0.0176557
0.0176595
0.0176633
0.0176671
0.0176709
0.0176747
0.0176785
0.0176822
0.017686
0.0176897
0.0176934
0.0176971
0.0177008
0.0177045
0.0177082
0.0177118
0.0177155
0.0177191
0.0177228
0.0177264
0.01773
0.0177336
0.0177372
0.0177407
0.0177443
0.0177479
0.0177514
0.0177549
0.0177585
0.017762
0.0177655
0.017769
0.0177724
0.0177759
0.0177794
0.0177828
0.0177863
0.0177897
0.0177931
0.0177965
0.0177999
0.0178033
0.0178067
0.0178101
0.0178134
0.0178168
0.0178201
0.0178234
0.0178267
0.0178301
0.0178334
0.0178367
0.0178399
0.0178432
0.0178465
0.0178497
0.017853
0.0178562
0.0178594
0.0178626
0.0178658
0.017869
0.0178722
0.0178754
0.0178786
0.0178817
0.0178849
0.017888
0.0178912
0.0178943
0.0178974
0.0179005
0.0179036
0.0179067
0.0179098
0.0179129
0.0179159
0.017919
0.017922
0.0179251
0.0179281
0.0179311
0.0179341
0.0179371
0.0179401
0.0179431
0.0179461
0.0179491
0.017952
0.017955
0.0179579
0.0179609
0.0179638
0.0179667
0.0179696
0.0179726
0.0179755
0.0179783
0.0179812
0.0179841
0.017987
0.0179898
0.0179927
0.0179955
0.0179984
0.0180012
0.018004
0.0180068
0.0180096
0.0180124
0.0180152
0.018018
0.0180208
0.0180235
0.0180263
0.0180291
0.0180318
0.0180345
0.0180373
0.01804
0.0180427
0.0180454
0.0180481
0.0180508
0.0180535
0.0180562
0.0180589
0.0180615
0.0180642
0.0180668
0.0180695
0.0180721
0.0180748
0.0180774
0.01808
0.0180826
0.0180852
0.0180878
0.0180904
0.018093
0.0180956
0.0180981
0.0181007
0.0181033
0.0181058
0.0181083
0.0181109
0.0181134
0.0181159
0.0181185
0.018121
0.0181235
0.018126
0.0181285
0.018131
0.0181334
0.0181359
0.0181384
0.0181408
0.0181433
0.0181457
0.0181482
0.0181506
0.018153
0.0181555
0.0181579
0.0181603
0.0181627
0.0181651
0.0181675
0.0181699
0.0181723
0.0181746
0.018177
0.0181794
0.0181817
0.0181841
0.0181864
0.0181888
0.0181911
0.0181934
0.0181958
0.0181981
0.0182004
0.0182027
0.018205
0.0182073
0.0182096
0.0182119
0.0182141
0.0182164
0.0182187
0.0182209
0.0182232
0.0182254
0.0182277
0.0182299
0.0182322
0.0182344
0.0182366
0.0182388
0.018241
0.0182432
0.0182454
0.0182476
0.0182498
0.018252
0.0182542
0.0182564
0.0182585
0.0182607
0.0182629
0.018265
0.0182672
0.0182693
0.0182715
0.0182736
0.0182757
0.0182778
0.01828
0.0182821
0.0182842
0.0182863
0.0182884
0.0182905
0.0182926
0.0182947
0.0182967
0.0182988
0.0183009
0.0183029
0.018305
0.0183071
0.0183091
0.0183112
0.0183132
0.0183152
0.0183173
0.0183193
0.0183213
0.0183233
0.0183253
0.0183274
0.0183294
0.0183314
0.0183333
0.0183353
0.0183373
0.0183393
0.0183413
0.0183433
0.0183452
0.0183472
0.0183491
0.0183511
0.018353
0.018355
0.0183569
0.0183589
0.0183608
0.0183627
0.0183646
0.0183666
0.0183685
0.0183704
0.0183723
0.0183742
0.0183761
0.018378
0.0183799
0.0183818
0.0183836
0.0183855
0.0183874
0.0183893
0.0183911
0.018393
0.0183948
0.0183967
0.0183985
0.0184004
0.0184022
0.018404
0.0184059
0.0184077
0.0184095
0.0184113
0.0184132
0.018415
0.0184168
0.0184186
0.0184204
0.0184222
0.018424
0.0184258
0.0184275
0.0184293
0.0184311
0.0184329
0.0184346
0.0184364
0.0184382
0.0184399
0.0184417
0.0184434
0.0184452
0.0184469
0.0184486
0.0184504
0.0184521
0.0184538
0.0184556
0.0184573
0.018459
0.0184607
0.0184624
0.0184641
0.0184658
0.0184675
0.0184692
0.0184709
0.0184726
0.0184743
0.0184759
0.0184776
0.0184793
0.018481
0.0184826
0.0184843
0.018486
0.0184876
0.0184893
0.0184909
0.0184926
0.0184942
0.0184958
0.0184975
0.0184991
0.0185007
0.0185023
0.018504
0.0185056
0.0185072
0.0185088
0.0185104
0.018512
0.0185136
0.0185152
0.0185168
0.0185184
0.01852
0.0185216
0.0185232
0.0185247
0.0185263
0.0185279
0.0185295
0.018531
0.0185326
0.0185341
0.0185357
0.0185372
0.0185388
0.0185403
0.0185419
0.0185434
0.018545
0.0185465
0.018548
0.0185496
0.0185511
0.0185526
0.0185541
0.0185556
0.0185571
0.0185587
0.0185602
0.0185617
0.0185632
0.0185647
0.0185662
0.0185676
0.0185691
0.0185706
0.0185721
0.0185736
0.0185751
0.0185765
0.018578
0.0185795
0.0185809
0.0185824
0.0185839
0.0185853
0.0185868
0.0185882
0.0185897
0.0185911
0.0185926
0.018594
0.0185954
0.0185969
0.0185983
0.0185997
0.0186012
0.0186026
0.018604
0.0186054
0.0186068
0.0186082
0.0186096
0.0186111
0.0186125
0.0186139
0.0186153
0.0186167
0.018618
0.0186194
0.0186208
0.0186222
0.0186236
0.018625
0.0186263
0.0186277
0.0186291
0.0186305
0.0186318
0.0186332
0.0186346
0.0186359
0.0186373
0.0186386
0.01864
0.0186413
0.0186427
0.018644
0.0186454
0.0186467
0.018648
0.0186494
0.0186507
0.018652
0.0186533
0.0186547
0.018656
0.0186573
0.0186586
0.0186599
0.0186612
0.0186626
0.0186639
0.0186652
0.0186665
0.0186678
0.0186691
0.0186704
0.0186716
0.0186729
0.0186742
0.0186755
0.0186768
0.0186781
0.0186793
0.0186806
0.0186819
0.0186832
0.0186844
0.0186857
0.018687
0.0186882
0.0186895
0.0186907
0.018692
0.0186932
0.0186945
0.0186957
0.018697
0.0186982
0.0186995
0.0187007
0.018702
0.0187032
0.0187044
0.0187056
0.0187069
0.0187081
0.0187093
0.0187105
0.0187118
0.018713
0.0187142
0.0187154
0.0187166
0.0187178
0.018719
0.0187202
0.0187214
0.0187226
0.0187238
0.018725
0.0187262
0.0187274
0.0187286
0.0187298
0.018731
0.0187322
0.0187333
0.0187345
0.0187357
0.0187369
0.018738
0.0187392
0.0187404
0.0187415
0.0187427
0.0187439
0.018745
0.0187462
0.0187473
0.0187485
0.0187496
0.0187508
0.0187519
0.0187531
0.0187542
0.0187554
0.0187565
0.0187576
0.0187588
0.0187599
0.018761
0.0187622
0.0187633
0.0187644
0.0187656
0.0187667
0.0187678
0.0187689
0.01877
0.0187712
0.0187723
0.0187734
0.0187745
0.0187756
0.0187767
0.0187778
0.0187789
0.01878
0.0187811
0.0187822
0.0187833
0.0187844
0.0187855
0.0187866
0.0187876
0.0187887
0.0187898
0.0187909
0.018792
0.0187931
0.0187941
0.0187952
0.0187963
0.0187973
0.0187984
0.0187995
0.0188005
0.0188016
0.0188027
0.0188037
0.0188048
0.0188058
0.0188069
0.0188079
0.018809
0.01881
0.0188111
0.0188121
0.0188132
0.0188142
0.0188153
0.0188163
0.0188173
0.0188184
0.0188194
0.0188204
0.0188215
0.0188225
0.0188235
0.0188246
0.0188256
0.0188266
0.0188276
0.0188286
0.0188297
0.0188307
0.0188317
0.0188327
0.0188337
0.0188347
0.0188357
0.0188367
0.0188377
0.0188387
0.0188397
0.0188407
0.0188417
0.0188427
0.0188437
0.0188447
0.0188457
0.0188467
0.0188477
0.0188487
0.0188497
0.0188506
0.0188516
0.0188526
0.0188536
0.0188546
0.0188555
0.0188565
0.0188575
0.0188584
0.0188594
0.0188604
0.0188613
0.0188623
0.0188633
0.0188642
0.0188652
0.0188662
0.0188671
0.0188681
0.018869
0.01887
0.0188709
0.0188719
0.0188728
0.0188738
0.0188747
0.0188757
0.0188766
0.0188775
0.0188785
0.0188794
0.0188803
0.0188813
0.0188822
0.0188831
0.0188841
0.018885
0.0188859
0.0188869
0.0188878
0.0188887
0.0188896
0.0188905
0.0188915
0.0188924
0.0188933
0.0188942
0.0188951
0.018896
0.018897
0.0188979
0.0188988
0.0188997
0.0189006
0.0189015
0.0189024
0.0189033
0.0189042
0.0189051
0.018906
0.0189069
0.0189078
0.0189087
0.0189096
0.0189104
0.0189113
0.0189122
0.0189131
0.018914
0.0189149
0.0189158
0.0189166
0.0189175
0.0189184
0.0189193
0.0189201
0.018921
0.0189219
0.0189228
0.0189236
0.0189245
0.0189254
0.0189262
0.0189271
0.018928
0.0189288
0.0189297
0.0189305
0.0189314
0.0189323
0.0189331
0.018934
0.0189348
0.0189357
0.0189365
0.0189374
0.0189382
0.0189391
0.0189399
0.0189408
0.0189416
0.0189424
0.0189433
0.0189441
0.018945
0.0189458
0.0189466
0.0189475
0.0189483
0.0189491
0.01895
0.0189508
0.0189516
0.0189524
0.0189533
0.0189541
0.0189549
0.0189557
0.0189566
0.0189574
0.0189582
0.018959
0.0189598
0.0189607
0.0189615
0.0189623
0.0189631
0.0189639
0.0189647
0.0189655
0.0189663
0.0189671
0.0189679
0.0189687
0.0189695
0.0189703
0.0189711
0.0189719
0.0189727
0.0189735
0.0189743
0.0189751
0.0189759
0.0189767
0.0189775
0.0189783
0.0189791
0.0189799
0.0189807
0.0189814
0.0189822
0.018983
0.0189838
0.0189846
0.0189854
0.0189861
0.0189869
0.0189877
0.0189885
0.0189892
0.01899
0.0189908
0.0189916
0.0189923
0.0189931
0.0189939
0.0189946
0.0189954
0.0189962
0.0189969
0.0189977
0.0189985
0.0189992
0.019
0.0190007
0.0190015
0.0190022
0.019003
0.0190038
0.0190045
0.0190053
0.019006
0.0190068
0.0190075
0.0190083
0.019009
0.0190098
0.0190105
0.0190112
0.019012
0.0190127
0.0190135
0.0190142
0.0190149
0.0190157
0.0190164
0.0190172
0.0190179
0.0190186
0.0190194
0.0190201
0.0190208
0.0190216
0.0190223
0.019023
0.0190237
0.0190245
0.0190252
0.0190259
0.0190266
0.0190274
0.0190281
0.0190288
0.0190295
0.0190302
0.0190309
0.0190317
0.0190324
0.0190331
0.0190338
0.0190345
0.0190352
0.0190359
0.0190367
0.0190374
0.0190381
0.0190388
0.0190395
0.0190402
0.0190409
0.0190416
0.0190423
0.019043
0.0190437
0.0190444
0.0190451
0.0190458
0.0190465
0.0190472
0.0190479
0.0190486
0.0190493
0.01905
0.0190506
0.0190513
0.019052
0.0190527
0.0190534
0.0190541
0.0190548
0.0190555
0.0190561
0.0190568
0.0190575
0.0190582
0.0190589
0.0190595
0.0190602
0.0190609
0.0190616
0.0190623
0.0190629
0.0190636
0.0190643
0.0190649
0.0190656
0.0190663
0.019067
0.0190676
0.0190683
0.019069
0.0190696
0.0190703
0.019071
0.0190716
0.0190723
0.0190729
0.0190736
0.0190743
0.0190749
0.0190756
0.0190762
0.0190769
0.0190776
0.0190782
0.0190789
0.0190795
0.0190802
0.0190808
0.0190815
0.0190821
0.0190828
0.0190834
0.0190841
0.0190847
0.0190854
0.019086
0.0190866
0.0190873
0.0190879
0.0190886
0.0190892
0.0190899
0.0190905
0.0190911
0.0190918
0.0190924
0.019093
0.0190937
0.0190943
0.0190949
0.0190956
0.0190962
0.0190968
0.0190975
0.0190981
0.0190987
0.0190994
0.0191
0.0191006
0.0191012
0.0191019
0.0191025
0.0191031
0.0191037
0.0191044
0.019105
0.0191056
0.0191062
0.0191068
0.0191075
0.0191081
0.0191087
0.0191093
0.0191099
0.0191105
0.0191112
0.0191118
0.0191124
0.019113
0.0191136
0.0191142
0.0191148
0.0191154
0.019116
0.0191166
0.0191172
0.0191178
0.0191185
0.0191191
0.0191197
0.0191203
0.0191209
0.0191215
0.0191221
0.0191227
0.0191233
0.0191239
0.0191245
0.0191251
0.0191257
0.0191262
0.0191268
0.0191274
0.019128
0.0191286
0.0191292
0.0191298
0.0191304
0.019131
0.0191316
0.0191322
0.0191327
0.0191333
0.0191339
0.0191345
0.0191351
0.0191357
0.0191363
0.0191368
0.0191374
0.019138
0.0191386
0.0191392
0.0191397
0.0191403
0.0191409
0.0191415
0.019142
0.0191426
0.0191432
0.0191438
0.0191443
0.0191449
0.0191455
0.0191461
0.0191466
0.0191472
0.0191478
0.0191483
0.0191489
0.0191495
0.01915
0.0191506
0.0191512
0.0191517
0.0191523
0.0191529
0.0191534
0.019154
0.0191545
0.0191551
0.0191557
0.0191562
0.0191568
0.0191573
0.0191579
0.0191585
0.019159
0.0191596
0.0191601
0.0191607
0.0191612
0.0191618
0.0191623
0.0191629
0.0191634
0.019164
0.0191645
0.0191651
0.0191656
0.0191662
0.0191667
0.0191673
0.0191678
0.0191684
0.0191689
0.0191695
0.01917
0.0191705
0.0191711
0.0191716
0.0191722
0.0191727
0.0191732
0.0191738
0.0191743
0.0191749
0.0191754
0.0191759
0.0191765
0.019177
0.0191775
0.0191781
0.0191786
0.0191791
0.0191797
0.0191802
0.0191807
0.0191813
0.0191818
0.0191823
0.0191829
0.0191834
0.0191839
0.0191844
0.019185
0.0191855
0.019186
0.0191865
0.0191871
0.0191876
0.0191881
0.0191886
0.0191892
0.0191897
0.0191902
0.0191907
0.0191912
0.0191918
0.0191923
0.0191928
0.0191933
0.0191938
0.0191943
0.0191949
0.0191954
0.0191959
0.0191964
0.0191969
0.0191974
0.0191979
0.0191984
0.019199
0.0191995
0.0192
0.0192005
0.019201
0.0192015
0.019202
0.0192025
0.019203
0.0192035
0.019204
0.0192045
0.019205
0.0192055
0.019206
0.0192065
0.019207
0.0192075
0.019208
0.0192085
0.019209
0.0192095
0.01921
0.0192105
0.019211
0.0192115
0.019212
0.0192125
0.019213
0.0192135
0.019214
0.0192145
0.019215
0.0192155
0.019216
0.0192165
0.019217
0.0192175
0.0192179
0.0192184
0.0192189
0.0192194
0.0192199
0.0192204
0.0192209
0.0192214
0.0192218
0.0192223
0.0192228
0.0192233
0.0192238
0.0192243
0.0192247
0.0192252
0.0192257
0.0192262
0.0192267
0.0192272
0.0192276
0.0192281
0.0192286
0.0192291
0.0192295
0.01923
0.0192305
0.019231
0.0192314
0.0192319
0.0192324
0.0192329
0.0192333
0.0192338
0.0192343
0.0192348
0.0192352
0.0192357
0.0192362
0.0192366
0.0192371
0.0192376
0.019238
0.0192385
0.019239
0.0192394
0.0192399
0.0192404
0.0192408
0.0192413
0.0192418
0.0192422
0.0192427
0.0192432
0.0192436
0.0192441
0.0192446
0.019245
0.0192455
0.0192459
0.0192464
0.0192468
0.0192473
0.0192478
0.0192482
0.0192487
0.0192491
0.0192496
0.01925
0.0192505
0.019251
0.0192514
0.0192519
0.0192523
0.0192528
0.0192532
0.0192537
0.0192541
0.0192546
0.019255
0.0192555
0.0192559
0.0192564
0.0192568
0.0192573
0.0192577
0.0192582
0.0192586
0.0192591
0.0192595
0.01926
0.0192604
0.0192608
0.0192613
0.0192617
0.0192622
0.0192626
0.0192631
0.0192635
0.0192639
0.0192644
0.0192648
0.0192653
0.0192657
0.0192661
0.0192666
0.019267
0.0192675
0.0192679
0.0192683
0.0192688
0.0192692
0.0192696
0.0192701
0.0192705
0.0192709
0.0192714
0.0192718
0.0192722
0.0192727
0.0192731
0.0192735
0.019274
0.0192744
0.0192748
0.0192753
0.0192757
0.0192761
0.0192766
0.019277
0.0192774
0.0192778
0.0192783
0.0192787
0.0192791
0.0192795
0.01928
0.0192804
0.0192808
0.0192812
0.0192817
0.0192821
0.0192825
0.0192829
0.0192833
0.0192838
0.0192842
0.0192846
0.019285
0.0192855
0.0192859
0.0192863
0.0192867
0.0192871
0.0192875
0.019288
0.0192884
0.0192888
0.0192892
0.0192896
0.01929
0.0192905
0.0192909
0.0192913
0.0192917
0.0192921
0.0192925
0.0192929
0.0192933
0.0192938
0.0192942
0.0192946
0.019295
0.0192954
0.0192958
0.0192962
0.0192966
0.019297
0.0192974
0.0192979
0.0192983
0.0192987
0.0192991
0.0192995
0.0192999
0.0193003
0.0193007
0.0193011
0.0193015
0.0193019
0.0193023
0.0193027
0.0193031
0.0193035
0.0193039
0.0193043
0.0193047
0.0193051
0.0193055
0.0193059
0.0193063
0.0193067
0.0193071
0.0193075
0.0193079
0.0193083
0.0193087
0.0193091
0.0193095
0.0193099
0.0193103
0.0193107
0.0193111
0.0193115
0.0193119
0.0193123
0.0193127
0.0193131
0.0193134
0.0193138
0.0193142
0.0193146
0.019315
0.0193154
0.0193158
0.0193162
0.0193166
0.019317
0.0193174
0.0193177
0.0193181
0.0193185
0.0193189
0.0193193
0.0193197
0.0193201
0.0193205
0.0193208
0.0193212
0.0193216
0.019322
0.0193224
0.0193228
0.0193231
0.0193235
0.0193239
0.0193243
0.0193247
0.0193251
0.0193254
0.0193258
0.0193262
0.0193266
0.019327
0.0193273
0.0193277
0.0193281
0.0193285
0.0193289
0.0193292
0.0193296
0.01933
0.0193304
0.0193307
0.0193311
0.0193315
0.0193319
0.0193322
0.0193326
0.019333
0.0193334
0.0193337
0.0193341
0.0193345
0.0193349
0.0193352
0.0193356
0.019336
0.0193363
0.0193367
0.0193371
0.0193375
0.0193378
0.0193382
0.0193386
0.0193389
0.0193393
0.0193397
0.01934
0.0193404
0.0193408
0.0193411
0.0193415
0.0193419
0.0193422
0.0193426
0.019343
0.0193433
0.0193437
0.0193441
0.0193444
0.0193448
0.0193451
0.0193455
0.0193459
0.0193462
0.0193466
0.019347
0.0193473
0.0193477
0.019348
0.0193484
0.0193488
0.0193491
0.0193495
0.0193498
0.0193502
0.0193506
0.0193509
0.0193513
0.0193516
0.019352
0.0193523
0.0193527
0.0193531
0.0193534
0.0193538
0.0193541
0.0193545
0.0193548
0.0193552
0.0193555
0.0193559
0.0193562
0.0193566
0.0193569
0.0193573
0.0193577
0.019358
0.0193584
0.0193587
0.0193591
0.0193594
0.0193598
0.0193601
0.0193605
0.0193608
0.0193612
0.0193615
0.0193619
0.0193622
0.0193625
0.0193629
0.0193632
0.0193636
0.0193639
0.0193643
0.0193646
0.019365
0.0193653
0.0193657
0.019366
0.0193664
0.0193667
0.019367
0.0193674
0.0193677
0.0193681
0.0193684
0.0193688
0.0193691
0.0193694
0.0193698
0.0193701
0.0193705
0.0193708
0.0193711
0.0193715
0.0193718
0.0193722
0.0193725
0.0193728
0.0193732
0.0193735
0.0193738
0.0193742
0.0193745
0.0193749
0.0193752
0.0193755
0.0193759
0.0193762
0.0193765
0.0193769
0.0193772
0.0193775
0.0193779
0.0193782
0.0193785
0.0193789
0.0193792
0.0193795
0.0193799
0.0193802
0.0193805
0.0193809
0.0193812
0.0193815
0.0193819
0.0193822
0.0193825
0.0193829
0.0193832
0.0193835
0.0193838
0.0193842
0.0193845
0.0193848
0.0193852
0.0193855
0.0193858
0.0193861
0.0193865
0.0193868
0.0193871
0.0193874
0.0193878
0.0193881
0.0193884
0.0193887
0.0193891
0.0193894
0.0193897
0.01939
0.0193904
0.0193907
0.019391
0.0193913
0.0193917
0.019392
0.0193923
0.0193926
0.0193929
0.0193933
0.0193936
0.0193939
0.0193942
0.0193946
0.0193949
0.0193952
0.0193955
0.0193958
0.0193961
0.0193965
0.0193968
0.0193971
0.0193974
0.0193977
0.0193981
0.0193984
0.0193987
0.019399
0.0193993
0.0193996
0.0194
0.0194003
0.0194006
0.0194009
0.0194012
0.0194015
0.0194018
0.0194022
0.0194025
0.0194028
0.0194031
0.0194034
0.0194037
0.019404
0.0194043
0.0194047
0.019405
0.0194053
0.0194056
0.0194059
0.0194062
0.0194065
0.0194068
0.0194071
0.0194074
0.0194078
0.0194081
0.0194084
0.0194087
0.019409
0.0194093
0.0194096
0.0194099
0.0194102
0.0194105
0.0194108
0.0194111
0.0194114
0.0194118
0.0194121
0.0194124
0.0194127
0.019413
0.0194133
0.0194136
0.0194139
0.0194142
0.0194145
0.0194148
0.0194151
0.0194154
0.0194157
0.019416
0.0194163
0.0194166
0.0194169
0.0194172
0.0194175
0.0194178
0.0194181
0.0194184
0.0194187
0.019419
0.0194193
0.0194196
0.0194199
0.0194202
0.0194205
0.0194208
0.0194211
0.0194214
0.0194217
0.019422
0.0194223
0.0194226
0.0194229
0.0194232
0.0194235
0.0194238
0.0194241
0.0194244
0.0194247
0.019425
0.0194253
0.0194256
0.0194259
0.0194261
0.0194264
0.0194267
0.019427
0.0194273
0.0194276
0.0194279
0.0194282
0.0194285
0.0194288
0.0194291
0.0194294
0.0194297
0.01943
0.0194302
0.0194305
0.0194308
0.0194311
0.0194314
0.0194317
0.019432
0.0194323
0.0194326
0.0194329
0.0194331
0.0194334
0.0194337
0.019434
0.0194343
0.0194346
0.0194349
0.0194352
0.0194354
0.0194357
0.019436
0.0194363
0.0194366
0.0194369
0.0194372
0.0194374
0.0194377
0.019438
0.0194383
0.0194386
0.0194389
0.0194392
0.0194394
0.0194397
0.01944
0.0194403
0.0194406
0.0194409
0.0194411
0.0194414
0.0194417
0.019442
0.0194423
0.0194425
0.0194428
0.0194431
0.0194434
0.0194437
0.0194439
0.0194442
0.0194445
0.0194448
0.0194451
0.0194453
0.0194456
0.0194459
0.0194462
0.0194465
0.0194467
0.019447
0.0194473
0.0194476
0.0194478
0.0194481
0.0194484
0.0194487
0.019449
0.0194492
0.0194495
0.0194498
0.0194501
0.0194503
0.0194506
0.0194509
0.0194512
0.0194514
0.0194517
0.019452
0.0194523
0.0194525
0.0194528
0.0194531
0.0194534
0.0194536
0.0194539
0.0194542
0.0194544
0.0194547
0.019455
0.0194553
0.0194555
0.0194558
0.0194561
0.0194563
0.0194566
0.0194569
0.0194572
0.0194574
0.0194577
0.019458
0.0194582
0.0194585
0.0194588
0.019459
0.0194593
0.0194596
0.0194598
0.0194601
0.0194604
0.0194606
0.0194609
0.0194612
0.0194615
0.0194617
0.019462
0.0194623
0.0194625
0.0194628
0.019463
0.0194633
0.0194636
0.0194638
0.0194641
0.0194644
0.0194646
0.0194649
0.0194652
0.0194654
0.0194657
0.019466
0.0194662
0.0194665
0.0194668
0.019467
0.0194673
0.0194675
0.0194678
0.0194681
0.0194683
0.0194686
0.0194688
0.0194691
0.0194694
0.0194696
0.0194699
0.0194702
0.0194704
0.0194707
0.0194709
0.0194712
0.0194715
0.0194717
0.019472
0.0194722
0.0194725
0.0194727
0.019473
0.0194733
0.0194735
0.0194738
0.019474
0.0194743
0.0194746
0.0194748
0.0194751
0.0194753
0.0194756
0.0194758
0.0194761
0.0194764
0.0194766
0.0194769
0.0194771
0.0194774
0.0194776
0.0194779
0.0194781
0.0194784
0.0194786
0.0194789
0.0194792
0.0194794
0.0194797
0.0194799
0.0194802
0.0194804
0.0194807
0.0194809
0.0194812
0.0194814
0.0194817
0.0194819
0.0194822
0.0194824
0.0194827
0.0194829
0.0194832
0.0194834
0.0194837
0.0194839
0.0194842
0.0194844
0.0194847
0.0194849
0.0194852
0.0194854
0.0194857
0.0194859
0.0194862
0.0194864
0.0194867
0.0194869
0.0194872
0.0194874
0.0194877
0.0194879
0.0194882
0.0194884
0.0194887
0.0194889
0.0194892
0.0194894
0.0194897
0.0194899
0.0194902
0.0194904
0.0194906
0.0194909
0.0194911
0.0194914
0.0194916
0.0194919
0.0194921
0.0194924
0.0194926
0.0194929
0.0194931
0.0194933
0.0194936
0.0194938
0.0194941
0.0194943
0.0194946
0.0194948
0.019495
0.0194953
0.0194955
0.0194958
0.019496
0.0194963
0.0194965
0.0194967
0.019497
0.0194972
0.0194975
0.0194977
0.0194979
0.0194982
0.0194984
0.0194987
0.0194989
0.0194991
0.0194994
0.0194996
0.0194999
0.0195001
0.0195003
0.0195006
0.0195008
0.0195011
0.0195013
0.0195015
0.0195018
0.019502
0.0195022
0.0195025
0.0195027
0.019503
0.0195032
0.0195034
0.0195037
0.0195039
0.0195041
0.0195044
0.0195046
0.0195049
0.0195051
0.0195053
0.0195056
0.0195058
0.019506
0.0195063
0.0195065
0.0195067
0.019507
0.0195072
0.0195074
0.0195077
0.0195079
0.0195081
0.0195084
0.0195086
0.0195088
0.0195091
0.0195093
0.0195095
0.0195098
0.01951
0.0195102
0.0195105
0.0195107
0.0195109
0.0195112
0.0195114
0.0195116
0.0195119
0.0195121
0.0195123
0.0195125
0.0195128
0.019513
0.0195132
0.0195135
0.0195137
0.0195139
0.0195142
0.0195144
0.0195146
0.0195148
0.0195151
0.0195153
0.0195155
0.0195158
0.019516
0.0195162
0.0195164
0.0195167
0.0195169
0.0195171
0.0195174
0.0195176
0.0195178
0.019518
0.0195183
0.0195185
0.0195187
0.0195189
0.0195192
0.0195194
0.0195196
0.0195198
0.0195201
0.0195203
0.0195205
0.0195207
0.019521
0.0195212
0.0195214
0.0195216
0.0195219
0.0195221
0.0195223
0.0195225
0.0195228
0.019523
0.0195232
0.0195234
0.0195237
0.0195239
0.0195241
0.0195243
0.0195246
0.0195248
0.019525
0.0195252
0.0195254
0.0195257
0.0195259
0.0195261
0.0195263
0.0195266
0.0195268
0.019527
0.0195272
0.0195274
0.0195277
0.0195279
0.0195281
0.0195283
0.0195285
0.0195288
0.019529
0.0195292
0.0195294
0.0195296
0.0195299
0.0195301
0.0195303
0.0195305
0.0195307
0.0195309
0.0195312
0.0195314
0.0195316
0.0195318
0.019532
0.0195323
0.0195325
0.0195327
0.0195329
0.0195331
0.0195333
0.0195336
0.0195338
0.019534
0.0195342
0.0195344
0.0195346
0.0195349
0.0195351
0.0195353
0.0195355
0.0195357
0.0195359
0.0195361
0.0195364
0.0195366
0.0195368
0.019537
0.0195372
0.0195374
0.0195376
0.0195379
0.0195381
0.0195383
0.0195385
0.0195387
0.0195389
0.0195391
0.0195394
0.0195396
0.0195398
0.01954
0.0195402
0.0195404
0.0195406
0.0195408
0.0195411
0.0195413
0.0195415
0.0195417
0.0195419
0.0195421
0.0195423
0.0195425
0.0195427
0.019543
0.0195432
0.0195434
0.0195436
0.0195438
0.019544
0.0195442
0.0195444
0.0195446
0.0195448
0.0195451
0.0195453
0.0195455
0.0195457
0.0195459
0.0195461
0.0195463
0.0195465
0.0195467
0.0195469
0.0195471
0.0195473
0.0195476
0.0195478
0.019548
0.0195482
0.0195484
0.0195486
0.0195488
0.019549
0.0195492
0.0195494
0.0195496
0.0195498
0.01955
0.0195502
0.0195505
0.0195507
0.0195509
0.0195511
0.0195513
0.0195515
0.0195517
0.0195519
0.0195521
0.0195523
0.0195525
0.0195527
0.0195529
0.0195531
0.0195533
0.0195535
0.0195537
0.0195539
0.0195541
0.0195543
0.0195545
0.0195547
0.0195549
0.0195552
0.0195554
0.0195556
0.0195558
0.019556
0.0195562
0.0195564
0.0195566
0.0195568
0.019557
0.0195572
0.0195574
0.0195576
0.0195578
0.019558
0.0195582
0.0195584
0.0195586
0.0195588
0.019559
0.0195592
0.0195594
0.0195596
0.0195598
0.01956
0.0195602
0.0195604
0.0195606
0.0195608
0.019561
0.0195612
0.0195614
0.0195616
0.0195618
0.019562
0.0195622
0.0195624
0.0195626
0.0195628
0.019563
0.0195632
0.0195634
0.0195636
0.0195638
0.019564
0.0195642
0.0195644
0.0195646
0.0195647
0.0195649
0.0195651
0.0195653
0.0195655
0.0195657
0.0195659
0.0195661
0.0195663
0.0195665
0.0195667
0.0195669
0.0195671
0.0195673
0.0195675
0.0195677
0.0195679
0.0195681
0.0195683
0.0195685
0.0195687
0.0195689
0.0195691
0.0195692
0.0195694
0.0195696
0.0195698
0.01957
0.0195702
0.0195704
0.0195706
0.0195708
0.019571
0.0195712
0.0195714
0.0195716
0.0195718
0.019572
0.0195721
0.0195723
0.0195725
0.0195727
0.0195729
0.0195731
0.0195733
0.0195735
0.0195737
0.0195739
0.0195741
0.0195743
0.0195745
0.0195746
0.0195748
0.019575
0.0195752
0.0195754
0.0195756
0.0195758
0.019576
0.0195762
0.0195764
0.0195765
0.0195767
0.0195769
0.0195771
0.0195773
0.0195775
0.0195777
0.0195779
0.0195781
0.0195783
0.0195784
0.0195786
0.0195788
0.019579
0.0195792
0.0195794
0.0195796
0.0195798
0.0195799
0.0195801
0.0195803
0.0195805
0.0195807
0.0195809
0.0195811
0.0195813
0.0195814
0.0195816
0.0195818
0.019582
0.0195822
0.0195824
0.0195826
0.0195828
0.0195829
0.0195831
0.0195833
0.0195835
0.0195837
0.0195839
0.0195841
0.0195842
0.0195844
0.0195846
0.0195848
0.019585
0.0195852
0.0195854
0.0195855
0.0195857
0.0195859
0.0195861
0.0195863
0.0195865
0.0195866
0.0195868
0.019587
0.0195872
0.0195874
0.0195876
0.0195877
0.0195879
0.0195881
0.0195883
0.0195885
0.0195887
0.0195888
0.019589
0.0195892
0.0195894
0.0195896
0.0195898
0.0195899
0.0195901
0.0195903
0.0195905
0.0195907
0.0195908
0.019591
0.0195912
0.0195914
0.0195916
0.0195918
0.0195919
0.0195921
0.0195923
0.0195925
0.0195927
0.0195928
0.019593
0.0195932
0.0195934
0.0195936
0.0195937
0.0195939
0.0195941
0.0195943
0.0195945
0.0195946
0.0195948
0.019595
0.0195952
0.0195954
0.0195955
0.0195957
0.0195959
0.0195961
0.0195962
0.0195964
0.0195966
0.0195968
0.019597
0.0195971
0.0195973
0.0195975
0.0195977
0.0195978
0.019598
0.0195982
0.0195984
0.0195986
0.0195987
0.0195989
0.0195991
0.0195993
0.0195994
0.0195996
0.0195998
0.0196
0.0196001
0.0196003
0.0196005
0.0196007
0.0196009
0.019601
0.0196012
0.0196014
0.0196016
0.0196017
0.0196019
0.0196021
0.0196023
0.0196024
0.0196026
0.0196028
0.019603
0.0196031
0.0196033
0.0196035
0.0196037
0.0196038
0.019604
0.0196042
0.0196043
0.0196045
0.0196047
0.0196049
0.019605
0.0196052
0.0196054
0.0196056
0.0196057
0.0196059
0.0196061
0.0196063
0.0196064
0.0196066
0.0196068
0.0196069
0.0196071
0.0196073
0.0196075
0.0196076
0.0196078
0.019608
0.0196081
0.0196083
0.0196085
0.0196087
0.0196088
0.019609
0.0196092
0.0196093
0.0196095
0.0196097
0.0196099
0.01961
0.0196102
0.0196104
0.0196105
0.0196107
0.0196109
0.0196111
0.0196112
0.0196114
0.0196116
0.0196117
0.0196119
0.0196121
0.0196122
0.0196124
0.0196126
0.0196128
0.0196129
0.0196131
0.0196133
0.0196134
0.0196136
0.0196138
0.0196139
0.0196141
0.0196143
0.0196144
0.0196146
0.0196148
0.0196149
0.0196151
0.0196153
0.0196154
0.0196156
0.0196158
0.019616
0.0196161
0.0196163
0.0196165
0.0196166
0.0196168
0.019617
0.0196171
0.0196173
0.0196175
0.0196176
0.0196178
0.019618
0.0196181
0.0196183
0.0196185
0.0196186
0.0196188
0.019619
0.0196191
0.0196193
0.0196194
0.0196196
0.0196198
0.0196199
0.0196201
0.0196203
0.0196204
0.0196206
0.0196208
0.0196209
0.0196211
0.0196213
0.0196214
0.0196216
0.0196218
0.0196219
0.0196221
0.0196223
0.0196224
0.0196226
0.0196227
0.0196229
0.0196231
0.0196232
0.0196234
0.0196236
0.0196237
0.0196239
0.0196241
0.0196242
0.0196244
0.0196245
0.0196247
0.0196249
0.019625
0.0196252
0.0196254
0.0196255
0.0196257
0.0196258
0.019626
0.0196262
0.0196263
0.0196265
0.0196266
0.0196268
0.019627
0.0196271
0.0196273
0.0196275
0.0196276
0.0196278
0.0196279
0.0196281
0.0196283
0.0196284
0.0196286
0.0196287
0.0196289
0.0196291
0.0196292
0.0196294
0.0196295
0.0196297
0.0196299
0.01963
0.0196302
0.0196303
0.0196305
0.0196307
0.0196308
0.019631
0.0196311
0.0196313
0.0196315
0.0196316
0.0196318
0.0196319
0.0196321
0.0196323
0.0196324
0.0196326
0.0196327
0.0196329
0.0196331
0.0196332
0.0196334
0.0196335
0.0196337
0.0196338
0.019634
0.0196342
0.0196343
0.0196345
0.0196346
0.0196348
0.0196349
0.0196351
0.0196353
0.0196354
0.0196356
0.0196357
0.0196359
0.019636
0.0196362
0.0196364
0.0196365
0.0196367
0.0196368
0.019637
0.0196371
0.0196373
0.0196375
0.0196376
0.0196378
0.0196379
0.0196381
0.0196382
0.0196384
0.0196385
0.0196387
0.0196389
0.019639
0.0196392
0.0196393
0.0196395
0.0196396
0.0196398
0.0196399
0.0196401
0.0196402
0.0196404
0.0196406
0.0196407
0.0196409
0.019641
0.0196412
0.0196413
0.0196415
0.0196416
0.0196418
0.0196419
0.0196421
0.0196423
0.0196424
0.0196426
0.0196427
0.0196429
0.019643
0.0196432
0.0196433
0.0196435
0.0196436
0.0196438
0.0196439
0.0196441
0.0196442
0.0196444
0.0196445
0.0196447
0.0196449
0.019645
0.0196452
0.0196453
0.0196455
0.0196456
0.0196458
0.0196459
0.0196461
0.0196462
0.0196464
0.0196465
0.0196467
0.0196468
0.019647
0.0196471
0.0196473
0.0196474
0.0196476
0.0196477
0.0196479
0.019648
0.0196482
0.0196483
0.0196485
0.0196486
0.0196488
0.0196489
0.0196491
0.0196492
0.0196494
0.0196495
0.0196497
0.0196498
0.01965
0.0196501
0.0196503
0.0196504
0.0196506
0.0196507
0.0196509
0.019651
0.0196512
0.0196513
0.0196515
0.0196516
0.0196518
0.0196519
0.0196521
0.0196522
0.0196524
0.0196525
0.0196527
0.0196528
0.019653
0.0196531
0.0196533
0.0196534
0.0196536
0.0196537
0.0196538
0.019654
0.0196541
0.0196543
0.0196544
0.0196546
0.0196547
0.0196549
0.019655
0.0196552
0.0196553
0.0196555
0.0196556
0.0196558
0.0196559
0.0196561
0.0196562
0.0196563
0.0196565
0.0196566
0.0196568
0.0196569
0.0196571
0.0196572
0.0196574
0.0196575
0.0196577
0.0196578
0.019658
0.0196581
0.0196582
0.0196584
0.0196585
0.0196587
0.0196588
0.019659
0.0196591
0.0196593
0.0196594
0.0196596
0.0196597
0.0196598
0.01966
0.0196601
0.0196603
0.0196604
0.0196606
0.0196607
0.0196609
0.019661
0.0196611
0.0196613
0.0196614
0.0196616
0.0196617
0.0196619
0.019662
0.0196622
0.0196623
0.0196624
0.0196626
0.0196627
0.0196629
0.019663
0.0196632
0.0196633
0.0196634
0.0196636
0.0196637
0.0196639
0.019664
0.0196642
0.0196643
0.0196644
0.0196646
0.0196647
0.0196649
0.019665
0.0196652
0.0196653
0.0196654
0.0196656
0.0196657
0.0196659
0.019666
0.0196661
0.0196663
0.0196664
0.0196666
0.0196667
0.0196669
0.019667
0.0196671
0.0196673
0.0196674
0.0196676
0.0196677
0.0196678
0.019668
0.0196681
0.0196683
0.0196684
0.0196685
0.0196687
0.0196688
0.019669
0.0196691
0.0196692
0.0196694
0.0196695
0.0196697
0.0196698
0.0196699
0.0196701
0.0196702
0.0196704
0.0196705
0.0196706
0.0196708
0.0196709
0.0196711
0.0196712
0.0196713
0.0196715
0.0196716
0.0196718
0.0196719
0.019672
0.0196722
0.0196723
0.0196725
0.0196726
0.0196727
0.0196729
0.019673
0.0196731
0.0196733
0.0196734
0.0196736
0.0196737
0.0196738
0.019674
0.0196741
0.0196742
0.0196744
0.0196745
0.0196747
0.0196748
0.0196749
0.0196751
0.0196752
0.0196753
0.0196755
0.0196756
0.0196758
0.0196759
0.019676
0.0196762
0.0196763
0.0196764
0.0196766
0.0196767
0.0196769
0.019677
0.0196771
0.0196773
0.0196774
0.0196775
0.0196777
0.0196778
0.0196779
0.0196781
0.0196782
0.0196784
0.0196785
0.0196786
0.0196788
0.0196789
0.019679
0.0196792
0.0196793
0.0196794
0.0196796
0.0196797
0.0196798
0.01968
0.0196801
0.0196802
0.0196804
0.0196805
0.0196807
0.0196808
0.0196809
0.0196811
0.0196812
0.0196813
0.0196815
0.0196816
0.0196817
0.0196819
0.019682
0.0196821
0.0196823
0.0196824
0.0196825
0.0196827
0.0196828
0.0196829
0.0196831
0.0196832
0.0196833
0.0196835
0.0196836
0.0196837
0.0196839
0.019684
0.0196841
0.0196843
0.0196844
0.0196845
0.0196847
0.0196848
0.0196849
0.0196851
0.0196852
0.0196853
0.0196855
0.0196856
0.0196857
0.0196859
0.019686
0.0196861
0.0196863
0.0196864
0.0196865
0.0196867
0.0196868
0.0196869
0.019687
0.0196872
0.0196873
0.0196874
0.0196876
0.0196877
0.0196878
0.019688
0.0196881
0.0196882
0.0196884
0.0196885
0.0196886
0.0196888
0.0196889
0.019689
0.0196891
0.0196893
0.0196894
0.0196895
0.0196897
0.0196898
0.0196899
0.0196901
0.0196902
0.0196903
0.0196905
0.0196906
0.0196907
0.0196908
0.019691
0.0196911
0.0196912
0.0196914
0.0196915
0.0196916
0.0196918
0.0196919
0.019692
0.0196921
0.0196923
0.0196924
0.0196925
0.0196927
0.0196928
0.0196929
0.019693
0.0196932
0.0196933
0.0196934
0.0196936
0.0196937
0.0196938
0.0196939
0.0196941
0.0196942
0.0196943
0.0196945
0.0196946
0.0196947
0.0196948
0.019695
0.0196951
0.0196952
0.0196954
0.0196955
0.0196956
0.0196957
0.0196959
0.019696
0.0196961
0.0196963
0.0196964
0.0196965
0.0196966
0.0196968
0.0196969
0.019697
0.0196971
0.0196973
0.0196974
0.0196975
0.0196977
0.0196978
0.0196979
0.019698
0.0196982
0.0196983
0.0196984
0.0196985
0.0196987
0.0196988
0.0196989
0.019699
0.0196992
0.0196993
0.0196994
0.0196996
0.0196997
0.0196998
0.0196999
0.0197001
0.0197002
0.0197003
0.0197004
0.0197006
0.0197007
0.0197008
0.0197009
0.0197011
0.0197012
0.0197013
0.0197014
0.0197016
0.0197017
0.0197018
0.0197019
0.0197021
0.0197022
0.0197023
0.0197024
0.0197026
0.0197027
0.0197028
0.0197029
0.0197031
0.0197032
0.0197033
0.0197034
0.0197036
0.0197037
0.0197038
0.0197039
0.0197041
0.0197042
0.0197043
0.0197044
0.0197046
0.0197047
0.0197048
0.0197049
0.019705
0.0197052
0.0197053
0.0197054
0.0197055
0.0197057
0.0197058
0.0197059
0.019706
0.0197062
0.0197063
0.0197064
0.0197065
0.0197067
0.0197068
0.0197069
0.019707
0.0197071
0.0197073
0.0197074
0.0197075
0.0197076
0.0197078
0.0197079
0.019708
0.0197081
0.0197082
0.0197084
0.0197085
0.0197086
0.0197087
0.0197089
0.019709
0.0197091
0.0197092
0.0197093
0.0197095
0.0197096
0.0197097
0.0197098
0.01971
0.0197101
0.0197102
0.0197103
0.0197104
0.0197106
0.0197107
0.0197108
0.0197109
0.019711
0.0197112
0.0197113
0.0197114
0.0197115
0.0197117
0.0197118
0.0197119
0.019712
0.0197121
0.0197123
0.0197124
0.0197125
0.0197126
0.0197127
0.0197129
0.019713
0.0197131
0.0197132
0.0197133
0.0197135
0.0197136
0.0197137
0.0197138
0.0197139
0.0197141
0.0197142
0.0197143
0.0197144
0.0197145
0.0197147
0.0197148
0.0197149
0.019715
0.0197151
0.0197153
0.0197154
0.0197155
0.0197156
0.0197157
0.0197158
0.019716
0.0197161
0.0197162
0.0197163
0.0197164
0.0197166
0.0197167
0.0197168
0.0197169
0.019717
0.0197172
0.0197173
0.0197174
0.0197175
0.0197176
0.0197177
0.0197179
0.019718
0.0197181
0.0197182
0.0197183
0.0197185
0.0197186
0.0197187
0.0197188
0.0197189
0.019719
0.0197192
0.0197193
0.0197194
0.0197195
0.0197196
0.0197197
0.0197199
0.01972
0.0197201
0.0197202
0.0197203
0.0197204
0.0197206
0.0197207
0.0197208
0.0197209
0.019721
0.0197211
0.0197213
0.0197214
0.0197215
0.0197216
0.0197217
0.0197218
0.019722
0.0197221
0.0197222
0.0197223
0.0197224
0.0197225
0.0197227
0.0197228
0.0197229
0.019723
0.0197231
0.0197232
0.0197234
0.0197235
0.0197236
0.0197237
0.0197238
0.0197239
0.0197241
0.0197242
0.0197243
0.0197244
0.0197245
0.0197246
0.0197247
0.0197249
0.019725
0.0197251
0.0197252
0.0197253
0.0197254
0.0197255
0.0197257
0.0197258
0.0197259
0.019726
0.0197261
0.0197262
0.0197264
0.0197265
0.0197266
0.0197267
0.0197268
0.0197269
0.019727
0.0197272
0.0197273
0.0197274
0.0197275
0.0197276
0.0197277
0.0197278
0.019728
0.0197281
0.0197282
0.0197283
0.0197284
0.0197285
0.0197286
0.0197287
0.0197289
0.019729
0.0197291
0.0197292
0.0197293
0.0197294
0.0197295
0.0197297
0.0197298
0.0197299
0.01973
0.0197301
0.0197302
0.0197303
0.0197304
0.0197306
0.0197307
0.0197308
0.0197309
0.019731
0.0197311
0.0197312
0.0197313
0.0197315
0.0197316
0.0197317
0.0197318
0.0197319
0.019732
0.0197321
0.0197322
0.0197324
0.0197325
0.0197326
0.0197327
0.0197328
0.0197329
0.019733
0.0197331
0.0197333
0.0197334
0.0197335
0.0197336
0.0197337
0.0197338
0.0197339
0.019734
0.0197341
0.0197343
0.0197344
0.0197345
0.0197346
0.0197347
0.0197348
0.0197349
0.019735
0.0197351
0.0197353
0.0197354
0.0197355
0.0197356
0.0197357
0.0197358
0.0197359
0.019736
0.0197361
0.0197362
0.0197364
0.0197365
0.0197366
0.0197367
0.0197368
0.0197369
0.019737
0.0197371
0.0197372
0.0197374
0.0197375
0.0197376
0.0197377
0.0197378
0.0197379
0.019738
0.0197381
0.0197382
0.0197383
0.0197384
0.0197386
0.0197387
0.0197388
0.0197389
0.019739
0.0197391
0.0197392
0.0197393
0.0197394
0.0197395
0.0197397
0.0197398
0.0197399
0.01974
0.0197401
0.0197402
0.0197403
0.0197404
0.0197405
0.0197406
0.0197407
0.0197408
0.019741
0.0197411
0.0197412
0.0197413
0.0197414
0.0197415
0.0197416
0.0197417
0.0197418
0.0197419
0.019742
0.0197421
0.0197423
0.0197424
0.0197425
0.0197426
0.0197427
0.0197428
0.0197429
0.019743
0.0197431
0.0197432
0.0197433
0.0197434
0.0197435
0.0197437
0.0197438
0.0197439
0.019744
0.0197441
0.0197442
0.0197443
0.0197444
0.0197445
0.0197446
0.0197447
0.0197448
0.0197449
0.0197451
0.0197452
0.0197453
0.0197454
0.0197455
0.0197456
0.0197457
0.0197458
0.0197459
0.019746
0.0197461
0.0197462
0.0197463
0.0197464
0.0197465
0.0197466
0.0197468
0.0197469
0.019747
0.0197471
0.0197472
0.0197473
0.0197474
0.0197475
0.0197476
0.0197477
0.0197478
0.0197479
0.019748
0.0197481
0.0197482
0.0197483
0.0197484
0.0197486
0.0197487
0.0197488
0.0197489
0.019749
0.0197491
0.0197492
0.0197493
0.0197494
0.0197495
0.0197496
0.0197497
0.0197498
0.0197499
0.01975
0.0197501
0.0197502
0.0197503
0.0197504
0.0197506
0.0197507
0.0197508
0.0197509
0.019751
0.0197511
0.0197512
0.0197513
0.0197514
0.0197515
0.0197516
0.0197517
0.0197518
0.0197519
0.019752
0.0197521
0.0197522
0.0197523
0.0197524
0.0197525
0.0197526
0.0197527
0.0197528
0.0197529
0.0197531
0.0197532
0.0197533
0.0197534
0.0197535
0.0197536
0.0197537
0.0197538
0.0197539
0.019754
0.0197541
0.0197542
0.0197543
0.0197544
0.0197545
0.0197546
0.0197547
0.0197548
0.0197549
0.019755
0.0197551
0.0197552
0.0197553
0.0197554
0.0197555
0.0197556
0.0197557
0.0197558
0.0197559
0.019756
0.0197561
0.0197562
0.0197564
0.0197565
0.0197566
0.0197567
0.0197568
0.0197569
0.019757
0.0197571
0.0197572
0.0197573
0.0197574
0.0197575
0.0197576
0.0197577
0.0197578
0.0197579
0.019758
0.0197581
0.0197582
0.0197583
0.0197584
0.0197585
0.0197586
0.0197587
0.0197588
0.0197589
0.019759
0.0192119
0.0197592
0.0197593
0.0197594
0.0197595
0.0197596
0.0197597
0.0197598
0.0197599
0.01976
0.0197601
0.0197602
0.0197603
0.0197604
0.0197605
0.0197606
0.0197607
0.0197608
0.0197609
0.019761
0.0197611
0.0197612
0.0197613
0.0197614
0.0197615
0.0197616
0.0197617
0.0197618
0.0197619
0.019762
0.0197621
0.0197622
0.0197623
0.0197624
0.0197625
0.0197626
0.0197627
0.0197628
0.0197629
0.019763
0.0197631
0.0197632
0.0197633
0.0197634
0.0197635
0.0197636
0.0197637
0.0197638
0.0197639
0.019764
0.0197641
0.0197642
0.0197643
0.0197644
0.0197645
0.0197646
0.0197647
0.0197648
0.0197649
0.019765
0.0197651
0.0197652
0.0197653
0.0197654
0.0197655
0.0197656
0.0197657
0.0197658
0.0197659
0.019766
0.0197661
0.0197662
0.0197663
0.0197664
0.0197665
0.0197666
0.0197667
0.0197668
0.0197669
0.019767
0.0197671
0.0197672
0.0197673
0.0197674
0.0197675
0.0197676
0.0197677
0.0197678
0.0197679
0.019768
0.0197681
0.0197682
0.0197683
0.0197684
0.0197685
0.0197686
0.0197687
0.0197688
0.0197689
0.0197689
0.019769
0.0197691
0.0197692
0.0197693
0.0197694
0.0197695
0.0197696
0.0197697
0.0197698
0.0197699
0.01977
0.0197701
0.0197702
0.0197703
0.0197704
0.0197705
0.0197706
0.0197707
0.0197708
0.0197709
0.019771
0.0197711
0.0197712
0.0197713
0.0197714
0.0197715
0.0197716
0.0197717
0.0197718
0.0197719
0.019772
0.0197721
0.0197721
0.0197722
0.0197723
0.0197724
0.0197725
0.0197726
0.0197727
0.0197728
0.0197729
0.019773
0.0197731
0.0197732
0.0197733
0.0197734
0.0197735
0.0197736
0.0197737
0.0197738
0.0197739
0.019774
0.0197741
0.0197742
0.0197743
0.0197744
0.0197745
0.0197745
0.0197746
0.0197747
0.0197748
0.0197749
0.019775
0.0197751
0.0197752
0.0197753
0.0197754
0.0197755
0.0197756
0.0197757
0.0197758
0.0197759
0.019776
0.0197761
0.0197762
0.0197763
0.0197764
0.0197765
0.0197765
0.0197766
0.0197767
0.0197768
0.0197769
0.019777
0.0197771
0.0197772
0.0197773
0.0197774
0.0197775
0.0197776
0.0197777
0.0197778
0.0197779
0.019778
0.0197781
0.0197782
0.0197782
0.0197783
0.0197784
0.0197785
0.0197786
0.0197787
0.0197788
0.0197789
0.019779
0.0197791
0.0197792
0.0197793
0.0197794
0.0197795
0.0197796
0.0197797
0.0197797
0.0197798
0.0197799
0.01978
0.0197801
0.0197802
0.0197803
0.0192346
0.0197805
0.0197806
0.0197807
0.0197808
0.0197809
0.019781
0.0197811
0.0197811
0.0197812
0.0197813
0.0192358
0.0197815
0.0197816
0.0197817
0.0197818
0.0197819
0.019782
0.0197821
0.0197822
0.0197823
0.0197824
0.0197824
0.0197825
0.0197826
0.0197827
0.0197828
0.0197829
0.019783
0.0197831
0.0197832
0.0197833
0.0197834
0.0197835
0.0197836
0.0197836
0.0197837
0.0197838
0.0197839
0.019784
0.0197841
0.0197842
0.0197843
0.0197844
0.0197845
0.0197846
0.0197847
0.0197848
0.0197848
0.0197849
0.019785
0.01924
0.0197852
0.0197853
0.0197854
0.0197855
0.0197856
0.0197857
0.0197858
0.0197859
0.0197859
0.019786
0.0197861
0.0197862
0.0197863
0.0197864
0.0197865
0.0197866
0.0197867
0.0197868
0.0197869
0.0197869
0.019787
0.0197871
0.0197872
0.0197873
0.0197874
0.0197875
0.0197876
0.0197877
0.0197878
0.0197879
0.0197879
0.019788
0.0197881
0.0197882
0.0197883
0.0197884
0.0197885
0.0197886
0.0197887
0.0197888
0.0197888
0.0197889
0.019789
0.0197891
0.0197892
0.0197893
0.0197894
0.0197895
0.0197896
0.0197897
0.0197897
0.0197898
0.0197899
0.01979
0.0197901
0.0197902
0.0197903
0.0197904
0.0197905
0.0197906
0.0197906
0.0197907
0.0197908
0.0197909
0.019791
0.0197911
0.0197912
0.0197913
0.0197914
0.0197915
0.0197915
0.0197916
0.0197917
0.0197918
0.0197919
0.019792
0.0197921
0.0197922
0.0197923
0.0197923
0.0197924
0.0197925
0.0197926
0.0197927
0.0197928
0.0197929
0.019793
0.0197931
0.0197931
0.0197932
0.0197933
0.0197934
0.0197935
0.0197936
0.0197937
0.0197938
0.0197939
0.0197939
0.019794
0.0197941
0.0197942
0.0197943
0.0197944
0.0197945
0.0197946
0.0197946
0.0197947
0.0197948
0.0197949
0.019795
0.0197951
0.0197952
0.0197953
0.0197954
0.0197954
0.0197955
0.0197956
0.0197957
0.0197958
0.0197959
0.019796
0.0197961
0.0197961
0.0197962
0.0197963
0.0197964
0.0197965
0.0197966
0.0197967
0.0197968
0.0197968
0.0197969
0.019797
0.0197971
0.0197972
0.0197973
0.0197974
0.0197975
0.0197975
0.0197976
0.0197977
0.0197978
0.0197979
0.019798
0.0197981
0.0197981
0.0197982
0.0197983
0.0197984
0.0197985
0.0197986
0.0197987
0.0197988
0.0197988
0.0197989
0.019799
0.0197991
0.0197992
0.0197993
0.0197994
0.0197994
0.0197995
0.0197996
0.0197997
0.0197998
0.0197999
0.0198
0.0198001
0.0198001
0.0198002
0.0198003
0.0198004
0.0198005
0.0198006
0.0198007
0.0198007
0.0198008
0.0198009
0.019801
0.0198011
0.0198012
0.0198013
0.0198013
0.0198014
0.0198015
0.0198016
0.0198017
0.0198018
0.0198019
0.0198019
0.019802
0.0198021
0.0198022
0.0198023
0.0198024
0.0198025
0.0198025
0.0198026
0.0198027
0.0198028
0.0198029
0.019803
0.0198031
0.0198031
0.0198032
0.0198033
0.0198034
0.0198035
0.0192629
0.0198037
0.0198037
0.0198038
0.0198039
0.019804
0.0198041
0.0198042
0.0198042
0.0198043
0.0198044
0.0198045
0.0198046
0.0192644
0.0198048
0.0198048
0.0198049
0.019805
0.0198051
0.0198052
0.0198053
0.0198053
0.0198054
0.0198055
0.0198056
0.0198057
0.0198058
0.0198059
0.0198059
0.019806
0.0198061
0.0198062
0.0198063
0.0198064
0.0198064
0.0198065
0.0198066
0.0198067
0.0198068
0.0198069
0.0198069
0.019807
0.0198071
0.0198072
0.0198073
0.0198074
0.0198074
0.0198075
0.0198076
0.0198077
0.0198078
0.0198079
0.0198079
0.019808
0.0198081
0.0198082
0.0198083
0.0192693
0.0198084
0.0198085
0.0198086
0.0198087
0.0198088
0.0198089
0.0198089
0.019809
0.0198091
0.0198092
0.0198093
0.0198094
0.0198094
0.0198095
0.0198096
0.0198097
0.0198098
0.0198099
0.0198099
0.01981
0.0198101
0.0198102
0.0198103
0.0198104
0.0198104
0.0198105
0.0198106
0.0198107
0.0198108
0.0198109
0.0198109
0.019811
0.0198111
0.0198112
0.0198113
0.0198113
0.0198114
0.0198115
0.0198116
0.0198117
0.0198118
0.0198118
0.0198119
0.019812
0.0198121
0.0192745
0.0198123
0.0198123
0.0198124
0.0198125
0.0198126
0.0198127
0.0198127
0.0198128
0.0198129
0.019813
0.0198131
0.0198132
0.0198132
0.0198133
0.0198134
0.0198135
0.0198136
0.0198136
0.0198137
0.0198138
0.0198139
0.019814
0.0198141
0.0198141
0.0198142
0.0198143
0.0198144
0.0198145
0.0198145
0.0198146
0.0198147
0.0198148
0.0198149
0.0198149
0.019815
0.0198151
0.0198152
0.0198153
0.0198153
0.0198154
0.0198155
0.0198156
0.0198157
0.0198158
0.0198158
0.0198159
0.019816
0.0198161
0.0198162
0.0198162
0.0198163
0.0198164
0.0198165
0.0198166
0.0198166
0.0198167
0.0198168
0.0198169
0.019817
0.019817
0.0198171
0.0198172
0.0198173
0.0198174
0.0198174
0.0198175
0.0198176
0.0198177
0.0198178
0.0198178
0.0198179
0.019818
0.0198181
0.0198182
0.0198182
0.0198183
0.0198184
0.0198185
0.0198186
0.0198186
0.0198187
0.0198188
0.0198189
0.019819
0.019819
0.0198191
0.0198192
0.0198193
0.0198194
0.0198194
0.019285
0.0198196
0.0198197
0.0198198
0.0198198
0.0198199
0.01982
0.0198201
0.0198202
0.0198202
0.0198203
0.0198204
0.0198205
0.0198206
0.0198206
0.0198207
0.0198208
0.0198209
0.019821
0.019821
0.0198211
0.0198212
0.0198213
0.0198213
0.0198214
0.0198215
0.0198216
0.0198217
0.0198217
0.0192884
0.0198219
0.019822
0.0198221
0.0198221
0.0198222
0.0198223
0.0198224
0.0198224
0.0198225
0.0198226
0.0198227
0.0198228
0.0198228
0.0198229
0.019823
0.0198231
0.0198232
0.0198232
0.0198233
0.0198234
0.0198235
0.0198235
0.0198236
0.0198237
0.0198238
0.0198239
0.0198239
0.019824
0.0192918
0.0198242
0.0198242
0.0198243
0.0198244
0.0198245
0.0192925
0.0198246
0.0198247
0.0198248
0.0198249
0.0198249
0.019825
0.0198251
0.0198252
0.0198253
0.0198253
0.0198254
0.0198255
0.0198256
0.0198256
0.0198257
0.0198258
0.0198259
0.019826
0.019826
0.0198261
0.0198262
0.0198263
0.0198263
0.0198264
0.0198265
0.0192955
0.0198267
0.0198267
0.0192959
0.0198269
0.019827
0.019827
0.0198271
0.0198272
0.0198273
0.0198273
0.0198274
0.0198275
0.0198276
0.0198277
0.0198277
0.0198278
0.0198279
0.019828
0.019828
0.0198281
0.0198282
0.0198283
0.0198283
0.0198284
0.0198285
0.0198286
0.0198287
0.0198287
0.0198288
0.0198289
0.019829
0.019829
0.0198291
0.0198292
0.0198293
0.0192998
0.0198294
0.0193
0.0198296
0.0198296
0.0198297
0.0198298
0.0198299
0.0198299
0.01983
0.0198301
0.0198302
0.0198303
0.0198303
0.0198304
0.0198305
0.0198306
0.0198306
0.0198307
0.0198308
0.0198309
0.0198309
0.019831
0.0198311
0.0198312
0.0198312
0.0198313
0.0198314
0.0193031
0.0198315
0.0198316
0.0198317
0.0198318
0.0198318
0.0198319
0.019832
0.0198321
0.0198321
0.0198322
0.0198323
0.0193046
0.0198324
0.0198325
0.0198326
0.0198327
0.0198327
0.0198328
0.0198329
0.019833
0.019833
0.0198331
0.0198332
0.0198333
0.0198333
0.0198334
0.0198335
0.0198336
0.0198336
0.0198337
0.0193069
0.0198339
0.0193071
0.019834
0.0198341
0.0198342
0.0198342
0.0198343
0.0198344
0.0198345
0.0198345
0.0198346
0.0198347
0.0198348
0.0198348
0.0198349
0.019835
0.0198351
0.0198351
0.0198352
0.0198353
0.0193094
0.0193095
0.0193096
0.0193098
0.0198357
0.0198357
0.0193101
0.0198359
0.019836
0.019836
0.0198361
0.0198362
0.0198363
0.0198363
0.0198364
0.0198365
0.0198365
0.0198366
0.0198367
0.0198368
0.0198368
0.0198369
0.019837
0.0198371
0.0198371
0.0198372
0.0198373
0.0198374
0.0198374
0.0198375
0.0198376
0.0198377
0.0198377
0.0198378
0.0198379
0.0198379
0.019838
0.0198381
0.0198382
0.0193141
0.0198383
0.0193144
0.0198385
0.0198385
0.0198386
0.0198387
0.0198388
0.0198388
0.0198389
0.019839
0.019839
0.0198391
0.0198392
0.0198393
0.0198393
0.0198394
0.0193162
0.0198396
0.0198396
0.0198397
0.0198398
0.0198398
0.0193169
0.01984
0.0198401
0.0198401
0.0198402
0.0198403
0.0198404
0.0198404
0.0198405
0.0198406
0.0198406
0.0198407
0.0198408
0.0198409
0.0198409
0.019841
0.0198411
0.0198412
0.0198412
0.0198413
0.0198414
0.0198414
0.0198415
0.0198416
0.0198417
0.0198417
0.0198418
0.0198419
0.0198419
0.019842
0.0198421
0.0198422
0.0198422
0.0198423
0.0198424
0.0198425
0.0198425
0.0198426
0.0198427
0.0198427
0.0198428
0.0198429
0.019843
0.019843
0.0198431
0.0198432
0.0198432
0.0198433
0.0198434
0.0198435
0.0193231
0.0198436
0.0198437
0.0198437
0.0198438
0.0198439
0.019844
0.019844
0.0198441
0.0198442
0.0198442
0.0198443
0.0193246
0.0198445
0.0198445
0.0193249
0.0198447
0.0198447
0.0198448
0.0198449
0.019845
0.019845
0.0198451
0.0198452
0.0198452
0.0198453
0.0198454
0.0198455
0.0198455
0.0198456
0.0198457
0.0198457
0.0198458
0.0198459
0.019846
0.019846
0.0193275
0.0198462
0.0198462
0.0198463
0.0198464
0.0193282
0.0198465
0.0198466
0.0198467
0.0198467
0.0198468
0.0198469
0.0198469
0.019847
0.0198471
0.0198472
0.0198472
0.0198473
0.0198474
0.0198474
0.0198475
0.0198476
0.0198476
0.0198477
0.0198478
0.0198479
0.0198479
0.019848
0.019331
0.0198481
0.0198482
0.0198483
0.0198483
0.0198484
0.0198485
0.0198486
0.019332
0.0198487
0.0198488
0.0198488
0.0198489
0.019849
0.019849
0.0198491
0.019333
0.0198493
0.0198493
0.0193334
0.0198495
0.0198495
0.0198496
0.0198497
0.0198497
0.0198498
0.0198499
0.01985
0.01985
0.0198501
0.0198502
0.0193349
0.0198503
0.0198504
0.0198504
0.0198505
0.0198506
0.0198506
0.0198507
0.0198508
0.0198509
0.0198509
0.019851
0.0198511
0.0198511
0.0198512
0.0198513
0.0198513
0.0198514
0.0198515
0.0198515
0.0198516
0.0198517
0.0198518
0.0198518
0.0198519
0.019852
0.019852
0.0198521
0.0198522
0.0198522
0.0198523
0.0198524
0.0198524
0.0198525
0.0198526
0.0198526
0.0198527
0.0198528
0.0198529
0.0198529
0.019853
0.0198531
0.0198531
0.0198532
0.0198533
0.0198533
0.0198534
0.0198535
0.0198535
0.0198536
0.0198537
0.0198537
0.0198538
0.0198539
0.019854
0.019854
0.0198541
0.0198542
0.0198542
0.0198543
0.0198544
0.0198544
0.0193428
0.0198546
0.0198546
0.0198547
0.0198548
0.0198548
0.0198549
0.019855
0.019855
0.0198551
0.0198552
0.0198552
0.0198553
0.0198554
0.0193446
0.0198555
0.0198556
0.0198557
0.0198557
0.0198558
0.0198559
0.0198559
0.019856
0.0198561
0.0198561
0.0198562
0.0198563
0.0198563
0.0198564
0.0198565
0.0198565
0.0198566
0.0193469
0.0198567
0.0198568
0.0198569
0.0193474
0.019857
0.0198571
0.0198571
0.0198572
0.0198573
0.0198573
0.0198574
0.0198575
0.0198575
0.0198576
0.0198577
0.0198577
0.0198578
0.0198579
0.0198579
0.019858
0.0198581
0.0198581
0.0198582
0.0193499
0.0198583
0.0193502
0.0198585
0.0198585
0.0198586
0.0198587
0.0198587
0.0198588
0.0198589
0.0198589
0.0193514
0.0198591
0.0198591
0.0193517
0.0198593
0.0198593
0.0198594
0.0198595
0.0198595
0.0198596
0.0198597
0.0198597
0.0198598
0.0198599
0.0198599
0.01986
0.0198601
0.0198601
0.0198602
0.0198603
0.0198603
0.0198604
0.0198605
0.0198605
0.0198606
0.0198607
0.0198607
0.0198608
0.0198609
0.0198609
0.019861
0.0198611
0.0198611
0.0198612
0.0198613
0.0193559
0.0198614
0.0198615
0.0198615
0.0198616
0.0193565
0.0198617
0.0198618
0.0198619
0.0198619
0.019862
0.0198621
0.0198621
0.0198622
0.0198623
0.0198623
0.0198624
0.0198624
0.0198625
0.0198626
0.0198626
0.0198627
0.0198628
0.0198628
0.0198629
0.019863
0.019863
0.0198631
0.0198632
0.0198632
0.0198633
0.0198634
0.0198634
0.0198635
0.0198636
0.0198636
0.0198637
0.0198638
0.0198638
0.0198639
0.019864
0.019864
0.0198641
0.0198641
0.0198642
0.0193618
0.0198643
0.0198644
0.0198645
0.0198645
0.0198646
0.0198647
0.0198647
0.0198648
0.0198649
0.0198649
0.019865
0.0198651
0.0198651
0.0198652
0.0198653
0.0198653
0.0198654
0.0198654
0.0193642
0.0198656
0.0198656
0.0198657
0.0198658
0.0198658
0.0198659
0.019866
0.019866
0.0198661
0.0198662
0.0198662
0.0198663
0.0198663
0.0193661
0.0198665
0.0198665
0.0198666
0.0198667
0.0198667
0.0198668
0.019367
0.0198669
0.019867
0.0198671
0.0193675
0.0198672
0.0198672
0.0198673
0.0198674
0.0193682
0.0198675
0.0198676
0.0198676
0.0193687
0.0198678
0.0198678
0.0198679
0.019868
0.019868
0.0198681
0.0198681
0.0198682
0.0198683
0.0198683
0.0198684
0.0198685
0.0198685
0.0198686
0.0198687
0.0198687
0.0198688
0.0198688
0.0198689
0.019869
0.0193715
0.0198691
0.0198692
0.0198692
0.0198693
0.0198694
0.0198694
0.0198695
0.0198695
0.0198696
0.0198697
0.0198697
0.0198698
0.0198699
0.0198699
0.01987
0.01987
0.0198701
0.0198702
0.0198702
0.0198703
0.0198704
0.0198704
0.0198705
0.0198706
0.0198706
0.0198707
0.0198707
0.0198708
0.0198709
0.0198709
0.019871
0.0198711
0.0198711
0.0198712
0.0198712
0.0198713
0.0198714
0.0198714
0.0198715
0.0198716
0.0198716
0.0198717
0.0198717
0.0198718
0.0198719
0.0198719
0.019872
0.0198721
0.0198721
0.0198722
0.0198722
0.0198723
0.0198724
0.0198724
0.0198725
0.0198726
0.0198726
0.0198727
0.0198727
0.0198728
0.0198729
0.0193798
0.019873
0.0198731
0.0198731
0.0198732
0.0198732
0.0198733
0.0198734
0.0198734
0.019381
0.0198736
0.0198736
0.0198737
0.0198737
0.0198738
0.0198739
0.0198739
0.019874
0.0198741
0.0198741
0.0198742
0.0193826
0.0198743
0.0198744
0.0198744
0.0198745
0.0198745
0.0198746
0.0198747
0.0198747
0.0198748
0.0198749
0.0198749
0.019875
0.019875
0.0198751
0.0198752
0.0198752
0.0198753
0.0198753
0.0198754
0.0193853
0.0198755
0.0198756
0.0198757
0.0198757
0.0198758
0.0198758
0.0198759
0.019876
0.019876
0.0198761
0.0198761
0.0198762
0.0198763
0.0198763
0.0198764
0.0193875
0.0198765
0.0193878
0.0198766
0.0198767
0.0198768
0.0198768
0.0198769
0.0198769
0.0193887
0.0198771
0.019389
0.0198772
0.0198772
0.0198773
0.0198774
0.0198774
0.0198775
0.0198776
0.0198776
0.0198777
0.0198777
0.0198778
0.0198779
0.0198779
0.019878
0.019878
0.0198781
0.0198782
0.0198782
0.0198783
0.0198783
0.0193918
0.0198785
0.0198785
0.0198786
0.0198786
0.0198787
0.0193927
0.0198788
0.0198789
0.0198789
0.019879
0.0198791
0.0193935
0.0198792
0.0198792
0.0198793
0.019394
0.0198794
0.0193943
0.0198795
0.0198796
0.0198797
0.0193949
0.0198798
0.0198799
0.0198799
0.01988
0.01988
0.0198801
0.0198802
0.0198802
0.0198803
0.0198803
0.0198804
0.0198805
0.0198805
0.0198806
0.0198806
0.0193971
0.0193972
0.0198808
0.0198809
0.0198809
0.019881
0.019881
0.0198811
0.0198812
0.0198812
0.0198813
0.0198813
0.0198814
0.0198815
0.0198815
0.0198816
0.0198816
0.0198817
0.0198818
0.0198818
0.0198819
0.0198819
0.019882
0.0198821
0.0198821
0.0198822
0.0198822
0.0198823
0.0198824
0.0198824
0.0198825
0.0198825
0.0194015
0.0198827
0.0198827
0.0198828
0.0198828
0.0198829
0.019883
0.019883
0.0198831
0.0194027
0.0198832
0.0198832
0.0198833
0.0198834
0.0198834
0.0198835
0.0198835
0.0198836
0.019404
0.0198837
0.0198838
0.0198838
0.0198839
0.019884
0.019884
0.0198841
0.0198841
0.0198842
0.0198843
0.0198843
0.0198844
0.0198844
0.0198845
0.0198845
0.0198846
0.0198847
0.0198847
0.0198848
0.0198848
0.0198849
0.019885
0.019885
0.0198851
0.0198851
0.0198852
0.0198852
0.0198853
0.0198854
0.0198854
0.0198855
0.0198855
0.0198856
0.0198857
0.0198857
0.0198858
0.0198858
0.0198859
0.0198859
0.019886
0.0198861
0.0198861
0.0198862
0.0198862
0.0198863
0.0198864
0.0198864
0.0198865
0.0198865
0.0198866
0.0198866
0.0198867
0.0198868
0.0198868
0.0198869
0.0198869
0.019887
0.0198871
0.0198871
0.0198872
0.0198872
0.0198873
0.0198873
0.0198874
0.0194131
0.0198875
0.0198876
0.0198876
0.0198877
0.0198877
0.0198878
0.0198879
0.0198879
0.019888
0.019888
0.0198881
0.0194147
0.0198882
0.0198883
0.0198883
0.0198884
0.0198884
0.0198885
0.0198886
0.0198886
0.0198887
0.0198887
0.0198888
0.0198888
0.0198889
0.019889
0.019889
0.0198891
0.0194171
0.0198892
0.0198892
0.0198893
0.0198894
0.0198894
0.0198895
0.0198895
0.0198896
0.0198896
0.0198897
0.0198898
0.0198898
0.019419
0.0198899
0.01989
0.01989
0.0198901
0.0198902
0.0198902
0.0198903
0.0198903
0.0198904
0.0198904
0.0198905
0.0198906
0.0198906
0.0198907
0.0198907
0.0198908
0.0198908
0.0198909
0.0198909
0.019891
0.0198911
0.0198911
0.0198912
0.0198912
0.0198913
0.0198913
0.0198914
0.0198915
0.0198915
0.0198916
0.0198916
0.0194235
0.0198917
0.0198918
0.0198919
0.0198919
0.019892
0.019892
0.0198921
0.0198921
0.0198922
0.0198922
0.0198923
0.0198924
0.0198924
0.0198925
0.0198925
0.0194258
0.0198926
0.0198927
0.0198928
0.0198928
0.0198929
0.0198929
0.019893
0.019893
0.0198931
0.0198931
0.0198932
0.0194275
0.0198933
0.0198934
0.0198934
0.0198935
0.0198935
0.0198936
0.0198937
0.0198937
0.0198938
0.0198938
0.0194291
0.0198939
0.0194294
0.019894
0.0194297
0.0198942
0.0198942
0.0198943
0.0198943
0.0198944
0.0198944
0.0194307
0.0198945
0.0198946
0.0198947
0.0198947
0.0198948
0.0194315
0.0198949
0.0198949
0.019895
0.019895
0.0198951
0.0194324
0.0198952
0.0194327
0.0194328
0.0198954
0.0198954
0.0198955
0.0198955
0.0198956
0.0198957
0.0198957
0.0198958
0.0198958
0.0198959
0.0198959
0.019896
0.019896
0.0194349
0.0198961
0.0198962
0.0198963
0.0198963
0.0198964
0.0194357
0.0198965
0.0198965
0.0198966
0.0198966
0.0194365
0.0198968
0.0198968
0.0198969
0.0198969
0.019897
0.019897
0.0198971
0.0198971
0.0198972
0.0198972
0.0198973
0.0198974
0.0198974
0.0198975
0.0194386
0.0198976
0.0198976
0.0198977
0.0198977
0.0198978
0.0194395
0.0198979
0.019898
0.019898
0.0198981
0.0194402
0.0198982
0.0198982
0.0198983
0.0198983
0.0198984
0.0198984
0.0198985
0.0198986
0.0198986
0.0198987
0.0198987
0.0198988
0.0198988
0.0198989
0.0198989
0.019899
0.019899
0.0198991
0.0198992
0.0198992
0.0198993
0.0198993
0.0198994
0.0198994
0.0198995
0.019444
0.0198996
0.0198996
0.0198997
0.0198997
0.0198998
0.0198999
0.0198999
0.0199
0.0199
0.0199001
0.0199001
0.0199002
0.0199002
0.0199003
0.0199003
0.0199004
0.0199004
0.0199005
0.0199006
0.0199006
0.0199007
0.0199007
0.0194474
0.0199008
0.0199009
0.0199009
0.019901
0.019901
0.0199011
0.0199011
0.0199012
0.0199013
0.0199013
0.0199014
0.0199014
0.0199015
0.0199015
0.0199016
0.0199016
0.0199017
0.0199017
0.0199018
0.0199018
0.0199019
0.0199019
0.019902
0.0199021
0.0199021
0.0199022
0.0199022
0.0199023
0.0194517
0.0194518
0.0199024
0.0194521
0.0199025
0.0194524
0.0194526
0.0194527
0.0199027
0.019453
0.0199029
0.0194533
0.019903
0.019903
0.0199031
0.0199031
0.0199032
0.0199032
0.0199033
0.0199033
0.0199034
0.0199034
0.0199035
0.0199035
0.0199036
0.0199036
0.0199037
0.0199038
0.0199038
0.0199039
0.0199039
0.019904
0.019904
0.0199041
0.0199041
0.0199042
0.0199042
0.0199043
0.0199043
0.0199044
0.0199044
0.0199045
0.0199045
0.0199046
0.0199046
0.0199047
0.0199048
0.0199048
0.0199049
0.0199049
0.019905
0.019905
0.0199051
0.0199051
0.0199052
0.0199052
0.0199053
0.0199053
0.0199054
0.0199054
0.0199055
0.0199055
0.0199056
0.0199056
0.0199057
0.0199057
0.0199058
0.0199058
0.0199059
0.019906
0.0194621
0.0194622
0.0199061
0.0194625
0.0199062
0.0194628
0.0199063
0.0194631
0.0199064
0.0199065
0.0199065
0.0199066
0.0199066
0.0199067
0.0199067
0.0199068
0.0194645
0.0199069
0.0194648
0.019907
0.0194651
0.0199071
0.0194654
0.0194655
0.0194657
0.0194658
0.019466
0.0199074
0.0194663
0.0199075
0.0199076
0.0199076
0.0199077
0.0199077
0.0199078
0.0199078
0.0199079
0.0199079
0.019908
0.019908
0.0199081
0.0199081
0.0199082
0.0199082
0.0199083
0.0199083
0.0199084
0.0199084
0.0199085
0.0199085
0.0199086
0.0199086
0.0199087
0.0199087
0.0199088
0.0199088
0.0199089
0.0199089
0.019909
0.0199091
0.0199091
0.0199092
0.0199092
0.0199093
0.0199093
0.0199094
0.0199094
0.0199095
0.0199095
0.0199096
0.0199096
0.0194728
0.0199097
0.0199098
0.0199098
0.0199099
0.0199099
0.01991
0.01991
0.0199101
0.0199101
0.0199102
0.0199102
0.0199103
0.0199103
0.0199104
0.0199104
0.0199105
0.0199105
0.0199106
0.0199106
0.0199107
0.0199107
0.0199108
0.0199108
0.0199109
0.0199109
0.019911
0.019911
0.0199111
0.0199111
0.0199112
0.0199112
0.0199113
0.0199113
0.0199114
0.0199114
0.0199115
0.0199115
0.0194785
0.0194787
0.0199117
0.0199117
0.0199118
0.0199118
0.0199119
0.0199119
0.019912
0.019912
0.0199121
0.0199121
0.0199122
0.0199122
0.0199123
0.0199123
0.0199124
0.0199124
0.0199125
0.0194814
0.0199126
0.0199126
0.0199127
0.0199127
0.0199128
0.0194824
0.0194825
0.0199129
0.019913
0.019913
0.0199131
0.0199131
0.0199132
0.0199132
0.0199133
0.0199133
0.0194841
0.0199134
0.0199135
0.0199135
0.0199136
0.0199136
0.0199137
0.0199137
0.0199138
0.0199138
0.0199139
0.0199139
0.019914
0.019914
0.0199141
0.0199141
0.0199142
0.0199142
0.0199143
0.0199143
0.0199144
0.0199144
0.0194874
0.0199145
0.0199146
0.0199146
0.0199147
0.0199147
0.0199148
0.0199148
0.0199149
0.0199149
0.019915
0.019915
0.0199151
0.0199151
0.0199152
0.0199152
0.0199153
0.0199153
0.0199154
0.0199154
0.0199155
0.0199155
0.0199156
0.0199156
0.0199157
0.0194913
0.0194915
0.0199158
0.0199159
0.0199159
0.019916
0.019916
0.0199161
0.0199161
0.0199162
0.0199162
0.0199163
0.0199163
0.0194933
0.0199164
0.0199164
0.0199165
0.0199165
0.0199166
0.0199166
0.0199167
0.0199167
0.0199168
0.0199168
0.0199169
0.0199169
0.019917
0.019917
0.0199171
0.0199171
0.0199172
0.0199172
0.0199173
0.0199173
0.0194966
0.0199174
0.0199175
0.0199175
0.0199176
0.0199176
0.0199177
0.0194977
0.0194978
0.0199178
0.0199179
0.0199179
0.019918
0.019918
0.0199181
0.0199181
0.0199181
0.0199182
0.0199182
0.0199183
0.0199183
0.0199184
0.0199184
0.0199185
0.0199185
0.0199186
0.0199186
0.0199187
0.0199187
0.0199188
0.0199188
0.0199189
0.0199189
0.019919
0.019919
0.0199191
0.0199191
0.0199192
0.0199192
0.0199193
0.0199193
0.0199194
0.0199194
0.0199194
0.0199195
0.0195036
0.0199196
0.0199196
0.0199197
0.0199197
0.0199198
0.0199198
0.0199199
0.0199199
0.01992
0.0195052
0.0199201
0.0199201
0.0199202
0.0199202
0.0199203
0.0195061
0.0199204
0.0199204
0.0199204
0.0199205
0.0199205
0.0199206
0.0199206
0.0199207
0.0195076
0.0199208
0.0199208
0.0199209
0.0199209
0.019921
0.019921
0.0199211
0.0199211
0.0199212
0.0199212
0.0195093
0.0199213
0.0199214
0.0199214
0.0199214
0.0199215
0.0199215
0.0199216
0.0199216
0.0199217
0.0199217
0.0199218
0.0199218
0.0199219
0.0199219
0.019922
0.019922
0.0199221
0.0199221
0.0199222
0.0199222
0.0199222
0.0199223
0.0199223
0.0199224
0.0199224
0.0199225
0.0195136
0.0199226
0.0199226
0.0199227
0.0199227
0.0199228
0.0199228
0.0199229
0.0199229
0.019923
0.019923
0.019923
0.0199231
0.0199231
0.0199232
0.0199232
0.0199233
0.0199233
0.0199234
0.0199234
0.0199235
0.0199235
0.0199236
0.0199236
0.0199237
0.0199237
0.0199237
0.0199238
0.0199238
0.0199239
0.0199239
0.019924
0.019924
0.0199241
0.0199241
0.0199242
0.0199242
0.0199243
0.0199243
0.0199243
0.0199244
0.0199244
0.0199245
0.0195204
0.0199246
0.0199246
0.0199247
0.0199247
0.0199248
0.0199248
0.0199249
0.0195217
0.019925
0.019925
0.019925
0.0199251
0.0199251
0.0199252
0.0199252
0.0199253
0.0199253
0.0195233
0.0199254
0.0199255
0.0199255
0.0199255
0.0199256
0.0199256
0.0199257
0.0199257
0.0199258
0.0199258
0.0199259
0.0199259
0.019926
0.019926
0.0199261
0.0199261
0.0199261
0.0199262
0.0199262
0.0195265
0.0199263
0.0199264
0.0199264
0.0199265
0.0199265
0.0199266
0.0195277
0.0199266
0.0199267
0.0199267
0.0199268
0.0199268
0.0199269
0.0199269
0.019529
0.019927
0.0199271
0.0199271
0.0199272
0.0199272
0.0199272
0.0199273
0.0195303
0.0199274
0.0199274
0.0199275
0.0199275
0.0199276
0.0199276
0.0199277
0.0199277
0.0199277
0.0199278
0.0199278
0.0199279
0.0199279
0.019928
0.019928
0.0199281
0.0199281
0.0199281
0.0199282
0.0199282
0.0195337
0.0199283
0.0199284
0.0199284
0.0199285
0.0199285
0.0199286
0.0199286
0.0199286
0.0199287
0.0199287
0.0199288
0.0199288
0.0199289
0.0199289
0.0195361
0.019929
0.019929
0.0199291
0.0199291
0.0199292
0.0199292
0.0199293
0.0199293
0.0199294
0.0199294
0.0199295
0.0199295
0.0199295
0.0199296
0.0199296
0.0199297
0.0199297
0.0199298
0.0199298
0.0199299
0.0199299
0.0199299
0.0195399
0.01993
0.0199301
0.0199301
0.0199302
0.0199302
0.0199303
0.0199303
0.0199303
0.0199304
0.0199304
0.0199305
0.0199305
0.0199306
0.0199306
0.0199307
0.0199307
0.0199307
0.0199308
0.0199308
0.0199309
0.0199309
0.019931
0.019931
0.0199311
0.0199311
0.0195441
0.0199312
0.0199312
0.0195446
0.0199313
0.0199314
0.0199314
0.0199315
0.0199315
0.0199315
0.0199316
0.0199316
0.0199317
0.0199317
0.0199318
0.0199318
0.0199318
0.0199319
0.0199319
0.019932
0.019932
0.0199321
0.0199321
0.0195479
0.0199322
0.0199322
0.0199323
0.0199323
0.0199324
0.0199324
0.0199325
0.0199325
0.0199326
0.0199326
0.0199326
0.0199327
0.0199327
0.0199328
0.0199328
0.0199329
0.0199329
0.0199329
0.019933
0.019933
0.0199331
0.0199331
0.0199332
0.0199332
0.0199333
0.0199333
0.0199333
0.0199334
0.0199334
0.0199335
0.0199335
0.0199336
0.0195534
0.0199336
0.0199337
0.0199337
0.0199338
0.0199338
0.0199339
0.0199339
0.0199339
0.019934
0.019934
0.0199341
0.0199341
0.0199342
0.0199342
0.0195559
0.0199343
0.0199343
0.0199344
0.0199344
0.0199345
0.0199345
0.0199346
0.0199346
0.0199346
0.0199347
0.0199347
0.0199348
0.0199348
0.0199349
0.0199349
0.0199349
0.019935
0.019935
0.0199351
0.0199351
0.0199352
0.0199352
0.0199352
0.0199353
0.0199353
0.0199354
0.0199354
0.0199355
0.0199355
0.0199355
0.0199356
0.0199356
0.0199357
0.0199357
0.0199358
0.0199358
0.0199358
0.0199359
0.0199359
0.019936
0.019936
0.0199361
0.0199361
0.0199361
0.0199362
0.0199362
0.0199363
0.0199363
0.0199364
0.0199364
0.0199364
0.0199365
0.0199365
0.0199366
0.0199366
0.0199366
0.0199367
0.0199367
0.0199368
0.0199368
0.0199369
0.0199369
0.0199369
0.019937
0.019937
0.0199371
0.0199371
0.0195673
0.0199372
0.0199372
0.0199373
0.0199373
0.0199374
0.0199374
0.0199375
0.0199375
0.0199375
0.0199376
0.0199376
0.0199377
0.0199377
0.0199377
0.0199378
0.0199378
0.0199379
0.0199379
0.019938
0.019938
0.019938
0.0199381
0.0199381
0.0199382
0.0199382
0.0199383
0.0199383
0.0199383
0.0199384
0.0199384
0.0199385
0.0199385
0.0199385
0.0199386
0.0199386
0.0199387
0.0199387
0.0199388
0.0199388
0.0199388
0.0195742
0.0199389
0.019939
0.019939
0.019939
0.0199391
0.0199391
0.0199392
0.0199392
0.0199393
0.0199393
0.0199393
0.0199394
0.0199394
0.0199395
0.0199395
0.0199395
0.0199396
0.0199396
0.0199397
0.0195776
0.0199398
0.0199398
0.0199398
0.0199399
0.0199399
0.01994
0.01994
0.01994
0.0199401
0.0199401
0.0199402
0.0195796
0.0199403
0.0199403
0.0199403
0.0195803
0.0199404
0.0199405
0.0199405
0.019581
0.0199406
0.0199406
0.0199407
0.0199407
0.0199407
0.0199408
0.0199408
0.0199409
0.0199409
0.019941
0.019941
0.019941
0.0199411
0.0199411
0.0199412
0.0199412
0.0199412
0.0199413
0.0199413
0.0199414
0.0199414
0.0199414
0.0199415
0.0199415
0.0199416
0.0199416
0.0199416
0.0199417
0.0199417
0.0195861
0.0199418
0.0199419
0.0199419
0.0199419
0.019942
0.019942
0.0199421
0.0199421
0.0199421
0.0199422
0.0199422
0.0199423
0.0199423
0.0199423
0.0199424
0.0199424
0.0195891
0.0199425
0.0199425
0.0199426
0.0199426
0.0199427
0.0199427
0.0199427
0.0199428
0.0199428
0.0195908
0.019591
0.019943
0.019943
0.019943
0.0199431
0.0199431
0.0199432
0.0199432
0.0199432
0.0199433
0.0199433
0.0199434
0.0199434
0.0199434
0.0199435
0.0199435
0.0195937
0.0199436
0.0199436
0.0199437
0.0199437
0.0199438
0.0199438
0.0199438
0.0199439
0.0199439
0.019944
0.019944
0.0195958
0.0199441
0.0199441
0.0199442
0.0199442
0.0199442
0.0199443
0.0199443
0.0199444
0.0199444
0.0199444
0.0199445
0.0199445
0.0199446
0.0199446
0.0195984
0.0199447
0.0199447
0.0199448
0.0199448
0.0199448
0.0199449
0.0199449
0.019945
0.019945
0.019945
0.0199451
0.0199451
0.0199452
0.0199452
0.0199452
0.0199453
0.0199453
0.0199454
0.0199454
0.0199454
0.0199455
0.0199455
0.0196024
0.0199456
0.0199456
0.0199457
0.0199457
0.0199457
0.0199458
0.0199458
0.0199459
0.0199459
0.0199459
0.019946
0.019946
0.0199461
0.0199461
0.0199461
0.0196052
0.0199462
0.0199463
0.0199463
0.0199463
0.0199464
0.0199464
0.0199465
0.0199465
0.0199465
0.0199466
0.0199466
0.0196073
0.0196075
0.0199467
0.0199468
0.0199468
0.0199469
0.0199469
0.0199469
0.019947
0.019947
0.019947
0.0199471
0.0199471
0.0199472
0.0199472
0.0199472
0.0199473
0.0199473
0.0199474
0.0199474
0.0199474
0.0199475
0.0199475
0.0199476
0.0199476
0.0199476
0.0199477
0.0199477
0.0199477
0.0199478
0.0199478
0.0199479
0.0199479
0.0199479
0.019948
0.019948
0.0199481
0.0199481
0.0199481
0.0196142
0.0199482
0.0199483
0.0199483
0.0199483
0.0199484
0.0199484
0.0199484
0.0199485
0.0199485
0.0199486
0.0199486
0.0199486
0.0199487
0.0199487
0.0199488
0.0199488
0.0199488
0.0199489
0.0199489
0.0199489
0.019949
0.019949
0.0199491
0.0199491
0.0199491
0.0199492
0.0199492
0.0199493
0.0199493
0.0199493
0.0199494
0.0199494
0.0199494
0.0199495
0.0199495
0.0199496
0.0199496
0.0199496
0.0199497
0.0199497
0.0199498
0.0199498
0.0199498
0.0199499
0.0199499
0.0199499
0.01995
0.01995
0.0199501
0.0199501
0.0199501
0.0199502
0.0199502
0.0199502
0.0199503
0.0199503
0.0199504
0.0199504
0.0199504
0.0199505
0.0199505
0.0199506
0.0199506
0.0199506
0.0199507
0.0199507
0.0199507
0.0199508
0.0199508
0.0199509
0.0199509
0.0199509
0.019951
0.019951
0.019951
0.0199511
0.0199511
0.0199512
0.0199512
0.0199512
0.0199513
0.0199513
0.0199513
0.0199514
0.0199514
0.0199515
0.0199515
0.0199515
0.0199516
0.0199516
0.0199516
0.0199517
0.0199517
0.0199518
0.0199518
0.0199518
0.0199519
0.0199519
0.0199519
0.019952
0.019952
0.0199521
0.0199521
0.0199521
0.0199522
0.0199522
0.0199522
0.0199523
0.0199523
0.0199524
0.019634
0.0199524
0.0199525
0.0199525
0.0199525
0.0199526
0.0199526
0.0199527
0.0199527
0.0199527
0.0199528
0.0199528
0.0199528
0.0199529
0.0199529
0.019953
0.019953
0.0196371
0.0199531
0.0199531
0.0199531
0.0199532
0.0199532
0.0199533
0.0199533
0.0199533
0.0199534
0.0199534
0.0199534
0.0199535
0.0199535
0.0199535
0.0199536
0.0199536
0.0199537
0.0199537
0.0199537
0.0199538
0.0199538
0.0199538
0.0199539
0.0199539
0.019954
0.019954
0.019954
0.0199541
0.0199541
0.0199541
0.0196427
0.0199542
0.0199542
0.0199543
0.0199543
0.0199544
0.0199544
0.0199544
0.0196442
0.0199545
0.0199545
0.0199546
0.0199546
0.0199546
0.0199547
0.0199547
0.0199548
0.0199548
0.0199548
0.0199549
0.0199549
0.0199549
0.019955
0.019955
0.0199551
0.0199551
0.0199551
0.0199552
0.0199552
0.0199552
0.0199553
0.0199553
0.0199553
0.0199554
0.0199554
0.0199555
0.0199555
0.0199555
0.0199556
0.0199556
0.0199556
0.0199557
0.0199557
0.0199557
0.0199558
0.0199558
0.0196511
0.0199559
0.0199559
0.019956
0.019956
0.019956
0.0199561
0.0199561
0.0199561
0.0199562
0.0199562
0.0199562
0.0199563
0.0196535
0.0199564
0.0199564
0.0199564
0.0199565
0.0199565
0.0199565
0.0199566
0.0199566
0.0199566
0.0199567
0.0199567
0.0199567
0.0199568
0.0199568
0.0199569
0.0199569
0.0199569
0.0196568
0.019957
0.019957
0.0199571
0.0199571
0.0199571
0.0199572
0.0199572
0.0199572
0.0199573
0.0199573
0.0199574
0.0199574
0.0196592
0.0199575
0.0199575
0.0199575
0.0199576
0.0199576
0.0199576
0.0199577
0.0199577
0.0199577
0.0199578
0.0199578
0.0199579
0.0199579
0.0199579
0.019958
0.019958
0.019958
0.0199581
0.0199581
0.0199581
0.0199582
0.0199582
0.0199582
0.0199583
0.0199583
0.0199583
0.0199584
0.0199584
0.0199585
0.0199585
0.0199585
0.0199586
0.0199586
0.0199586
0.0199587
0.0199587
0.0199587
0.0199588
0.0196664
0.0199588
0.0199589
0.0199589
0.0199589
0.019959
0.019959
0.0199591
0.0199591
0.0199591
0.0199592
0.0199592
0.0199592
0.0196688
0.0199593
0.0196692
0.0196694
0.0199594
0.0196698
0.0199595
0.0199595
0.0199595
0.0199596
0.0199596
0.0199596
0.0199597
0.0199597
0.0199598
0.0199598
0.0199598
0.0199599
0.0199599
0.0199599
0.0196726
0.01996
0.01996
0.0199601
0.0199601
0.0199601
0.0199602
0.0199602
0.0199602
0.0199603
0.0199603
0.0199603
0.0199604
0.0199604
0.0199604
0.0199605
0.0196756
0.0199605
0.0199606
0.0196761
0.0199607
0.0199607
0.0199607
0.0199608
0.0199608
0.0196773
0.0199609
0.0196776
0.0196778
0.019678
0.019961
0.019961
0.0196786
0.0199611
0.0196789
0.0199612
0.0199612
0.0199612
0.0199613
0.0199613
0.0196801
0.0199614
0.0196804
0.0199614
0.0199615
0.0199615
0.0199615
0.0196814
0.0196816
0.0199616
0.0199617
0.0199617
0.0199617
0.0199618
0.0199618
0.0199619
0.0199619
0.0199619
0.0196835
0.019962
0.019962
0.0199621
0.0196842
0.0199621
0.0196846
0.0196848
0.0199622
0.0199623
0.0199623
0.0199623
0.0199624
0.0196859
0.0196861
0.0199625
0.0199625
0.0199625
0.0199626
0.0199626
0.0196872
0.0199627
0.0199627
0.0199627
0.0199628
0.0199628
0.0199628
0.0199629
0.0199629
0.0199629
0.019963
0.019963
0.0196895
0.0199631
0.0196899
0.0199631
0.0199632
0.0199632
0.0196907
0.0196909
0.0199633
0.0199633
0.0199634
0.0199634
0.0199634
0.0199635
0.0199635
0.0199635
0.0199636
0.0199636
0.0199636
0.0199637
0.0199637
0.0199637
0.0196937
0.0199638
0.0199638
0.0199639
0.0199639
0.0199639
0.0196949
0.019964
0.0196952
0.0199641
0.0199641
0.0199641
0.0199642
0.0199642
0.0199642
0.0199643
0.0199643
0.0199643
0.0196971
0.0196973
0.0196975
0.0199645
0.0199645
0.0199645
0.0199646
0.0196985
0.0199646
0.0199647
0.0199647
0.0199647
0.0199648
0.0196996
0.0199648
0.0197
0.0199649
0.0199649
0.019965
0.019965
0.019965
0.0199651
0.0199651
0.0199651
0.0199652
0.0199652
0.0199652
0.0199653
0.0199653
0.0199653
0.0199654
0.0199654
0.0199654
0.0199655
0.0199655
0.0199655
0.0199656
0.0199656
0.0199656
0.0199657
0.0199657
0.0199657
0.0199658
0.0199658
0.0199658
0.0199659
0.0199659
0.0199659
0.019966
0.019966
0.019966
0.019966
0.0199661
0.0199661
0.0199661
0.0199662
0.0199662
0.0199662
0.0199663
0.0199663
0.0199663
0.0199664
0.0199664
0.0199664
0.0199665
0.0199665
0.0199665
0.0199666
0.0199666
0.0199666
0.0199667
0.0199667
0.0199667
0.0199668
0.0199668
0.0199668
0.0199669
0.0199669
0.0199669
0.019967
0.019967
0.019967
0.0199671
0.0199671
0.0199671
0.0199671
0.0199672
0.0199672
0.0199672
0.0199673
0.0199673
0.0199673
0.0199674
0.0199674
0.0199674
0.0199675
0.0199675
0.0199675
0.0199676
0.0199676
0.0199676
0.0199677
0.0199677
0.0199677
0.0199678
0.0199678
0.0199678
0.0199679
0.0199679
0.0199679
0.0199679
0.019968
0.019968
0.019968
0.0199681
0.0199681
0.0199681
0.0199682
0.0199682
0.0199682
0.0199683
0.0199683
0.0199683
0.0199684
0.0199684
0.0199684
0.0199685
0.0199685
0.0199685
0.0199686
0.0199686
0.0199686
0.0199686
0.0199687
0.0199687
0.0199687
0.0199688
0.0199688
0.0199688
0.0199689
0.0199689
0.0199689
0.019969
0.019969
0.019969
0.0199691
0.0199691
0.0199691
0.0199692
0.0199692
0.0199692
0.0199692
0.0199693
0.0199693
0.0199693
0.0199694
0.0199694
0.0199694
0.0199695
0.0199695
0.0199695
0.0199696
0.0199696
0.0199696
0.0199697
0.0199697
0.0199697
0.0199697
0.0199698
0.0199698
0.0199698
0.0199699
0.0199699
0.0199699
0.01997
0.01997
0.01997
0.0199701
0.0199701
0.0199701
0.0199702
0.0199702
0.0199702
0.0199702
0.0199703
0.0199703
0.0199703
0.0199704
0.0199704
0.0199704
0.0199705
0.0199705
0.0199705
0.0199706
0.0199706
0.0199706
0.0199706
0.0199707
0.0199707
0.0199707
0.0199708
0.0199708
0.0199708
0.0199709
0.0199709
0.0199709
0.019971
0.019971
0.019971
0.019971
0.0199711
0.0199711
0.0199711
0.0199712
0.0199712
0.0199712
0.0199713
0.0199713
0.0199713
0.0199714
0.0199714
0.0199714
0.0199714
0.0199715
0.0199715
0.0199715
0.0199716
0.0199716
0.0199716
0.0199717
0.0199717
0.0199717
0.0199718
0.0199718
0.0199718
0.0199718
0.0199719
0.0199719
0.0199719
0.019972
0.019972
0.019972
0.0199721
0.0199721
0.0199721
