2.74537e-07
3.08231e-07
3.42731e-07
3.78009e-07
4.14042e-07
4.50809e-07
4.88292e-07
5.26476e-07
5.65347e-07
6.04894e-07
6.45105e-07
6.85971e-07
7.27483e-07
7.69634e-07
8.12416e-07
8.55823e-07
8.99849e-07
9.4449e-07
9.89739e-07
1.03559e-06
1.08205e-06
1.1291e-06
1.17675e-06
1.22498e-06
1.27381e-06
1.32322e-06
1.37321e-06
1.42378e-06
1.47493e-06
1.52666e-06
1.57896e-06
1.63184e-06
1.68529e-06
1.73931e-06
1.7939e-06
1.84906e-06
1.90479e-06
1.96108e-06
2.01794e-06
2.07536e-06
2.13335e-06
2.19191e-06
2.25103e-06
2.31071e-06
2.37096e-06
2.43176e-06
2.49314e-06
2.55507e-06
2.61757e-06
2.68063e-06
2.74425e-06
2.80844e-06
2.87319e-06
2.9385e-06
3.00437e-06
3.07081e-06
3.13781e-06
3.20538e-06
3.2735e-06
3.3422e-06
3.41146e-06
3.48128e-06
3.55167e-06
3.62262e-06
3.69414e-06
3.76623e-06
3.83888e-06
3.9121e-06
3.98589e-06
4.06025e-06
4.13518e-06
4.21067e-06
4.28674e-06
4.36338e-06
4.44058e-06
4.51836e-06
4.59672e-06
4.67564e-06
4.75514e-06
4.83521e-06
4.91586e-06
4.99708e-06
5.07888e-06
5.16126e-06
5.24421e-06
5.32774e-06
5.41185e-06
5.49654e-06
5.5818e-06
5.66765e-06
5.75408e-06
5.84109e-06
5.92868e-06
6.01685e-06
6.10561e-06
6.19495e-06
6.28488e-06
6.37539e-06
6.46649e-06
6.55818e-06
6.65045e-06
6.74331e-06
6.83676e-06
6.93079e-06
7.02542e-06
7.12064e-06
7.21644e-06
7.31284e-06
7.40983e-06
7.50742e-06
7.60559e-06
7.70436e-06
7.80373e-06
7.90369e-06
8.00424e-06
8.10539e-06
8.20714e-06
8.30948e-06
8.41242e-06
8.51596e-06
8.6201e-06
8.72483e-06
8.83017e-06
8.9361e-06
9.04264e-06
9.14977e-06
9.25751e-06
9.36585e-06
9.47479e-06
9.58433e-06
9.69448e-06
9.80523e-06
9.91658e-06
1.00285e-05
1.01411e-05
1.02543e-05
1.0368e-05
1.04824e-05
1.05974e-05
1.0713e-05
1.08292e-05
1.0946e-05
1.10634e-05
1.11814e-05
1.13e-05
1.14192e-05
1.15391e-05
1.16595e-05
1.17805e-05
1.19022e-05
1.20245e-05
1.21473e-05
1.22708e-05
1.23949e-05
1.25196e-05
1.26449e-05
1.27708e-05
1.28974e-05
1.30245e-05
1.31523e-05
1.32806e-05
1.34096e-05
1.35391e-05
1.36693e-05
1.38001e-05
1.39315e-05
1.40635e-05
1.41962e-05
1.43294e-05
1.44632e-05
1.45977e-05
1.47327e-05
1.48684e-05
1.50047e-05
1.51415e-05
1.5279e-05
1.54171e-05
1.55558e-05
1.56951e-05
1.58351e-05
1.59756e-05
1.61167e-05
1.62585e-05
1.64008e-05
1.65437e-05
1.66873e-05
1.68315e-05
1.69762e-05
1.71216e-05
1.72676e-05
1.74142e-05
1.75614e-05
1.77091e-05
1.78575e-05
1.80065e-05
1.81561e-05
1.83063e-05
1.84571e-05
1.86085e-05
1.87605e-05
1.89131e-05
1.90663e-05
1.92201e-05
1.93745e-05
1.95295e-05
1.96851e-05
1.98413e-05
1.99981e-05
2.01555e-05
2.03134e-05
2.0472e-05
2.06312e-05
2.07909e-05
2.09513e-05
2.11122e-05
2.12738e-05
2.14359e-05
2.15986e-05
2.17619e-05
2.19258e-05
2.20903e-05
2.22553e-05
2.2421e-05
2.25872e-05
2.27541e-05
2.29215e-05
2.30895e-05
2.3258e-05
2.34272e-05
2.35969e-05
2.37672e-05
2.39381e-05
2.41096e-05
2.42817e-05
2.44543e-05
2.46275e-05
2.48013e-05
2.49756e-05
2.51506e-05
2.53261e-05
2.55021e-05
2.56788e-05
2.5856e-05
2.60338e-05
2.62121e-05
2.6391e-05
2.65705e-05
2.67506e-05
2.69312e-05
2.71123e-05
2.72941e-05
2.74764e-05
2.76592e-05
2.78427e-05
2.80266e-05
2.82112e-05
2.83963e-05
2.85819e-05
2.87681e-05
2.89548e-05
2.91422e-05
2.933e-05
2.95184e-05
2.97074e-05
2.98969e-05
3.00869e-05
3.02775e-05
3.04687e-05
3.06603e-05
3.08526e-05
3.10453e-05
3.12386e-05
3.14325e-05
3.16269e-05
3.18218e-05
3.20173e-05
3.22133e-05
3.24098e-05
3.26068e-05
3.28044e-05
3.30026e-05
3.32012e-05
3.34004e-05
3.36001e-05
3.38003e-05
3.40011e-05
3.42024e-05
3.44042e-05
3.46065e-05
3.48093e-05
3.50127e-05
3.52166e-05
3.5421e-05
3.56259e-05
3.58313e-05
3.60373e-05
3.62437e-05
3.64507e-05
3.66581e-05
3.68661e-05
3.70746e-05
3.72836e-05
3.74931e-05
3.77031e-05
3.79136e-05
3.81246e-05
3.83361e-05
3.85481e-05
3.87606e-05
3.89736e-05
3.91871e-05
3.94011e-05
3.96156e-05
3.98306e-05
4.0046e-05
4.0262e-05
4.04784e-05
4.06953e-05
4.09128e-05
4.11307e-05
4.1349e-05
4.15679e-05
4.17872e-05
4.20071e-05
4.22274e-05
4.24481e-05
4.26694e-05
4.28911e-05
4.31133e-05
4.3336e-05
4.35592e-05
4.37828e-05
4.40069e-05
4.42314e-05
4.44564e-05
4.46819e-05
4.49079e-05
4.51343e-05
4.53612e-05
4.55885e-05
4.58163e-05
4.60445e-05
4.62732e-05
4.65024e-05
4.6732e-05
4.69621e-05
4.71926e-05
4.74236e-05
4.7655e-05
4.78869e-05
4.81192e-05
4.8352e-05
4.85852e-05
4.88189e-05
4.9053e-05
4.92875e-05
4.95225e-05
4.97579e-05
4.99938e-05
5.02301e-05
5.04668e-05
5.0704e-05
5.09416e-05
5.11796e-05
5.14181e-05
5.1657e-05
5.18963e-05
5.21361e-05
5.23763e-05
5.26169e-05
5.28579e-05
5.30994e-05
5.33412e-05
5.35835e-05
5.38263e-05
5.40694e-05
5.4313e-05
5.45569e-05
5.48013e-05
5.50461e-05
5.52913e-05
5.5537e-05
5.5783e-05
5.60295e-05
5.62763e-05
5.65236e-05
5.67713e-05
5.70194e-05
5.72679e-05
5.75167e-05
5.7766e-05
5.80157e-05
5.82658e-05
5.85163e-05
5.87672e-05
5.90185e-05
5.92702e-05
5.95223e-05
5.97748e-05
6.00277e-05
6.02809e-05
6.05346e-05
6.07886e-05
6.10431e-05
6.12979e-05
6.15531e-05
6.18087e-05
6.20647e-05
6.2321e-05
6.25778e-05
6.28349e-05
6.30924e-05
6.33503e-05
6.36086e-05
6.38673e-05
6.41263e-05
6.43857e-05
6.46455e-05
6.49056e-05
6.51662e-05
6.54271e-05
6.56883e-05
6.595e-05
6.6212e-05
6.64744e-05
6.67371e-05
6.70002e-05
6.72637e-05
6.75276e-05
6.77918e-05
6.80564e-05
6.83213e-05
6.85866e-05
6.88522e-05
6.91183e-05
6.93846e-05
6.96514e-05
6.99185e-05
7.01859e-05
7.04537e-05
7.07219e-05
7.09904e-05
7.12592e-05
7.15284e-05
7.1798e-05
7.20679e-05
7.23382e-05
7.26088e-05
7.28797e-05
7.3151e-05
7.34227e-05
7.36947e-05
7.3967e-05
7.42397e-05
7.45127e-05
7.47861e-05
7.50598e-05
7.53338e-05
7.56082e-05
7.58829e-05
7.61579e-05
7.64333e-05
7.6709e-05
7.69851e-05
7.72615e-05
7.75382e-05
7.78153e-05
7.80927e-05
7.83704e-05
7.86484e-05
7.89268e-05
7.92055e-05
7.94845e-05
7.97639e-05
8.00436e-05
8.03236e-05
8.06039e-05
8.08846e-05
8.11656e-05
8.14469e-05
8.17285e-05
8.20104e-05
8.22927e-05
8.25753e-05
8.28582e-05
8.31414e-05
8.34249e-05
8.37088e-05
8.3993e-05
8.42774e-05
8.45622e-05
8.48473e-05
8.51328e-05
8.54185e-05
8.57045e-05
8.59909e-05
8.62776e-05
8.65645e-05
8.68518e-05
8.71394e-05
8.74273e-05
8.77155e-05
8.8004e-05
8.82928e-05
8.85819e-05
8.88714e-05
8.91611e-05
8.94511e-05
8.97414e-05
9.00321e-05
9.0323e-05
9.06142e-05
9.09057e-05
9.11976e-05
9.14897e-05
9.17821e-05
9.20748e-05
9.23678e-05
9.26612e-05
9.29548e-05
9.32486e-05
9.35428e-05
9.38373e-05
9.41321e-05
9.44272e-05
9.47225e-05
9.50182e-05
9.53141e-05
9.56103e-05
9.59068e-05
9.62036e-05
9.65007e-05
9.67981e-05
9.70958e-05
9.73937e-05
9.76919e-05
9.79905e-05
9.82893e-05
9.85883e-05
9.88877e-05
9.91873e-05
9.94873e-05
9.97875e-05
0.000100088
0.000100389
0.00010069
0.000100991
0.000101293
0.000101595
0.000101897
0.000102199
0.000102502
0.000102805
0.000103108
0.000103412
0.000103716
0.00010402
0.000104324
0.000104629
0.000104933
0.000105239
0.000105544
0.00010585
0.000106156
0.000106462
0.000106769
0.000107075
0.000107382
0.00010769
0.000107997
0.000108305
0.000108613
0.000108922
0.00010923
0.000109539
0.000109848
0.000110158
0.000110468
0.000110778
0.000111088
0.000111398
0.000111709
0.00011202
0.000112331
0.000112643
0.000112955
0.000113267
0.000113579
0.000113892
0.000114204
0.000114518
0.000114831
0.000115144
0.000115458
0.000115772
0.000116087
0.000116401
0.000116716
0.000117031
0.000117347
0.000117662
0.000117978
0.000118294
0.000118611
0.000118927
0.000119244
0.000119561
0.000119879
0.000120196
0.000120514
0.000120832
0.000121151
0.000121469
0.000121788
0.000122107
0.000122427
0.000122746
0.000123066
0.000123386
0.000123707
0.000124027
0.000124348
0.000124669
0.000124991
0.000125312
0.000125634
0.000125956
0.000126278
0.000126601
0.000126924
0.000127247
0.00012757
0.000127893
0.000128217
0.000128541
0.000128865
0.00012919
0.000129515
0.000129839
0.000130165
0.00013049
0.000130816
0.000131142
0.000131468
0.000131794
0.000132121
0.000132447
0.000132774
0.000133102
0.000133429
0.000133757
0.000134085
0.000134413
0.000134742
0.00013507
0.000135399
0.000135729
0.000136058
0.000136388
0.000136717
0.000137047
0.000137378
0.000137708
0.000138039
0.00013837
0.000138701
0.000139033
0.000139364
0.000139696
0.000140028
0.000140361
0.000140693
0.000141026
0.000141359
0.000141693
0.000142026
0.00014236
0.000142694
0.000143028
0.000143362
0.000143697
0.000144032
0.000144367
0.000144702
0.000145038
0.000145373
0.000145709
0.000146046
0.000146382
0.000146719
0.000147056
0.000147393
0.00014773
0.000148067
0.000148405
0.000148743
0.000149081
0.00014942
0.000149758
0.000150097
0.000150436
0.000150776
0.000151115
0.000151455
0.000151795
0.000152135
0.000152475
0.000152816
0.000153157
0.000153498
0.000153839
0.00015418
0.000154522
0.000154864
0.000155206
0.000155548
0.000155891
0.000156234
0.000156576
0.00015692
0.000157263
0.000157607
0.00015795
0.000158295
0.000158639
0.000158983
0.000159328
0.000159673
0.000160018
0.000160363
0.000160709
0.000161054
0.0001614
0.000161746
0.000162093
0.000162439
0.000162786
0.000163133
0.00016348
0.000163828
0.000164175
0.000164523
0.000164871
0.00016522
0.000165568
0.000165917
0.000166266
0.000166615
0.000166964
0.000167313
0.000167663
0.000168013
0.000168363
0.000168713
0.000169064
0.000169415
0.000169766
0.000170117
0.000170468
0.00017082
0.000171171
0.000171523
0.000171876
0.000172228
0.000172581
0.000172933
0.000173286
0.00017364
0.000173993
0.000174347
0.0001747
0.000175054
0.000175409
0.000175763
0.000176118
0.000176472
0.000176827
0.000177183
0.000177538
0.000177894
0.00017825
0.000178606
0.000178962
0.000179318
0.000179675
0.000180032
0.000180389
0.000180746
0.000181103
0.000181461
0.000181819
0.000182177
0.000182535
0.000182894
0.000183252
0.000183611
0.00018397
0.000184329
0.000184689
0.000185048
0.000185408
0.000185768
0.000186128
0.000186489
0.00018685
0.00018721
0.000187571
0.000187933
0.000188294
0.000188656
0.000189017
0.000189379
0.000189742
0.000190104
0.000190467
0.000190829
0.000191192
0.000191555
0.000191919
0.000192282
0.000192646
0.00019301
0.000193374
0.000193739
0.000194103
0.000194468
0.000194833
0.000195198
0.000195563
0.000195929
0.000196294
0.00019666
0.000197026
0.000197393
0.000197759
0.000198126
0.000198492
0.00019886
0.000199227
0.000199594
0.000199962
0.00020033
0.000200698
0.000201066
0.000201434
0.000201803
0.000202172
0.000202541
0.00020291
0.000203279
0.000203649
0.000204018
0.000204388
0.000204758
0.000205129
0.000205499
0.00020587
0.000206241
0.000206612
0.000206983
0.000207354
0.000207726
0.000208098
0.00020847
0.000208842
0.000209214
0.000209587
0.00020996
0.000210332
0.000210706
0.000211079
0.000211452
0.000211826
0.0002122
0.000212574
0.000212948
0.000213323
0.000213697
0.000214072
0.000214447
0.000214822
0.000215198
0.000215573
0.000215949
0.000216325
0.000216701
0.000217077
0.000217454
0.000217831
0.000218207
0.000218585
0.000218962
0.000219339
0.000219717
0.000220095
0.000220473
0.000220851
0.000221229
0.000221608
0.000221986
0.000222365
0.000222744
0.000223124
0.000223503
0.000223883
0.000224262
0.000224642
0.000225023
0.000225403
0.000225784
0.000226164
0.000226545
0.000226926
0.000227308
0.000227689
0.000228071
0.000228453
0.000228835
0.000229217
0.000229599
0.000229982
0.000230365
0.000230747
0.000231131
0.000231514
0.000231897
0.000232281
0.000232665
0.000233049
0.000233433
0.000233817
0.000234202
0.000234587
0.000234972
0.000235357
0.000235742
0.000236128
0.000236513
0.000236899
0.000237285
0.000237671
0.000238058
0.000238444
0.000238831
0.000239218
0.000239605
0.000239992
0.00024038
0.000240767
0.000241155
0.000241543
0.000241931
0.00024232
0.000242708
0.000243097
0.000243486
0.000243875
0.000244264
0.000244654
0.000245043
0.000245433
0.000245823
0.000246213
0.000246603
0.000246994
0.000247385
0.000247775
0.000248166
0.000248558
0.000248949
0.000249341
0.000249732
0.000250124
0.000250516
0.000250909
0.000251301
0.000251694
0.000252087
0.00025248
0.000252873
0.000253266
0.00025366
0.000254053
0.000254447
0.000254841
0.000255235
0.00025563
0.000256024
0.000256419
0.000256814
0.000257209
0.000257605
0.000258
0.000258396
0.000258791
0.000259187
0.000259584
0.00025998
0.000260377
0.000260773
0.00026117
0.000261567
0.000261964
0.000262362
0.000262759
0.000263157
0.000263555
0.000263953
0.000264351
0.00026475
0.000265148
0.000265547
0.000265946
0.000266345
0.000266745
0.000267144
0.000267544
0.000267944
0.000268344
0.000268744
0.000269144
0.000269545
0.000269946
0.000270346
0.000270747
0.000271149
0.00027155
0.000271952
0.000272353
0.000272755
0.000273158
0.00027356
0.000273962
0.000274365
0.000274768
0.000275171
0.000275574
0.000275977
0.000276381
0.000276784
0.000277188
0.000277592
0.000277996
0.000278401
0.000278805
0.00027921
0.000279615
0.00028002
0.000280425
0.00028083
0.000281236
0.000281642
0.000282048
0.000282454
0.00028286
0.000283266
0.000283673
0.00028408
0.000284487
0.000284894
0.000285301
0.000285709
0.000286116
0.000286524
0.000286932
0.00028734
0.000287748
0.000288157
0.000288566
0.000288974
0.000289383
0.000289793
0.000290202
0.000290611
0.000291021
0.000291431
0.000291841
0.000292251
0.000292661
0.000293072
0.000293483
0.000293894
0.000294305
0.000294716
0.000295127
0.000295539
0.000295951
0.000296362
0.000296775
0.000297187
0.000297599
0.000298012
0.000298424
0.000298837
0.00029925
0.000299664
0.000300077
0.000300491
0.000300905
0.000301318
0.000301733
0.000302147
0.000302561
0.000302976
0.000303391
0.000303806
0.000304221
0.000304636
0.000305052
0.000305467
0.000305883
0.000306299
0.000306715
0.000307131
0.000307548
0.000307964
0.000308381
0.000308798
0.000309215
0.000309633
0.00031005
0.000310468
0.000310886
0.000311304
0.000311722
0.00031214
0.000312559
0.000312977
0.000313396
0.000313815
0.000314234
0.000314654
0.000315073
0.000315493
0.000315913
0.000316333
0.000316753
0.000317173
0.000317594
0.000318014
0.000318435
0.000318856
0.000319278
0.000319699
0.00032012
0.000320542
0.000320964
0.000321386
0.000321808
0.000322231
0.000322653
0.000323076
0.000323499
0.000323922
0.000324345
0.000324768
0.000325192
0.000325615
0.000326039
0.000326463
0.000326887
0.000327312
0.000327736
0.000328161
0.000328586
0.000329011
0.000329436
0.000329862
0.000330287
0.000330713
0.000331139
0.000331565
0.000331991
0.000332417
0.000332844
0.00033327
0.000333697
0.000334124
0.000334552
0.000334979
0.000335406
0.000335834
0.000336262
0.00033669
0.000337118
0.000337547
0.000337975
0.000338404
0.000338833
0.000339262
0.000339691
0.00034012
0.00034055
0.000340979
0.000341409
0.000341839
0.000342269
0.0003427
0.00034313
0.000343561
0.000343992
0.000344423
0.000344854
0.000345285
0.000345717
0.000346148
0.00034658
0.000347012
0.000347444
0.000347877
0.000348309
0.000348742
0.000349175
0.000349608
0.000350041
0.000350474
0.000350908
0.000351341
0.000351775
0.000352209
0.000352643
0.000353078
0.000353512
0.000353947
0.000354381
0.000354816
0.000355252
0.000355687
0.000356122
0.000356558
0.000356994
0.00035743
0.000357866
0.000358302
0.000358739
0.000359175
0.000359612
0.000360049
0.000360486
0.000360923
0.000361361
0.000361798
0.000362236
0.000362674
0.000363112
0.00036355
0.000363989
0.000364427
0.000364866
0.000365305
0.000365744
0.000366183
0.000366623
0.000367062
0.000367502
0.000367942
0.000368382
0.000368822
0.000369263
0.000369703
0.000370144
0.000370585
0.000371026
0.000371467
0.000371908
0.00037235
0.000372791
0.000373233
0.000373675
0.000374118
0.00037456
0.000375002
0.000375445
0.000375888
0.000376331
0.000376774
0.000377217
0.000377661
0.000378105
0.000378548
0.000378992
0.000379436
0.000379881
0.000380325
0.00038077
0.000381215
0.00038166
0.000382105
0.00038255
0.000382995
0.000383441
0.000383887
0.000384333
0.000384779
0.000385225
0.000385672
0.000386118
0.000386565
0.000387012
0.000387459
0.000387906
0.000388354
0.000388801
0.000389249
0.000389697
0.000390145
0.000390593
0.000391041
0.00039149
0.000391939
0.000392387
0.000392836
0.000393286
0.000393735
0.000394184
0.000394634
0.000395084
0.000395534
0.000395984
0.000396434
0.000396885
0.000397336
0.000397786
0.000398237
0.000398688
0.00039914
0.000399591
0.000400043
0.000400495
0.000400947
0.000401399
0.000401851
0.000402303
0.000402756
0.000403209
0.000403662
0.000404115
0.000404568
0.000405021
0.000405475
0.000405929
0.000406383
0.000406837
0.000407291
0.000407745
0.0004082
0.000408654
0.000409109
0.000409564
0.000410019
0.000410475
0.00041093
0.000411386
0.000411842
0.000412298
0.000412754
0.00041321
0.000413667
0.000414123
0.00041458
0.000415037
0.000415494
0.000415951
0.000416409
0.000416866
0.000417324
0.000417782
0.00041824
0.000418698
0.000419157
0.000419615
0.000420074
0.000420533
0.000420992
0.000421451
0.000421911
0.00042237
0.00042283
0.00042329
0.00042375
0.00042421
0.00042467
0.000425131
0.000425592
0.000426052
0.000426513
0.000426974
0.000427436
0.000427897
0.000428359
0.000428821
0.000429283
0.000429745
0.000430207
0.000430669
0.000431132
0.000431595
0.000432058
0.000432521
0.000432984
0.000433447
0.000433911
0.000434375
0.000434839
0.000435303
0.000435767
0.000436231
0.000436696
0.00043716
0.000437625
0.00043809
0.000438555
0.000439021
0.000439486
0.000439952
0.000440418
0.000440884
0.00044135
0.000441816
0.000442283
0.000442749
0.000443216
0.000443683
0.00044415
0.000444617
0.000445085
0.000445552
0.00044602
0.000446488
0.000446956
0.000447424
0.000447892
0.000448361
0.00044883
0.000449299
0.000449768
0.000450237
0.000450706
0.000451176
0.000451645
0.000452115
0.000452585
0.000453055
0.000453525
0.000453996
0.000454467
0.000454937
0.000455408
0.000455879
0.000456351
0.000456822
0.000457294
0.000457765
0.000458237
0.000458709
0.000459182
0.000459654
0.000460126
0.000460599
0.000461072
0.000461545
0.000462018
0.000462492
0.000462965
0.000463439
0.000463913
0.000464387
0.000464861
0.000465335
0.000465809
0.000466284
0.000466759
0.000467234
0.000467709
0.000468184
0.00046866
0.000469135
0.000469611
0.000470087
0.000470563
0.000471039
0.000471515
0.000471992
0.000472469
0.000472945
0.000473423
0.0004739
0.000474377
0.000474855
0.000475332
0.00047581
0.000476288
0.000476766
0.000477244
0.000477723
0.000478201
0.00047868
0.000479159
0.000479638
0.000480118
0.000480597
0.000481076
0.000481556
0.000482036
0.000482516
0.000482996
0.000483477
0.000483957
0.000484438
0.000484919
0.0004854
0.000485881
0.000486362
0.000486844
0.000487325
0.000487807
0.000488289
0.000488771
0.000489254
0.000489736
0.000490219
0.000490701
0.000491184
0.000491667
0.000492151
0.000492634
0.000493118
0.000493601
0.000494085
0.000494569
0.000495053
0.000495538
0.000496022
0.000496507
0.000496992
0.000497477
0.000497962
0.000498447
0.000498933
0.000499418
0.000499904
0.00050039
0.000500876
0.000501362
0.000501849
0.000502335
0.000502822
0.000503309
0.000503796
0.000504283
0.000504771
0.000505258
0.000505746
0.000506234
0.000506722
0.00050721
0.000507698
0.000508187
0.000508676
0.000509164
0.000509653
0.000510142
0.000510632
0.000511121
0.000511611
0.000512101
0.000512591
0.000513081
0.000513571
0.000514061
0.000514552
0.000515043
0.000515533
0.000516024
0.000516516
0.000517007
0.000517499
0.00051799
0.000518482
0.000518974
0.000519466
0.000519959
0.000520451
0.000520944
0.000521436
0.000521929
0.000522422
0.000522916
0.000523409
0.000523903
0.000524397
0.00052489
0.000525384
0.000525879
0.000526373
0.000526868
0.000527362
0.000527857
0.000528352
0.000528847
0.000529343
0.000529838
0.000530334
0.00053083
0.000531326
0.000531822
0.000532318
0.000532814
0.000533311
0.000533808
0.000534305
0.000534802
0.000535299
0.000535797
0.000536294
0.000536792
0.00053729
0.000537788
0.000538286
0.000538784
0.000539283
0.000539781
0.00054028
0.000540779
0.000541278
0.000541778
0.000542277
0.000542777
0.000543277
0.000543777
0.000544277
0.000544777
0.000545277
0.000545778
0.000546279
0.00054678
0.000547281
0.000547782
0.000548283
0.000548785
0.000549286
0.000549788
0.00055029
0.000550792
0.000551295
0.000551797
0.0005523
0.000552803
0.000553306
0.000553809
0.000554312
0.000554815
0.000555319
0.000555823
0.000556327
0.000556831
0.000557335
0.000557839
0.000558344
0.000558849
0.000559353
0.000559858
0.000560364
0.000560869
0.000561375
0.00056188
0.000562386
0.000562892
0.000563398
0.000563904
0.000564411
0.000564917
0.000565424
0.000565931
0.000566438
0.000566945
0.000567453
0.00056796
0.000568468
0.000568976
0.000569484
0.000569992
0.000570501
0.000571009
0.000571518
0.000572027
0.000572536
0.000573045
0.000573554
0.000574064
0.000574573
0.000575083
0.000575593
0.000576103
0.000576613
0.000577124
0.000577634
0.000578145
0.000578656
0.000579167
0.000579678
0.00058019
0.000580701
0.000581213
0.000581725
0.000582237
0.000582749
0.000583261
0.000583774
0.000584286
0.000584799
0.000585312
0.000585825
0.000586338
0.000586852
0.000587365
0.000587879
0.000588393
0.000588907
0.000589421
0.000589936
0.00059045
0.000590965
0.00059148
0.000591995
0.00059251
0.000593025
0.000593541
0.000594057
0.000594572
0.000595088
0.000595604
0.000596121
0.000596637
0.000597154
0.000597671
0.000598188
0.000598705
0.000599222
0.000599739
0.000600257
0.000600775
0.000601292
0.00060181
0.000602329
0.000602847
0.000603365
0.000603884
0.000604403
0.000604922
0.000605441
0.00060596
0.00060648
0.000607
0.000607519
0.000608039
0.000608559
0.00060908
0.0006096
0.000610121
0.000610641
0.000611162
0.000611683
0.000612204
0.000612726
0.000613247
0.000613769
0.000614291
0.000614813
0.000615335
0.000615857
0.00061638
0.000616902
0.000617425
0.000617948
0.000618471
0.000618995
0.000619518
0.000620042
0.000620565
0.000621089
0.000621613
0.000622138
0.000622662
0.000623187
0.000623711
0.000624236
0.000624761
0.000625286
0.000625812
0.000626337
0.000626863
0.000627389
0.000627915
0.000628441
0.000628967
0.000629493
0.00063002
0.000630547
0.000631074
0.000631601
0.000632128
0.000632655
0.000633183
0.000633711
0.000634239
0.000634767
0.000635295
0.000635823
0.000636352
0.00063688
0.000637409
0.000637938
0.000638467
0.000638997
0.000639526
0.000640056
0.000640585
0.000641115
0.000641646
0.000642176
0.000642706
0.000643237
0.000643768
0.000644298
0.000644829
0.000645361
0.000645892
0.000646424
0.000646955
0.000647487
0.000648019
0.000648551
0.000649084
0.000649616
0.000650149
0.000650682
0.000651214
0.000651748
0.000652281
0.000652814
0.000653348
0.000653882
0.000654416
0.00065495
0.000655484
0.000656018
0.000656553
0.000657087
0.000657622
0.000658157
0.000658693
0.000659228
0.000659763
0.000660299
0.000660835
0.000661371
0.000661907
0.000662443
0.00066298
0.000663516
0.000664053
0.00066459
0.000665127
0.000665664
0.000666202
0.000666739
0.000667277
0.000667815
0.000668353
0.000668891
0.00066943
0.000669968
0.000670507
0.000671046
0.000671585
0.000672124
0.000672663
0.000673203
0.000673742
0.000674282
0.000674822
0.000675362
0.000675902
0.000676443
0.000676983
0.000677524
0.000678065
0.000678606
0.000679147
0.000679689
0.00068023
0.000680772
0.000681314
0.000681856
0.000682398
0.00068294
0.000683483
0.000684025
0.000684568
0.000685111
0.000685654
0.000686198
0.000686741
0.000687285
0.000687829
0.000688372
0.000688917
0.000689461
0.000690005
0.00069055
0.000691094
0.000691639
0.000692184
0.00069273
0.000693275
0.00069382
0.000694366
0.000694912
0.000695458
0.000696004
0.00069655
0.000697097
0.000697644
0.00069819
0.000698737
0.000699284
0.000699832
0.000700379
0.000700927
0.000701474
0.000702022
0.00070257
0.000703119
0.000703667
0.000704216
0.000704764
0.000705313
0.000705862
0.000706411
0.000706961
0.00070751
0.00070806
0.00070861
0.00070916
0.00070971
0.00071026
0.000710811
0.000711361
0.000711912
0.000712463
0.000713014
0.000713565
0.000714117
0.000714668
0.00071522
0.000715772
0.000716324
0.000716876
0.000717428
0.000717981
0.000718534
0.000719087
0.00071964
0.000720193
0.000720746
0.0007213
0.000721853
0.000722407
0.000722961
0.000723515
0.000724069
0.000724624
0.000725178
0.000725733
0.000726288
0.000726843
0.000727398
0.000727954
0.000728509
0.000729065
0.000729621
0.000730177
0.000730733
0.00073129
0.000731846
0.000732403
0.00073296
0.000733517
0.000734074
0.000734631
0.000735189
0.000735746
0.000736304
0.000736862
0.00073742
0.000737978
0.000738537
0.000739095
0.000739654
0.000740213
0.000740772
0.000741331
0.000741891
0.00074245
0.00074301
0.00074357
0.00074413
0.00074469
0.00074525
0.000745811
0.000746371
0.000746932
0.000747493
0.000748054
0.000748616
0.000749177
0.000749739
0.000750301
0.000750863
0.000751425
0.000751987
0.000752549
0.000753112
0.000753675
0.000754238
0.000754801
0.000755364
0.000755927
0.000756491
0.000757055
0.000757618
0.000758182
0.000758747
0.000759311
0.000759875
0.00076044
0.000761005
0.00076157
0.000762135
0.0007627
0.000763266
0.000763831
0.000764397
0.000764963
0.000765529
0.000766096
0.000766662
0.000767229
0.000767795
0.000768362
0.000768929
0.000769496
0.000770064
0.000770631
0.000771199
0.000771767
0.000772335
0.000772903
0.000773471
0.00077404
0.000774609
0.000775177
0.000775746
0.000776316
0.000776885
0.000777454
0.000778024
0.000778594
0.000779164
0.000779734
0.000780304
0.000780875
0.000781445
0.000782016
0.000782587
0.000783158
0.000783729
0.0007843
0.000784872
0.000785444
0.000786016
0.000786588
0.00078716
0.000787732
0.000788305
0.000788877
0.00078945
0.000790023
0.000790596
0.00079117
0.000791743
0.000792317
0.00079289
0.000793464
0.000794038
0.000794613
0.000795187
0.000795762
0.000796337
0.000796911
0.000797487
0.000798062
0.000798637
0.000799213
0.000799788
0.000800364
0.00080094
0.000801517
0.000802093
0.000802669
0.000803246
0.000803823
0.0008044
0.000804977
0.000805554
0.000806132
0.00080671
0.000807287
0.000807865
0.000808443
0.000809022
0.0008096
0.000810179
0.000810757
0.000811336
0.000811916
0.000812495
0.000813074
0.000813654
0.000814233
0.000814813
0.000815393
0.000815974
0.000816554
0.000817135
0.000817715
0.000818296
0.000818877
0.000819458
0.00082004
0.000820621
0.000821203
0.000821785
0.000822367
0.000822949
0.000823531
0.000824113
0.000824696
0.000825279
0.000825862
0.000826445
0.000827028
0.000827612
0.000828195
0.000828779
0.000829363
0.000829947
0.000830531
0.000831116
0.0008317
0.000832285
0.00083287
0.000833455
0.00083404
0.000834625
0.000835211
0.000835796
0.000836382
0.000836968
0.000837554
0.000838141
0.000838727
0.000839314
0.000839901
0.000840488
0.000841075
0.000841662
0.00084225
0.000842837
0.000843425
0.000844013
0.000844601
0.000845189
0.000845778
0.000846366
0.000846955
0.000847544
0.000848133
0.000848722
0.000849312
0.000849901
0.000850491
0.000851081
0.000851671
0.000852261
0.000852851
0.000853442
0.000854032
0.000854623
0.000855214
0.000855805
0.000856397
0.000856988
0.00085758
0.000858172
0.000858764
0.000859356
0.000859948
0.00086054
0.000861133
0.000861726
0.000862319
0.000862912
0.000863505
0.000864099
0.000864692
0.000865286
0.00086588
0.000866474
0.000867068
0.000867662
0.000868257
0.000868852
0.000869447
0.000870042
0.000870637
0.000871232
0.000871828
0.000872423
0.000873019
0.000873615
0.000874211
0.000874808
0.000875404
0.000876001
0.000876598
0.000877195
0.000877792
0.000878389
0.000878987
0.000879584
0.000880182
0.00088078
0.000881378
0.000881976
0.000882575
0.000883173
0.000883772
0.000884371
0.00088497
0.000885569
0.000886169
0.000886768
0.000887368
0.000887968
0.000888568
0.000889168
0.000889768
0.000890369
0.00089097
0.000891571
0.000892172
0.000892773
0.000893374
0.000893976
0.000894577
0.000895179
0.000895781
0.000896383
0.000896986
0.000897588
0.000898191
0.000898793
0.000899396
0.0009
0.000900603
0.000901206
0.00090181
0.000902414
0.000903018
0.000903622
0.000904226
0.00090483
0.000905435
0.00090604
0.000906645
0.00090725
0.000907855
0.00090846
0.000909066
0.000909672
0.000910277
0.000910884
0.00091149
0.000912096
0.000912703
0.000913309
0.000913916
0.000914523
0.00091513
0.000915738
0.000916345
0.000916953
0.000917561
0.000918169
0.000918777
0.000919385
0.000919994
0.000920602
0.000921211
0.00092182
0.000922429
0.000923038
0.000923648
0.000924258
0.000924867
0.000925477
0.000926087
0.000926698
0.000927308
0.000927919
0.000928529
0.00092914
0.000929751
0.000930363
0.000930974
0.000931586
0.000932197
0.000932809
0.000933421
0.000934034
0.000934646
0.000935258
0.000935871
0.000936484
0.000937097
0.00093771
0.000938324
0.000938937
0.000939551
0.000940165
0.000940779
0.000941393
0.000942007
0.000942622
0.000943236
0.000943851
0.000944466
0.000945081
0.000945697
0.000946312
0.000946928
0.000947544
0.00094816
0.000948776
0.000949392
0.000950008
0.000950625
0.000951242
0.000951859
0.000952476
0.000953093
0.000953711
0.000954328
0.000954946
0.000955564
0.000956182
0.0009568
0.000957419
0.000958037
0.000958656
0.000959275
0.000959894
0.000960513
0.000961132
0.000961752
0.000962372
0.000962992
0.000963612
0.000964232
0.000964852
0.000965473
0.000966093
0.000966714
0.000967335
0.000967957
0.000968578
0.000969199
0.000969821
0.000970443
0.000971065
0.000971687
0.000972309
0.000972932
0.000973555
0.000974177
0.0009748
0.000975424
0.000976047
0.00097667
0.000977294
0.000977918
0.000978542
0.000979166
0.00097979
0.000980415
0.000981039
0.000981664
0.000982289
0.000982914
0.000983539
0.000984165
0.00098479
0.000985416
0.000986042
0.000986668
0.000987294
0.000987921
0.000988547
0.000989174
0.000989801
0.000990428
0.000991055
0.000991683
0.00099231
0.000992938
0.000993566
0.000994194
0.000994822
0.000995451
0.000996079
0.000996708
0.000997337
0.000997966
0.000998595
0.000999224
0.000999854
0.00100048
0.00100111
0.00100174
0.00100237
0.001003
0.00100363
0.00100427
0.0010049
0.00100553
0.00100616
0.00100679
0.00100742
0.00100805
0.00100868
0.00100932
0.00100995
0.00101058
0.00101121
0.00101185
0.00101248
0.00101311
0.00101375
0.00101438
0.00101501
0.00101565
0.00101628
0.00101691
0.00101755
0.00101818
0.00101882
0.00101945
0.00102009
0.00102072
0.00102136
0.00102199
0.00102263
0.00102326
0.0010239
0.00102453
0.00102517
0.00102581
0.00102644
0.00102708
0.00102772
0.00102835
0.00102899
0.00102963
0.00103026
0.0010309
0.00103154
0.00103218
0.00103282
0.00103345
0.00103409
0.00103473
0.00103537
0.00103601
0.00103665
0.00103729
0.00103793
0.00103857
0.00103921
0.00103985
0.00104049
0.00104113
0.00104177
0.00104241
0.00104305
0.00104369
0.00104433
0.00104497
0.00104561
0.00104625
0.0010469
0.00104754
0.00104818
0.00104882
0.00104946
0.00105011
0.00105075
0.00105139
0.00105203
0.00105268
0.00105332
0.00105397
0.00105461
0.00105525
0.0010559
0.00105654
0.00105719
0.00105783
0.00105847
0.00105912
0.00105976
0.00106041
0.00106105
0.0010617
0.00106235
0.00106299
0.00106364
0.00106428
0.00106493
0.00106558
0.00106622
0.00106687
0.00106752
0.00106816
0.00106881
0.00106946
0.00107011
0.00107075
0.0010714
0.00107205
0.0010727
0.00107335
0.001074
0.00107464
0.00107529
0.00107594
0.00107659
0.00107724
0.00107789
0.00107854
0.00107919
0.00107984
0.00108049
0.00108114
0.00108179
0.00108244
0.00108309
0.00108375
0.0010844
0.00108505
0.0010857
0.00108635
0.001087
0.00108766
0.00108831
0.00108896
0.00108961
0.00109027
0.00109092
0.00109157
0.00109223
0.00109288
0.00109353
0.00109419
0.00109484
0.00109549
0.00109615
0.0010968
0.00109746
0.00109811
0.00109877
0.00109942
0.00110008
0.00110073
0.00110139
0.00110204
0.0011027
0.00110336
0.00110401
0.00110467
0.00110533
0.00110598
0.00110664
0.0011073
0.00110795
0.00110861
0.00110927
0.00110993
0.00111058
0.00111124
0.0011119
0.00111256
0.00111322
0.00111388
0.00111454
0.0011152
0.00111585
0.00111651
0.00111717
0.00111783
0.00111849
0.00111915
0.00111981
0.00112047
0.00112113
0.0011218
0.00112246
0.00112312
0.00112378
0.00112444
0.0011251
0.00112576
0.00112643
0.00112709
0.00112775
0.00112841
0.00112907
0.00112974
0.0011304
0.00113106
0.00113173
0.00113239
0.00113305
0.00113372
0.00113438
0.00113505
0.00113571
0.00113637
0.00113704
0.0011377
0.00113837
0.00113903
0.0011397
0.00114036
0.00114103
0.0011417
0.00114236
0.00114303
0.00114369
0.00114436
0.00114503
0.00114569
0.00114636
0.00114703
0.0011477
0.00114836
0.00114903
0.0011497
0.00115037
0.00115103
0.0011517
0.00115237
0.00115304
0.00115371
0.00115438
0.00115505
0.00115572
0.00115638
0.00115705
0.00115772
0.00115839
0.00115906
0.00115973
0.00116041
0.00116108
0.00116175
0.00116242
0.00116309
0.00116376
0.00116443
0.0011651
0.00116577
0.00116645
0.00116712
0.00116779
0.00116846
0.00116914
0.00116981
0.00117048
0.00117116
0.00117183
0.0011725
0.00117318
0.00117385
0.00117452
0.0011752
0.00117587
0.00117655
0.00117722
0.0011779
0.00117857
0.00117925
0.00117992
0.0011806
0.00118127
0.00118195
0.00118262
0.0011833
0.00118398
0.00118465
0.00118533
0.00118601
0.00118668
0.00118736
0.00118804
0.00118872
0.00118939
0.00119007
0.00119075
0.00119143
0.00119211
0.00119278
0.00119346
0.00119414
0.00119482
0.0011955
0.00119618
0.00119686
0.00119754
0.00119822
0.0011989
0.00119958
0.00120026
0.00120094
0.00120162
0.0012023
0.00120298
0.00120366
0.00120434
0.00120503
0.00120571
0.00120639
0.00120707
0.00120775
0.00120844
0.00120912
0.0012098
0.00121048
0.00121117
0.00121185
0.00121253
0.00121322
0.0012139
0.00121459
0.00121527
0.00121595
0.00121664
0.00121732
0.00121801
0.00121869
0.00121938
0.00122006
0.00122075
0.00122143
0.00122212
0.0012228
0.00122349
0.00122418
0.00122486
0.00122555
0.00122624
0.00122692
0.00122761
0.0012283
0.00122899
0.00122967
0.00123036
0.00123105
0.00123174
0.00123243
0.00123311
0.0012338
0.00123449
0.00123518
0.00123587
0.00123656
0.00123725
0.00123794
0.00123863
0.00123932
0.00124001
0.0012407
0.00124139
0.00124208
0.00124277
0.00124346
0.00124415
0.00124484
0.00124554
0.00124623
0.00124692
0.00124761
0.0012483
0.001249
0.00124969
0.00125038
0.00125107
0.00125177
0.00125246
0.00125315
0.00125385
0.00125454
0.00125523
0.00125593
0.00125662
0.00125732
0.00125801
0.00125871
0.0012594
0.0012601
0.00126079
0.00126149
0.00126218
0.00126288
0.00126357
0.00126427
0.00126497
0.00126566
0.00126636
0.00126706
0.00126775
0.00126845
0.00126915
0.00126984
0.00127054
0.00127124
0.00127194
0.00127264
0.00127333
0.00127403
0.00127473
0.00127543
0.00127613
0.00127683
0.00127753
0.00127823
0.00127893
0.00127963
0.00128033
0.00128103
0.00128173
0.00128243
0.00128313
0.00128383
0.00128453
0.00128523
0.00128593
0.00128663
0.00128734
0.00128804
0.00128874
0.00128944
0.00129014
0.00129085
0.00129155
0.00129225
0.00129296
0.00129366
0.00129436
0.00129507
0.00129577
0.00129647
0.00129718
0.00129788
0.00129859
0.00129929
0.0013
0.0013007
0.00130141
0.00130211
0.00130282
0.00130352
0.00130423
0.00130493
0.00130564
0.00130635
0.00130705
0.00130776
0.00130847
0.00130917
0.00130988
0.00131059
0.00131129
0.001312
0.00131271
0.00131342
0.00131413
0.00131483
0.00131554
0.00131625
0.00131696
0.00131767
0.00131838
0.00131909
0.0013198
0.00132051
0.00132122
0.00132193
0.00132264
0.00132335
0.00132406
0.00132477
0.00132548
0.00132619
0.0013269
0.00132761
0.00132833
0.00132904
0.00132975
0.00133046
0.00133117
0.00133189
0.0013326
0.00133331
0.00133402
0.00133474
0.00133545
0.00133616
0.00133688
0.00133759
0.00133831
0.00133902
0.00133973
0.00134045
0.00134116
0.00134188
0.00134259
0.00134331
0.00134402
0.00134474
0.00134546
0.00134617
0.00134689
0.0013476
0.00134832
0.00134904
0.00134975
0.00135047
0.00135119
0.0013519
0.00135262
0.00135334
0.00135406
0.00135477
0.00135549
0.00135621
0.00135693
0.00135765
0.00135837
0.00135909
0.00135981
0.00136052
0.00136124
0.00136196
0.00136268
0.0013634
0.00136412
0.00136484
0.00136556
0.00136629
0.00136701
0.00136773
0.00136845
0.00136917
0.00136989
0.00137061
0.00137134
0.00137206
0.00137278
0.0013735
0.00137422
0.00137495
0.00137567
0.00137639
0.00137712
0.00137784
0.00137856
0.00137929
0.00138001
0.00138074
0.00138146
0.00138218
0.00138291
0.00138363
0.00138436
0.00138508
0.00138581
0.00138653
0.00138726
0.00138799
0.00138871
0.00138944
0.00139017
0.00139089
0.00139162
0.00139235
0.00139307
0.0013938
0.00139453
0.00139525
0.00139598
0.00139671
0.00139744
0.00139817
0.0013989
0.00139962
0.00140035
0.00140108
0.00140181
0.00140254
0.00140327
0.001404
0.00140473
0.00140546
0.00140619
0.00140692
0.00140765
0.00140838
0.00140911
0.00140984
0.00141057
0.00141131
0.00141204
0.00141277
0.0014135
0.00141423
0.00141497
0.0014157
0.00141643
0.00141716
0.0014179
0.00141863
0.00141936
0.0014201
0.00142083
0.00142156
0.0014223
0.00142303
0.00142377
0.0014245
0.00142524
0.00142597
0.00142671
0.00142744
0.00142818
0.00142891
0.00142965
0.00143038
0.00143112
0.00143186
0.00143259
0.00143333
0.00143407
0.0014348
0.00143554
0.00143628
0.00143701
0.00143775
0.00143849
0.00143923
0.00143997
0.0014407
0.00144144
0.00144218
0.00144292
0.00144366
0.0014444
0.00144514
0.00144588
0.00144662
0.00144736
0.0014481
0.00144884
0.00144958
0.00145032
0.00145106
0.0014518
0.00145254
0.00145328
0.00145402
0.00145477
0.00145551
0.00145625
0.00145699
0.00145773
0.00145848
0.00145922
0.00145996
0.00146071
0.00146145
0.00146219
0.00146294
0.00146368
0.00146442
0.00146517
0.00146591
0.00146666
0.0014674
0.00146815
0.00146889
0.00146964
0.00147038
0.00147113
0.00147187
0.00147262
0.00147336
0.00147411
0.00147486
0.0014756
0.00147635
0.0014771
0.00147784
0.00147859
0.00147934
0.00148009
0.00148083
0.00148158
0.00148233
0.00148308
0.00148383
0.00148458
0.00148532
0.00148607
0.00148682
0.00148757
0.00148832
0.00148907
0.00148982
0.00149057
0.00149132
0.00149207
0.00149282
0.00149357
0.00149432
0.00149507
0.00149583
0.00149658
0.00149733
0.00149808
0.00149883
0.00149958
0.00150034
0.00150109
0.00150184
0.00150259
0.00150335
0.0015041
0.00150485
0.00150561
0.00150636
0.00150712
0.00150787
0.00150862
0.00150938
0.00151013
0.00151089
0.00151164
0.0015124
0.00151315
0.00151391
0.00151466
0.00151542
0.00151618
0.00151693
0.00151769
0.00151845
0.0015192
0.00151996
0.00152072
0.00152147
0.00152223
0.00152299
0.00152375
0.0015245
0.00152526
0.00152602
0.00152678
0.00152754
0.0015283
0.00152906
0.00152981
0.00153057
0.00153133
0.00153209
0.00153285
0.00153361
0.00153437
0.00153513
0.00153589
0.00153666
0.00153742
0.00153818
0.00153894
0.0015397
0.00154046
0.00154122
0.00154199
0.00154275
0.00154351
0.00154427
0.00154504
0.0015458
0.00154656
0.00154732
0.00154809
0.00154885
0.00154961
0.00155038
0.00155114
0.00155191
0.00155267
0.00155344
0.0015542
0.00155497
0.00155573
0.0015565
0.00155726
0.00155803
0.00155879
0.00155956
0.00156033
0.00156109
0.00156186
0.00156263
0.00156339
0.00156416
0.00156493
0.00156569
0.00156646
0.00156723
0.001568
0.00156877
0.00156953
0.0015703
0.00157107
0.00157184
0.00157261
0.00157338
0.00157415
0.00157492
0.00157569
0.00157646
0.00157723
0.001578
0.00157877
0.00157954
0.00158031
0.00158108
0.00158185
0.00158262
0.0015834
0.00158417
0.00158494
0.00158571
0.00158648
0.00158726
0.00158803
0.0015888
0.00158957
0.00159035
0.00159112
0.00159189
0.00159267
0.00159344
0.00159422
0.00159499
0.00159576
0.00159654
0.00159731
0.00159809
0.00159886
0.00159964
0.00160041
0.00160119
0.00160197
0.00160274
0.00160352
0.00160429
0.00160507
0.00160585
0.00160662
0.0016074
0.00160818
0.00160896
0.00160973
0.00161051
0.00161129
0.00161207
0.00161285
0.00161362
0.0016144
0.00161518
0.00161596
0.00161674
0.00161752
0.0016183
0.00161908
0.00161986
0.00162064
0.00162142
0.0016222
0.00162298
0.00162376
0.00162454
0.00162532
0.0016261
0.00162689
0.00162767
0.00162845
0.00162923
0.00163001
0.0016308
0.00163158
0.00163236
0.00163314
0.00163393
0.00163471
0.00163549
0.00163628
0.00163706
0.00163785
0.00163863
0.00163941
0.0016402
0.00164098
0.00164177
0.00164255
0.00164334
0.00164412
0.00164491
0.0016457
0.00164648
0.00164727
0.00164805
0.00164884
0.00164963
0.00165041
0.0016512
0.00165199
0.00165278
0.00165356
0.00165435
0.00165514
0.00165593
0.00165672
0.0016575
0.00165829
0.00165908
0.00165987
0.00166066
0.00166145
0.00166224
0.00166303
0.00166382
0.00166461
0.0016654
0.00166619
0.00166698
0.00166777
0.00166856
0.00166935
0.00167014
0.00167094
0.00167173
0.00167252
0.00167331
0.0016741
0.0016749
0.00167569
0.00167648
0.00167728
0.00167807
0.00167886
0.00167966
0.00168045
0.00168124
0.00168204
0.00168283
0.00168363
0.00168442
0.00168521
0.00168601
0.00168681
0.0016876
0.0016884
0.00168919
0.00168999
0.00169078
0.00169158
0.00169238
0.00169317
0.00169397
0.00169477
0.00169556
0.00169636
0.00169716
0.00169796
0.00169875
0.00169955
0.00170035
0.00170115
0.00170195
0.00170275
0.00170354
0.00170434
0.00170514
0.00170594
0.00170674
0.00170754
0.00170834
0.00170914
0.00170994
0.00171074
0.00171154
0.00171234
0.00171315
0.00171395
0.00171475
0.00171555
0.00171635
0.00171715
0.00171796
0.00171876
0.00171956
0.00172036
0.00172117
0.00172197
0.00172277
0.00172358
0.00172438
0.00172518
0.00172599
0.00172679
0.0017276
0.0017284
0.00172921
0.00173001
0.00173082
0.00173162
0.00173243
0.00173323
0.00173404
0.00173484
0.00173565
0.00173646
0.00173726
0.00173807
0.00173888
0.00173968
0.00174049
0.0017413
0.00174211
0.00174291
0.00174372
0.00174453
0.00174534
0.00174615
0.00174695
0.00174776
0.00174857
0.00174938
0.00175019
0.001751
0.00175181
0.00175262
0.00175343
0.00175424
0.00175505
0.00175586
0.00175667
0.00175748
0.0017583
0.00175911
0.00175992
0.00176073
0.00176154
0.00176235
0.00176317
0.00176398
0.00176479
0.0017656
0.00176642
0.00176723
0.00176804
0.00176886
0.00176967
0.00177049
0.0017713
0.00177211
0.00177293
0.00177374
0.00177456
0.00177537
0.00177619
0.001777
0.00177782
0.00177864
0.00177945
0.00178027
0.00178108
0.0017819
0.00178272
0.00178353
0.00178435
0.00178517
0.00178599
0.0017868
0.00178762
0.00178844
0.00178926
0.00179008
0.00179089
0.00179171
0.00179253
0.00179335
0.00179417
0.00179499
0.00179581
0.00179663
0.00179745
0.00179827
0.00179909
0.00179991
0.00180073
0.00180155
0.00180237
0.00180319
0.00180401
0.00180484
0.00180566
0.00180648
0.0018073
0.00180812
0.00180895
0.00180977
0.00181059
0.00181142
0.00181224
0.00181306
0.00181389
0.00181471
0.00181553
0.00181636
0.00181718
0.00181801
0.00181883
0.00181966
0.00182048
0.00182131
0.00182213
0.00182296
0.00182378
0.00182461
0.00182544
0.00182626
0.00182709
0.00182792
0.00182874
0.00182957
0.0018304
0.00183122
0.00183205
0.00183288
0.00183371
0.00183454
0.00183537
0.00183619
0.00183702
0.00183785
0.00183868
0.00183951
0.00184034
0.00184117
0.001842
0.00184283
0.00184366
0.00184449
0.00184532
0.00184615
0.00184698
0.00184781
0.00184864
0.00184948
0.00185031
0.00185114
0.00185197
0.0018528
0.00185364
0.00185447
0.0018553
0.00185613
0.00185697
0.0018578
0.00185863
0.00185947
0.0018603
0.00186114
0.00186197
0.00186281
0.00186364
0.00186447
0.00186531
0.00186615
0.00186698
0.00186782
0.00186865
0.00186949
0.00187032
0.00187116
0.001872
0.00187283
0.00187367
0.00187451
0.00187534
0.00187618
0.00187702
0.00187786
0.0018787
0.00187953
0.00188037
0.00188121
0.00188205
0.00188289
0.00188373
0.00188457
0.00188541
0.00188625
0.00188709
0.00188793
0.00188877
0.00188961
0.00189045
0.00189129
0.00189213
0.00189297
0.00189381
0.00189465
0.00189549
0.00189634
0.00189718
0.00189802
0.00189886
0.0018997
0.00190055
0.00190139
0.00190223
0.00190308
0.00190392
0.00190476
0.00190561
0.00190645
0.0019073
0.00190814
0.00190899
0.00190983
0.00191068
0.00191152
0.00191237
0.00191321
0.00191406
0.0019149
0.00191575
0.0019166
0.00191744
0.00191829
0.00191914
0.00191998
0.00192083
0.00192168
0.00192253
0.00192337
0.00192422
0.00192507
0.00192592
0.00192677
0.00192761
0.00192846
0.00192931
0.00193016
0.00193101
0.00193186
0.00193271
0.00193356
0.00193441
0.00193526
0.00193611
0.00193696
0.00193781
0.00193867
0.00193952
0.00194037
0.00194122
0.00194207
0.00194292
0.00194378
0.00194463
0.00194548
0.00194633
0.00194719
0.00194804
0.00194889
0.00194975
0.0019506
0.00195145
0.00195231
0.00195316
0.00195402
0.00195487
0.00195573
0.00195658
0.00195744
0.00195829
0.00195915
0.00196
0.00196086
0.00196172
0.00196257
0.00196343
0.00196429
0.00196514
0.001966
0.00196686
0.00196771
0.00196857
0.00196943
0.00197029
0.00197115
0.00197201
0.00197286
0.00197372
0.00197458
0.00197544
0.0019763
0.00197716
0.00197802
0.00197888
0.00197974
0.0019806
0.00198146
0.00198232
0.00198318
0.00198404
0.0019849
0.00198577
0.00198663
0.00198749
0.00198835
0.00198921
0.00199008
0.00199094
0.0019918
0.00199266
0.00199353
0.00199439
0.00199525
0.00199612
0.00199698
0.00199784
0.00199871
0.00199957
0.00200044
0.0020013
0.00200217
0.00200303
0.0020039
0.00200476
0.00200563
0.0020065
0.00200736
0.00200823
0.00200909
0.00200996
0.00201083
0.00201169
0.00201256
0.00201343
0.0020143
0.00201516
0.00201603
0.0020169
0.00201777
0.00201864
0.00201951
0.00202038
0.00202124
0.00202211
0.00202298
0.00202385
0.00202472
0.00202559
0.00202646
0.00202733
0.0020282
0.00202908
0.00202995
0.00203082
0.00203169
0.00203256
0.00203343
0.0020343
0.00203518
0.00203605
0.00203692
0.00203779
0.00203867
0.00203954
0.00204041
0.00204129
0.00204216
0.00204303
0.00204391
0.00204478
0.00204566
0.00204653
0.00204741
0.00204828
0.00204916
0.00205003
0.00205091
0.00205178
0.00205266
0.00205353
0.00205441
0.00205529
0.00205616
0.00205704
0.00205792
0.00205879
0.00205967
0.00206055
0.00206143
0.00206231
0.00206318
0.00206406
0.00206494
0.00206582
0.0020667
0.00206758
0.00206846
0.00206934
0.00207022
0.0020711
0.00207198
0.00207286
0.00207374
0.00207462
0.0020755
0.00207638
0.00207726
0.00207814
0.00207902
0.00207991
0.00208079
0.00208167
0.00208255
0.00208343
0.00208432
0.0020852
0.00208608
0.00208697
0.00208785
0.00208873
0.00208962
0.0020905
0.00209139
0.00209227
0.00209315
0.00209404
0.00209492
0.00209581
0.00209669
0.00209758
0.00209847
0.00209935
0.00210024
0.00210112
0.00210201
0.0021029
0.00210378
0.00210467
0.00210556
0.00210645
0.00210733
0.00210822
0.00210911
0.00211
0.00211089
0.00211178
0.00211266
0.00211355
0.00211444
0.00211533
0.00211622
0.00211711
0.002118
0.00211889
0.00211978
0.00212067
0.00212156
0.00212245
0.00212334
0.00212424
0.00212513
0.00212602
0.00212691
0.0021278
0.0021287
0.00212959
0.00213048
0.00213137
0.00213227
0.00213316
0.00213405
0.00213495
0.00213584
0.00213673
0.00213763
0.00213852
0.00213942
0.00214031
0.00214121
0.0021421
0.002143
0.00214389
0.00214479
0.00214568
0.00214658
0.00214748
0.00214837
0.00214927
0.00215017
0.00215106
0.00215196
0.00215286
0.00215376
0.00215465
0.00215555
0.00215645
0.00215735
0.00215825
0.00215914
0.00216004
0.00216094
0.00216184
0.00216274
0.00216364
0.00216454
0.00216544
0.00216634
0.00216724
0.00216814
0.00216904
0.00216994
0.00217085
0.00217175
0.00217265
0.00217355
0.00217445
0.00217535
0.00217626
0.00217716
0.00217806
0.00217897
0.00217987
0.00218077
0.00218168
0.00218258
0.00218348
0.00218439
0.00218529
0.0021862
0.0021871
0.00218801
0.00218891
0.00218982
0.00219072
0.00219163
0.00219253
0.00219344
0.00219435
0.00219525
0.00219616
0.00219707
0.00219797
0.00219888
0.00219979
0.00220069
0.0022016
0.00220251
0.00220342
0.00220433
0.00220524
0.00220614
0.00220705
0.00220796
0.00220887
0.00220978
0.00221069
0.0022116
0.00221251
0.00221342
0.00221433
0.00221524
0.00221615
0.00221706
0.00221797
0.00221889
0.0022198
0.00222071
0.00222162
0.00222253
0.00222345
0.00222436
0.00222527
0.00222618
0.0022271
0.00222801
0.00222892
0.00222984
0.00223075
0.00223167
0.00223258
0.0022335
0.00223441
0.00223533
0.00223624
0.00223716
0.00223807
0.00223899
0.0022399
0.00224082
0.00224173
0.00224265
0.00224357
0.00224448
0.0022454
0.00224632
0.00224724
0.00224815
0.00224907
0.00224999
0.00225091
0.00225183
0.00225275
0.00225366
0.00225458
0.0022555
0.00225642
0.00225734
0.00225826
0.00225918
0.0022601
0.00226102
0.00226194
0.00226286
0.00226378
0.0022647
0.00226563
0.00226655
0.00226747
0.00226839
0.00226931
0.00227024
0.00227116
0.00227208
0.002273
0.00227393
0.00227485
0.00227577
0.0022767
0.00227762
0.00227854
0.00227947
0.00228039
0.00228132
0.00228224
0.00228317
0.00228409
0.00228502
0.00228594
0.00228687
0.0022878
0.00228872
0.00228965
0.00229057
0.0022915
0.00229243
0.00229336
0.00229428
0.00229521
0.00229614
0.00229707
0.00229799
0.00229892
0.00229985
0.00230078
0.00230171
0.00230264
0.00230357
0.0023045
0.00230543
0.00230636
0.00230729
0.00230822
0.00230915
0.00231008
0.00231101
0.00231194
0.00231287
0.0023138
0.00231473
0.00231567
0.0023166
0.00231753
0.00231846
0.00231939
0.00232033
0.00232126
0.00232219
0.00232313
0.00232406
0.00232499
0.00232593
0.00232686
0.0023278
0.00232873
0.00232967
0.0023306
0.00233154
0.00233247
0.00233341
0.00233434
0.00233528
0.00233622
0.00233715
0.00233809
0.00233902
0.00233996
0.0023409
0.00234184
0.00234277
0.00234371
0.00234465
0.00234559
0.00234653
0.00234746
0.0023484
0.00234934
0.00235028
0.00235122
0.00235216
0.0023531
0.00235404
0.00235498
0.00235592
0.00235686
0.0023578
0.00235874
0.00235968
0.00236062
0.00236157
0.00236251
0.00236345
0.00236439
0.00236533
0.00236628
0.00236722
0.00236816
0.0023691
0.00237005
0.00237099
0.00237193
0.00237288
0.00237382
0.00237477
0.00237571
0.00237665
0.0023776
0.00237854
0.00237949
0.00238044
0.00238138
0.00238233
0.00238327
0.00238422
0.00238517
0.00238611
0.00238706
0.00238801
0.00238895
0.0023899
0.00239085
0.0023918
0.00239274
0.00239369
0.00239464
0.00239559
0.00239654
0.00239749
0.00239843
0.00239938
0.00240033
0.00240128
0.00240223
0.00240318
0.00240413
0.00240508
0.00240603
0.00240699
0.00240794
0.00240889
0.00240984
0.00241079
0.00241174
0.0024127
0.00241365
0.0024146
0.00241555
0.00241651
0.00241746
0.00241841
0.00241937
0.00242032
0.00242127
0.00242223
0.00242318
0.00242414
0.00242509
0.00242605
0.002427
0.00242796
0.00242891
0.00242987
0.00243082
0.00243178
0.00243273
0.00243369
0.00243465
0.0024356
0.00243656
0.00243752
0.00243848
0.00243943
0.00244039
0.00244135
0.00244231
0.00244327
0.00244423
0.00244518
0.00244614
0.0024471
0.00244806
0.00244902
0.00244998
0.00245094
0.0024519
0.00245286
0.00245382
0.00245478
0.00245574
0.00245671
0.00245767
0.00245863
0.00245959
0.00246055
0.00246151
0.00246248
0.00246344
0.0024644
0.00246537
0.00246633
0.00246729
0.00246826
0.00246922
0.00247018
0.00247115
0.00247211
0.00247308
0.00247404
0.00247501
0.00247597
0.00247694
0.0024779
0.00247887
0.00247983
0.0024808
0.00248177
0.00248273
0.0024837
0.00248467
0.00248563
0.0024866
0.00248757
0.00248854
0.00248951
0.00249047
0.00249144
0.00249241
0.00249338
0.00249435
0.00249532
0.00249629
0.00249726
0.00249823
0.0024992
0.00250017
0.00250114
0.00250211
0.00250308
0.00250405
0.00250502
0.00249015
0.00250696
0.00250793
0.00250891
0.00250988
0.00251085
0.00251182
0.0025128
0.00251377
0.00251474
0.00251572
0.00251669
0.00251766
0.00251864
0.00251961
0.00252059
0.00252156
0.00252254
0.00252351
0.00252449
0.00252546
0.00252644
0.00252741
0.00252839
0.00252936
0.00253034
0.00253132
0.00253229
0.00253327
0.00253425
0.00253523
0.0025362
0.00253718
0.00253816
0.00253914
0.00254012
0.00254109
0.00254207
0.00254305
0.00254403
0.00254501
0.00254599
0.00254697
0.00254795
0.00254893
0.00254991
0.00255089
0.00255187
0.00255285
0.00255384
0.00255482
0.0025558
0.00255678
0.00255776
0.00255874
0.00255973
0.00256071
0.00256169
0.00256268
0.00256366
0.00256464
0.00256563
0.00256661
0.00256759
0.00256858
0.00256956
0.00257055
0.00257153
0.00257252
0.0025735
0.00257449
0.00257547
0.00257646
0.00257744
0.00257843
0.00257942
0.0025804
0.00258139
0.00258238
0.00258337
0.00258435
0.00258534
0.00258633
0.00258732
0.0025883
0.00258929
0.00259028
0.00259127
0.00259226
0.00259325
0.00259424
0.00259523
0.00259622
0.00259721
0.0025982
0.00259919
0.00260018
0.00260117
0.00260216
0.00260315
0.00260414
0.00260514
0.00260613
0.00260712
0.00260811
0.00260911
0.0026101
0.00261109
0.00261208
0.00261308
0.00261407
0.00261506
0.00261606
0.00261705
0.00261805
0.00261904
0.00262004
0.00262103
0.00262203
0.00262302
0.00262402
0.00262501
0.00262601
0.00262701
0.002628
0.002629
0.00263
0.00263099
0.00263199
0.00263299
0.00263398
0.00263498
0.00263598
0.00263698
0.00263798
0.00263898
0.00263997
0.00264097
0.00264197
0.00264297
0.00264397
0.00264497
0.00264597
0.00264697
0.00264797
0.00264897
0.00264997
0.00265097
0.00265198
0.00265298
0.00265398
0.00265498
0.00265598
0.00265699
0.00265799
0.00265899
0.00265999
0.002661
0.002662
0.002663
0.00266401
0.00266501
0.00266602
0.00266702
0.00266802
0.00266903
0.00267003
0.00267104
0.00267204
0.00267305
0.00267406
0.00267506
0.00267607
0.00267707
0.00267808
0.00267909
0.00268009
0.0026811
0.00268211
0.00268312
0.00268412
0.00268513
0.00268614
0.00268715
0.00268816
0.00268917
0.00269018
0.00269118
0.00269219
0.0026932
0.00269421
0.00269522
0.00269623
0.00269724
0.00269825
0.00269927
0.00270028
0.00270129
0.0027023
0.00270331
0.00270432
0.00270534
0.00270635
0.00270736
0.00270837
0.00270939
0.0027104
0.00271141
0.00271243
0.00271344
0.00271445
0.00271547
0.00271648
0.0027175
0.00271851
0.00271953
0.00272054
0.00272156
0.00272257
0.00270642
0.0027246
0.00272562
0.00272664
0.00272765
0.00272867
0.00272969
0.0027307
0.00273172
0.00273274
0.00273376
0.00271754
0.00273579
0.00273681
0.00273783
0.00273885
0.00273987
0.00274089
0.00274191
0.00274293
0.00274395
0.00274497
0.00274599
0.00274701
0.00274803
0.00274905
0.00275007
0.00275109
0.00275211
0.00275314
0.00275416
0.00275518
0.0027562
0.00275722
0.00275825
0.00275927
0.00276029
0.00276132
0.00276234
0.00276336
0.00276439
0.00276541
0.00276644
0.00276746
0.00276849
0.00276951
0.00277054
0.00277156
0.00277259
0.00277361
0.00277464
0.0027582
0.00277669
0.00277772
0.00277875
0.00277977
0.0027808
0.00278183
0.00278286
0.00278388
0.00278491
0.00278594
0.00278697
0.002788
0.00278903
0.00279006
0.00279109
0.00279211
0.00279314
0.00279417
0.0027952
0.00279624
0.00279727
0.0027983
0.00279933
0.00280036
0.00280139
0.00280242
0.00280345
0.00280449
0.00280552
0.00280655
0.00280758
0.00280862
0.00280965
0.00281068
0.00281172
0.00281275
0.00281378
0.00281482
0.00281585
0.00281689
0.00281792
0.00281896
0.00281999
0.00282103
0.00282206
0.0028231
0.00282414
0.00282517
0.00282621
0.00282724
0.00282828
0.00282932
0.00283036
0.00283139
0.00283243
0.00283347
0.00283451
0.00283555
0.00283658
0.00283762
0.00283866
0.0028397
0.00284074
0.00284178
0.00284282
0.00284386
0.0028449
0.00284594
0.00284698
0.00284802
0.00284906
0.0028501
0.00285115
0.00285219
0.00285323
0.00285427
0.00285531
0.00285636
0.0028574
0.00285844
0.00285948
0.00286053
0.00286157
0.00286261
0.00286366
0.0028647
0.00286575
0.00286679
0.00286784
0.00286888
0.00286993
0.00287097
0.00287202
0.00287306
0.00287411
0.00287516
0.0028762
0.00287725
0.0028783
0.00287934
0.00288039
0.00288144
0.00288249
0.00288353
0.00288458
0.00288563
0.00288668
0.00288773
0.00288878
0.00288983
0.00289087
0.00289192
0.00289297
0.00289402
0.00289507
0.00289612
0.00289718
0.00289823
0.00289928
0.00290033
0.00290138
0.00290243
0.00290348
0.00290454
0.00290559
0.00290664
0.00290769
0.00290875
0.0029098
0.00291085
0.00291191
0.00291296
0.00291401
0.00291507
0.00291612
0.00291718
0.00291823
0.00291929
0.00292034
0.0029214
0.00292245
0.00292351
0.00292457
0.00292562
0.00292668
0.00292774
0.00292879
0.00292985
0.00293091
0.00293196
0.00293302
0.00293408
0.00293514
0.0029362
0.00293726
0.00293831
0.00293937
0.00294043
0.00294149
0.00294255
0.00294361
0.00294467
0.00294573
0.00294679
0.00294785
0.00294891
0.00294998
0.00295104
0.0029521
0.00295316
0.00295422
0.00295528
0.00295635
0.00295741
0.00295847
0.00295954
0.0029606
0.00296166
0.00296273
0.00296379
0.00296485
0.00296592
0.00296698
0.00296805
0.00296911
0.00297018
0.00297124
0.00297231
0.00297337
0.00297444
0.00297551
0.00297657
0.00297764
0.00297871
0.00297977
0.00298084
0.00298191
0.00298298
0.00298404
0.00298511
0.00298618
0.00298725
0.00298832
0.00298939
0.00299046
0.00299152
0.00299259
0.00299366
0.00297604
0.0029958
0.00299687
0.00299795
0.00299902
0.00300009
0.00300116
0.00300223
0.0030033
0.00300437
0.00300545
0.00300652
0.00300759
0.0029899
0.00300974
0.00301081
0.00301188
0.00301296
0.00301403
0.00301511
0.00301618
0.00301725
0.00301833
0.0030194
0.00302048
0.00302155
0.00302263
0.00302371
0.00302478
0.00302586
0.00302693
0.00302801
0.00302909
0.00303016
0.00303124
0.00303232
0.0030334
0.00303447
0.00303555
0.00303663
0.00303771
0.00303879
0.00303987
0.00304095
0.00304203
0.00304311
0.00304419
0.00304527
0.00304635
0.00304743
0.00304851
0.00304959
0.00305067
0.00305175
0.00305283
0.00305391
0.00305499
0.00303706
0.00305716
0.00305824
0.00305932
0.00306041
0.00306149
0.00306257
0.00306366
0.00306474
0.00306583
0.00306691
0.00306799
0.00306908
0.00307016
0.00307125
0.00307233
0.00307342
0.00307451
0.00307559
0.00307668
0.00307776
0.00307885
0.00307994
0.00308103
0.00308211
0.0030832
0.00308429
0.00308538
0.00308646
0.00308755
0.00308864
0.00308973
0.00309082
0.00309191
0.003093
0.00309409
0.00309518
0.00309627
0.00309736
0.00309845
0.00309954
0.00310063
0.00310172
0.00310281
0.0031039
0.00310499
0.00308681
0.00310718
0.00310827
0.00310936
0.00311046
0.00311155
0.00311264
0.00311374
0.00311483
0.00311592
0.00311702
0.00311811
0.00311921
0.0031203
0.0031214
0.00312249
0.00312359
0.00312468
0.00312578
0.00312688
0.00312797
0.00312907
0.00313017
0.00313126
0.00313236
0.00313346
0.00313455
0.00313565
0.00313675
0.00313785
0.00313895
0.00314005
0.00314114
0.00314224
0.00314334
0.00314444
0.00314554
0.00314664
0.00314774
0.00314884
0.00314994
0.00315104
0.00315214
0.00315325
0.00315435
0.00315545
0.00315655
0.00315765
0.00315876
0.00315986
0.00316096
0.00316206
0.00316317
0.00316427
0.00316537
0.00316648
0.00316758
0.00316869
0.00316979
0.0031709
0.003172
0.00317311
0.00317421
0.00317532
0.00317642
0.00317753
0.00317863
0.00317974
0.00318085
0.00318195
0.00318306
0.00318417
0.00318528
0.00318638
0.00318749
0.0031886
0.00318971
0.00319082
0.00319193
0.00319303
0.00319414
0.00319525
0.00319636
0.00319747
0.00319858
0.00319969
0.0032008
0.00320191
0.00320303
0.00320414
0.00320525
0.00318658
0.00320747
0.00320858
0.0032097
0.00321081
0.00321192
0.00321303
0.00321415
0.00321526
0.00321637
0.00321749
0.0032186
0.00321972
0.00322083
0.00322195
0.00322306
0.00322418
0.00322529
0.00322641
0.00322752
0.00322864
0.00322975
0.00323087
0.00323199
0.0032331
0.00323422
0.00323534
0.00323646
0.00323757
0.00321875
0.00323981
0.00324093
0.00324205
0.00324317
0.00324428
0.0032454
0.00324652
0.00324764
0.00324876
0.00324988
0.003251
0.00325212
0.00325324
0.00325437
0.00325549
0.00325661
0.00325773
0.00325885
0.00325997
0.0032611
0.00326222
0.00326334
0.00326446
0.00326559
0.00326671
0.00326783
0.00326896
0.00327008
0.00325111
0.00327233
0.00327346
0.00327458
0.00327571
0.00327683
0.00325782
0.00327908
0.00328021
0.00328133
0.00328246
0.00328359
0.00328471
0.00328584
0.00328697
0.0032881
0.00328922
0.00329035
0.00329148
0.00329261
0.00329374
0.00329487
0.00329599
0.00329712
0.00329825
0.00329938
0.00330051
0.00330164
0.00330277
0.0033039
0.00330504
0.00330617
0.00328703
0.00330843
0.00330956
0.00329041
0.00331182
0.00331296
0.00331409
0.00331522
0.00331636
0.00331749
0.00331862
0.00331976
0.00332089
0.00332202
0.00332316
0.00332429
0.00332543
0.00332656
0.0033277
0.00332883
0.00332997
0.0033311
0.00333224
0.00333338
0.00333451
0.00333565
0.00333679
0.00333792
0.00333906
0.0033402
0.00334134
0.00334248
0.00334361
0.00334475
0.00334589
0.00334703
0.00332771
0.00334931
0.00332997
0.00335159
0.00335273
0.00335387
0.00335501
0.00335615
0.00335729
0.00335843
0.00335957
0.00336071
0.00336186
0.003363
0.00336414
0.00336528
0.00336643
0.00336757
0.00336871
0.00336986
0.003371
0.00337214
0.00337329
0.00337443
0.00337558
0.00337672
0.00337786
0.00337901
0.00335954
0.0033813
0.00338245
0.00338359
0.00338474
0.00338589
0.00338703
0.00338818
0.00338933
0.00339047
0.00339162
0.00339277
0.00337324
0.00339506
0.00339621
0.00339736
0.00339851
0.00339966
0.00340081
0.00340196
0.00340311
0.00340426
0.00340541
0.00340656
0.00340771
0.00340886
0.00341001
0.00341116
0.00341231
0.00341347
0.00341462
0.003395
0.00341692
0.00339729
0.00341923
0.00342038
0.00342154
0.00342269
0.00342384
0.003425
0.00342615
0.00342731
0.00342846
0.00342961
0.00343077
0.00343193
0.00343308
0.00343424
0.00343539
0.00343655
0.0034377
0.00343886
0.00341914
0.00342029
0.00342144
0.00342259
0.00344465
0.00344581
0.00342605
0.00344812
0.00344928
0.00345044
0.0034516
0.00345276
0.00345392
0.00345508
0.00345624
0.0034574
0.00345856
0.00345972
0.00346088
0.00346204
0.0034632
0.00346436
0.00346553
0.00346669
0.00346785
0.00346901
0.00347018
0.00347134
0.0034725
0.00347366
0.00347483
0.00347599
0.00347716
0.00347832
0.00347948
0.00348065
0.00348181
0.00348298
0.00348414
0.00346423
0.00348648
0.00346655
0.00348881
0.00348998
0.00349114
0.00349231
0.00349348
0.00349464
0.00349581
0.00349698
0.00349815
0.00349931
0.00350048
0.00350165
0.00350282
0.00350399
0.00348399
0.00350633
0.0035075
0.00350867
0.00350984
0.00351101
0.00349098
0.00351335
0.00351452
0.00351569
0.00351687
0.00351804
0.00351921
0.00352038
0.00352155
0.00352273
0.0035239
0.00352507
0.00352625
0.00352742
0.00352859
0.00352977
0.00353094
0.00353212
0.00353329
0.00353447
0.00353564
0.00353682
0.00353799
0.00353917
0.00354035
0.00354152
0.0035427
0.00354387
0.00354505
0.00354623
0.00354741
0.00354858
0.00354976
0.00355094
0.00355212
0.0035533
0.00355448
0.00355565
0.00355683
0.00355801
0.00355919
0.00356037
0.00356155
0.00356273
0.00356391
0.0035651
0.00356628
0.00356746
0.00356864
0.00356982
0.00354956
0.00357219
0.00357337
0.00357455
0.00357573
0.00357692
0.0035781
0.00357928
0.00358047
0.00358165
0.00358283
0.00358402
0.0035637
0.00358639
0.00358757
0.00356724
0.00358994
0.00359113
0.00359232
0.0035935
0.00359469
0.00359588
0.00359706
0.00359825
0.00359944
0.00360063
0.00360181
0.003603
0.00360419
0.00360538
0.00360657
0.00360776
0.00360894
0.00361013
0.00361132
0.00361251
0.00359208
0.00361489
0.00361608
0.00361728
0.00361847
0.00359801
0.00362085
0.00362204
0.00362323
0.00362442
0.00362562
0.00362681
0.003628
0.0036292
0.00363039
0.00363158
0.00363278
0.00363397
0.00363516
0.00363636
0.00363755
0.00363875
0.00363994
0.00364114
0.00364233
0.00364353
0.00364473
0.00364592
0.00362536
0.00364832
0.00364951
0.00365071
0.00365191
0.0036531
0.0036543
0.0036555
0.0036349
0.0036579
0.0036591
0.00366029
0.00366149
0.00366269
0.00366389
0.00366509
0.00364446
0.00366749
0.00366869
0.00364804
0.0036711
0.0036723
0.0036735
0.0036747
0.0036759
0.0036771
0.00367831
0.00367951
0.00368071
0.00368191
0.00368312
0.00366241
0.00368553
0.00368673
0.00368793
0.00368914
0.00369034
0.00369155
0.00369275
0.00369396
0.00369516
0.00369637
0.00369758
0.00369878
0.00369999
0.00370119
0.0037024
0.00370361
0.00370482
0.00370602
0.00370723
0.00370844
0.00370965
0.00371086
0.00371207
0.00371327
0.00371448
0.00371569
0.0037169
0.00371811
0.00371932
0.00372053
0.00372174
0.00372295
0.00372417
0.00372538
0.00372659
0.0037278
0.00372901
0.00373022
0.00373144
0.00373265
0.00373386
0.00373508
0.00373629
0.0037375
0.00373872
0.00373993
0.00374114
0.00374236
0.00374357
0.00374479
0.003746
0.00374722
0.00374843
0.00374965
0.00375087
0.00375208
0.0037533
0.00375452
0.00375573
0.00375695
0.00375817
0.00373719
0.0037606
0.00376182
0.00376304
0.00376426
0.00376548
0.0037667
0.00376792
0.00376914
0.00377036
0.00377158
0.0037728
0.00377402
0.00377524
0.0037542
0.00377768
0.0037789
0.00378012
0.00378134
0.00378257
0.00378379
0.00378501
0.00378623
0.00378746
0.00378868
0.0037899
0.00379113
0.00379235
0.00379358
0.0037948
0.00379602
0.00379725
0.00377613
0.0037997
0.00380092
0.00380215
0.00378102
0.0038046
0.00380583
0.00380706
0.00380828
0.00380951
0.00381074
0.00381197
0.00381319
0.00381442
0.00381565
0.00381688
0.00381811
0.00381934
0.00382057
0.00382179
0.00382302
0.00382425
0.00382548
0.00382671
0.00380549
0.00382918
0.00380795
0.00383164
0.00383287
0.0038341
0.00383533
0.00383657
0.0038378
0.00383903
0.00384026
0.003819
0.00384273
0.00384396
0.00382269
0.00384643
0.00384767
0.0038489
0.00385014
0.00385137
0.00385261
0.00385384
0.00385508
0.00385631
0.00385755
0.00385879
0.00386002
0.00386126
0.0038625
0.00386373
0.00386497
0.00386621
0.00386745
0.00386869
0.00386992
0.00387116
0.0038724
0.00387364
0.00387488
0.00387612
0.00387736
0.0038786
0.00387984
0.00388108
0.00388232
0.00388356
0.00386215
0.00388605
0.00388729
0.00388853
0.00388977
0.00386834
0.00389226
0.0038935
0.00389474
0.00389599
0.00389723
0.00389847
0.00389972
0.00390096
0.00390221
0.00390345
0.0039047
0.00390594
0.00390719
0.00390843
0.00390968
0.00391093
0.00391217
0.00391342
0.00391467
0.00391591
0.00391716
0.00391841
0.00391966
0.0039209
0.00392215
0.0039234
0.00392465
0.0039259
0.00392715
0.0039284
0.00392965
0.0039309
0.00393215
0.0039334
0.00393465
0.0039359
0.00393715
0.0039384
0.00393965
0.00391806
0.00394216
0.00394341
0.00394466
0.00394591
0.00394717
0.00394842
0.00394967
0.00395093
0.00395218
0.00395344
0.00395469
0.00395594
0.0039572
0.00395845
0.00395971
0.00396097
0.00396222
0.00396348
0.00394181
0.00396599
0.00396725
0.0039685
0.00396976
0.00397102
0.00397228
0.00397353
0.00397479
0.00397605
0.00397731
0.00397857
0.00397983
0.00398109
0.00395936
0.00398361
0.00398487
0.00398613
0.00398739
0.00398865
0.00398991
0.00396815
0.00399243
0.00399369
0.00399495
0.00397319
0.00399748
0.00399874
0.004
0.00400127
0.00397948
0.00400379
0.00400506
0.00400632
0.00398452
0.00400885
0.00401012
0.00401138
0.00401265
0.00401391
0.00401518
0.00401644
0.00401771
0.00401898
0.00402024
0.00402151
0.00402278
0.00402404
0.00402531
0.00402658
0.00402785
0.00402911
0.00403038
0.00403165
0.00403292
0.00401104
0.00403546
0.00403673
0.004038
0.00403927
0.00404054
0.00404181
0.00404308
0.00404435
0.00404562
0.0040469
0.00404817
0.00404944
0.00405071
0.00405198
0.00405326
0.00405453
0.0040558
0.00405708
0.00405835
0.00405962
0.0040609
0.00406217
0.00406345
0.00406472
0.004066
0.00406727
0.00406855
0.00406982
0.0040711
0.00407238
0.00407365
0.00407493
0.00407621
0.00407748
0.00407876
0.00408004
0.00408132
0.0040826
0.00408387
0.00408515
0.00408643
0.00408771
0.00408899
0.00409027
0.00409155
0.00409283
0.00409411
0.00409539
0.00409667
0.00409795
0.00409923
0.00410052
0.0041018
0.00410308
0.00410436
0.00410564
0.00410693
0.00410821
0.00410949
0.00411078
0.00411206
0.00408994
0.00411463
0.00411591
0.0041172
0.00411848
0.00411977
0.00412105
0.00412234
0.00412362
0.00410148
0.0041262
0.00412748
0.00412877
0.00413006
0.00413134
0.00413263
0.00413392
0.00413521
0.0041365
0.00413778
0.00413907
0.00411688
0.00414165
0.00414294
0.00414423
0.00414552
0.00414681
0.0041481
0.00414939
0.00415068
0.00415197
0.00415326
0.00415455
0.00415585
0.00415714
0.00415843
0.00415972
0.00416102
0.00416231
0.0041636
0.0041649
0.00414263
0.00416748
0.00416878
0.00417007
0.00417137
0.00417266
0.00417396
0.00417525
0.00417655
0.00417784
0.00417914
0.00418044
0.00418173
0.00418303
0.00418433
0.00418562
0.00416331
0.00418822
0.00416589
0.00419082
0.00419211
0.00419341
0.00419471
0.00419601
0.00419731
0.00417496
0.00419991
0.00417755
0.00420251
0.00420381
0.00420511
0.00420641
0.00420771
0.00420902
0.00421032
0.00421162
0.00421292
0.00421422
0.00421553
0.00421683
0.00421813
0.00421944
0.00422074
0.00422205
0.00422335
0.00422465
0.00422596
0.00422726
0.00420484
0.00422987
0.00423118
0.00423249
0.00423379
0.0042351
0.00421265
0.00423771
0.00423902
0.00424033
0.00424163
0.00424294
0.00422048
0.00424556
0.00424687
0.00424818
0.0042257
0.00425079
0.00422831
0.00425341
0.00425472
0.00425603
0.00423353
0.00425866
0.00425997
0.00426128
0.00426259
0.0042639
0.00426521
0.00426652
0.00426784
0.00426915
0.00427046
0.00427178
0.00427309
0.0042744
0.00427572
0.00427703
0.00425448
0.00425579
0.00428098
0.00428229
0.00428361
0.00428492
0.00428624
0.00428755
0.00428887
0.00429019
0.0042915
0.00429282
0.00429414
0.00429545
0.00429677
0.00429809
0.00429941
0.00430073
0.00430205
0.00430336
0.00430468
0.004306
0.00430732
0.00430864
0.00430996
0.00431128
0.0043126
0.00431393
0.00431525
0.00431657
0.00431789
0.00431921
0.00429656
0.00432186
0.00432318
0.0043245
0.00432582
0.00432715
0.00432847
0.0043298
0.00433112
0.00430844
0.00433377
0.00433509
0.00433642
0.00433774
0.00433907
0.00434039
0.00434172
0.00434305
0.00432034
0.0043457
0.00434703
0.00434835
0.00434968
0.00435101
0.00435234
0.00435367
0.00435499
0.00435632
0.00435765
0.00435898
0.00436031
0.00436164
0.00436297
0.0043643
0.00436563
0.00436696
0.00436829
0.00436962
0.00437095
0.00437229
0.00437362
0.00437495
0.00437628
0.00437762
0.00437895
0.00438028
0.00438161
0.00438295
0.00438428
0.00438562
0.00438695
0.00438828
0.00438962
0.00439095
0.00439229
0.00439363
0.00439496
0.0043963
0.00439763
0.00439897
0.00440031
0.00440164
0.00440298
0.00440432
0.00440566
0.00440699
0.00440833
0.00440967
0.00441101
0.00441235
0.00441369
0.00441503
0.00441637
0.00441771
0.00441905
0.00442039
0.00442173
0.00442307
0.00442441
0.00442575
0.00442709
0.00442844
0.00442978
0.00440687
0.00443246
0.00443381
0.00443515
0.00443649
0.00443784
0.00443918
0.00444052
0.00444187
0.00444321
0.00444456
0.0044459
0.00442297
0.00444859
0.00444994
0.00445129
0.00445263
0.00445398
0.00445532
0.00445667
0.00445802
0.00445937
0.00446071
0.00446206
0.00446341
0.00446476
0.00446611
0.00446746
0.00446881
0.00444582
0.00447151
0.00447286
0.00447421
0.00447556
0.00447691
0.00447826
0.00447961
0.00448096
0.00448231
0.00448366
0.00448502
0.00448637
0.00446335
0.00448907
0.00449043
0.00449178
0.00449314
0.00449449
0.00449584
0.0044972
0.00449855
0.00449991
0.00450126
0.00450262
0.00450397
0.00450533
0.00450669
0.00450804
0.0045094
0.00451076
0.00451211
0.00451347
0.00451483
0.00451619
0.00451754
0.0045189
0.00452026
0.00452162
0.00452298
0.00452434
0.0045257
0.00452706
0.00452842
0.00452978
0.00450667
0.0045325
0.00453386
0.00453522
0.00453658
0.00453795
0.00453931
0.00454067
0.00454203
0.0045434
0.00454476
0.00454612
0.00454749
0.00454885
0.00455021
0.00455158
0.00452843
0.00455431
0.00455567
0.00455704
0.0045584
0.00455977
0.00456114
0.0045625
0.00456387
0.00456524
0.0045666
0.00456797
0.00454479
0.0045707
0.00457207
0.00457344
0.00457481
0.00457618
0.00457755
0.00457892
0.00458029
0.00458166
0.00458303
0.00455982
0.00458577
0.00456256
0.00458851
0.0045653
0.00459125
0.00459262
0.004594
0.00459537
0.00459674
0.00459811
0.00457488
0.00460086
0.00460223
0.00460361
0.00460498
0.00460636
0.00458311
0.0046091
0.00461048
0.00461185
0.00461323
0.00461461
0.00459135
0.00461736
0.0045941
0.00459547
0.00462149
0.00462287
0.00462424
0.00462562
0.004627
0.00462838
0.00462976
0.00463114
0.00463251
0.00463389
0.00463527
0.00463665
0.00463803
0.00461474
0.00464079
0.00464217
0.00464356
0.00464494
0.00464632
0.00462301
0.00464908
0.00465046
0.00465185
0.00465323
0.00462991
0.004656
0.00465738
0.00465876
0.00466015
0.00466153
0.00466292
0.0046643
0.00466569
0.00466707
0.00466846
0.00466984
0.00467123
0.00467261
0.004674
0.00465065
0.00467677
0.00467816
0.00467955
0.00468094
0.00468233
0.00465896
0.0046851
0.00468649
0.00468788
0.00468927
0.00466589
0.00469205
0.00469344
0.00469483
0.00469622
0.00469761
0.004699
0.00470039
0.00470178
0.00470318
0.00470457
0.00470596
0.00470735
0.00470875
0.00471014
0.00471153
0.00471293
0.00471432
0.00471571
0.00471711
0.0047185
0.0047199
0.00472129
0.00472269
0.00472408
0.00472548
0.00470205
0.00472827
0.00472967
0.00473107
0.00473246
0.00473386
0.00473526
0.00473665
0.00473805
0.00473945
0.00474085
0.00474225
0.00474365
0.00474505
0.00474645
0.00474785
0.00474925
0.00475065
0.00475205
0.00475345
0.00475485
0.00475625
0.00475765
0.00473417
0.00476046
0.00476186
0.00476326
0.00476466
0.00476607
0.00476747
0.00476888
0.00477028
0.00477168
0.00477309
0.00477449
0.0047759
0.0047773
0.00477871
0.00478011
0.00478152
0.00478293
0.00478433
0.00478574
0.00478715
0.00478855
0.00478996
0.00479137
0.00479278
0.00479418
0.00479559
0.004797
0.00479841
0.00477488
0.00477628
0.00480264
0.0047791
0.00480546
0.00478192
0.00478332
0.00478473
0.0048111
0.00478755
0.00481393
0.00479037
0.00481675
0.00481816
0.00481958
0.00482099
0.0048224
0.00482382
0.00482523
0.00482664
0.00482806
0.00482947
0.00483089
0.0048323
0.00483372
0.00483513
0.00483655
0.00483796
0.00483938
0.0048408
0.00484221
0.00484363
0.00484505
0.00484647
0.00484788
0.0048493
0.00485072
0.00485214
0.00485356
0.00485498
0.0048564
0.00485782
0.00485924
0.00486066
0.00486208
0.0048635
0.00486492
0.00486634
0.00486776
0.00486918
0.0048706
0.00487203
0.00487345
0.00487487
0.0048763
0.00487772
0.00487914
0.00488057
0.00488199
0.00488341
0.00488484
0.00488626
0.00488769
0.00488911
0.00489054
0.00489196
0.00489339
0.00489482
0.00489624
0.00489767
0.00487402
0.00487544
0.00490195
0.0048783
0.00490481
0.00488115
0.00490767
0.004884
0.00491052
0.00491195
0.00491338
0.00491481
0.00491624
0.00491767
0.0049191
0.00492053
0.00489686
0.0049234
0.00489972
0.00492626
0.00490258
0.00492912
0.00490544
0.00490687
0.0049083
0.00490973
0.00491117
0.00493772
0.00491403
0.00494059
0.00494203
0.00494346
0.0049449
0.00494633
0.00494777
0.00494921
0.00495064
0.00495208
0.00495352
0.00495495
0.00495639
0.00495783
0.00495927
0.0049607
0.00496214
0.00496358
0.00496502
0.00496646
0.0049679
0.00496934
0.00497078
0.00497222
0.00497366
0.0049751
0.00497654
0.00497798
0.00497942
0.00498086
0.00498231
0.00498375
0.00498519
0.00498663
0.00498808
0.00498952
0.00499096
0.00499241
0.00499385
0.00499529
0.00499674
0.00499818
0.00499963
0.00497588
0.00500252
0.00500397
0.00500541
0.00500686
0.0050083
0.00500975
0.0050112
0.00501265
0.00501409
0.00501554
0.00501699
0.00501844
0.00501989
0.00502134
0.00502278
0.00502423
0.00502568
0.00502713
0.00502858
0.00503003
0.00503149
0.00503294
0.00503439
0.00503584
0.00503729
0.00503874
0.00504019
0.00504165
0.0050431
0.00504455
0.00504601
0.00504746
0.00504891
0.00505037
0.00505182
0.00505328
0.00505473
0.00503094
0.00503239
0.0050591
0.00506055
0.00506201
0.00506347
0.00506492
0.00506638
0.00506784
0.00506929
0.00507075
0.00507221
0.00507367
0.00507513
0.00507659
0.00507805
0.0050795
0.00508096
0.00508242
0.00505861
0.00508534
0.0050868
0.00508827
0.00508973
0.00509119
0.00506737
0.00506883
0.00509557
0.00509704
0.0050985
0.00509996
0.00510142
0.00510289
0.00510435
0.00510582
0.00510728
0.00508345
0.00511021
0.00511167
0.00511314
0.00511461
0.00511607
0.00511754
0.005119
0.00512047
0.00512194
0.0051234
0.00512487
0.00512634
0.00512781
0.00512927
0.00513074
0.00513221
0.00513368
0.00513515
0.00513662
0.00513809
0.00513956
0.00511572
0.0051425
0.00514397
0.00514544
0.00514691
0.00514838
0.00514986
0.00515133
0.0051528
0.00515427
0.00515575
0.00515722
0.00515869
0.00516017
0.00516164
0.00516311
0.00516459
0.00516606
0.00516754
0.00516901
0.00517049
0.00517196
0.00517344
0.00517492
0.00517639
0.00515253
0.00515401
0.00518082
0.0051823
0.00518378
0.00518526
0.00518674
0.00518821
0.00518969
0.00519117
0.00519265
0.00519413
0.00519561
0.00517174
0.00519857
0.00520005
0.00520153
0.00520302
0.0052045
0.00520598
0.00520746
0.00520894
0.00521043
0.00521191
0.00521339
0.00521487
0.00521636
0.00521784
0.00521933
0.00522081
0.00522229
0.00522378
0.00522527
0.00522675
0.00520287
0.00522972
0.00523121
0.00523269
0.00523418
0.00523567
0.00523716
0.00521327
0.00521476
0.00524162
0.00524311
0.0052446
0.00524609
0.00524757
0.00524906
0.00525055
0.00525204
0.00525353
0.00525502
0.00525651
0.00525801
0.0052595
0.00526099
0.00526248
0.00526397
0.00526546
0.00526696
0.00526845
0.00526994
0.00527144
0.00527293
0.00527442
0.00527592
0.00527741
0.00527891
0.0052804
0.0052819
0.00528339
0.00528489
0.00528638
0.00528788
0.00528938
0.00529087
0.00529237
0.00529387
0.00526997
0.00529686
0.00529836
0.00529986
0.00530136
0.00530286
0.00530436
0.00530586
0.00530736
0.00530886
0.00528496
0.00531186
0.00531336
0.00531486
0.00531636
0.00531786
0.00529396
0.00532086
0.00532237
0.00532387
0.00532537
0.00532688
0.00532838
0.00532988
0.00533139
0.00530749
0.0053344
0.0053359
0.0053374
0.00533891
0.00534042
0.00534192
0.00534343
0.00534493
0.00534644
0.00534795
0.00532405
0.00535096
0.00535247
0.00535398
0.00535549
0.00535699
0.0053585
0.00536001
0.00536152
0.00536303
0.00536454
0.00536605
0.00536756
0.00536907
0.00537058
0.00537209
0.0053736
0.00537512
0.00537663
0.00537814
0.00537965
0.00538117
0.00538268
0.00538419
0.00538571
0.00538722
0.00538873
0.00536483
0.00539176
0.00539328
0.00539479
0.00539631
0.00539782
0.00539934
0.00540085
0.00540237
0.00540389
0.0054054
0.00540692
0.00540844
0.00540996
0.00541148
0.00541299
0.00541451
0.00541603
0.00541755
0.00541907
0.00542059
0.00542211
0.00542363
0.00542515
0.00542667
0.00542819
0.00542971
0.00543123
0.00543276
0.00543428
0.0054358
0.00543732
0.00543885
0.00544037
0.00544189
0.00544342
0.00544494
0.00544646
0.00544799
0.00544951
0.00545104
0.00545256
0.00545409
0.0054302
0.00545714
0.00545867
0.00546019
0.00546172
0.00546325
0.00546478
0.0054663
0.00544242
0.00546936
0.00547089
0.00547242
0.00547395
0.00547548
0.005477
0.00547853
0.00548006
0.0054816
0.00545771
0.00548466
0.00548619
0.00548772
0.00548925
0.00549078
0.00549232
0.00549385
0.00549538
0.00549691
0.00549845
0.00549998
0.00550151
0.00550305
0.00550458
0.00550612
0.00550765
0.00550919
0.00551072
0.00551226
0.00548839
0.00551533
0.00551687
0.0055184
0.00551994
0.00552148
0.00552302
0.00549915
0.00552609
0.00552763
0.00552917
0.00553071
0.00553225
0.00553379
0.00553533
0.00551146
0.00553841
0.00553995
0.00554149
0.00554303
0.00554457
0.00554611
0.00554766
0.0055238
0.00555074
0.00555228
0.00555383
0.00555537
0.00555691
0.00555846
0.00556
0.00556155
0.00556309
0.00556464
0.00556618
0.00556773
0.00556927
0.00557082
0.00557236
0.00557391
0.00557546
0.005577
0.00557855
0.0055801
0.00555626
0.0055832
0.00558474
0.00558629
0.00558784
0.00558939
0.00559094
0.00559249
0.00559404
0.00559559
0.00559714
0.00559869
0.00560024
0.0056018
0.00560335
0.00557952
0.00560645
0.005608
0.00560956
0.00561111
0.00561266
0.00561422
0.00561577
0.00561732
0.00561888
0.00562043
0.00562199
0.00562354
0.0056251
0.00562666
0.00562821
0.00562977
0.00563132
0.00563288
0.00563444
0.005636
0.00563755
0.00563911
0.0056153
0.00564223
0.00564379
0.00564535
0.00564691
0.00564846
0.00565002
0.00565158
0.00565315
0.00565471
0.00565627
0.00565783
0.00565939
0.00566095
0.00566251
0.00566408
0.00566564
0.0056672
0.00566876
0.00567033
0.00567189
0.00567346
0.00567502
0.00567658
0.00567815
0.00567971
0.00565593
0.00568285
0.00568441
0.00566063
0.00568754
0.00568911
0.00569068
0.00569224
0.00569381
0.00569538
0.00569695
0.00569852
0.00570008
0.00570165
0.00570322
0.00570479
0.00570636
0.00570793
0.0057095
0.00571107
0.00571264
0.00571421
0.00571579
0.00569203
0.00571893
0.0057205
0.00572207
0.00572365
0.00572522
0.00572679
0.00572837
0.00572994
0.00573151
0.00573309
0.00573466
0.00573624
0.00573781
0.00573939
0.00574096
0.00574254
0.00574412
0.00574569
0.00574727
0.00574885
0.00575042
0.005752
0.00575358
0.00575516
0.00575674
0.00575832
0.0057599
0.00576147
0.00576305
0.00576463
0.00576621
0.00576779
0.00574409
0.00577096
0.00577254
0.00577412
0.0057757
0.00577728
0.00577886
0.00578045
0.00578203
0.00578361
0.0057852
0.00578678
0.00578836
0.00578995
0.00579153
0.00576785
0.0057947
0.00579629
0.00579787
0.00579946
0.00580105
0.00580263
0.00580422
0.00580581
0.00580739
0.00580898
0.00581057
0.00581216
0.00581375
0.00581533
0.00581692
0.00581851
0.0058201
0.00582169
0.00582328
0.00582487
0.00582646
0.00582805
0.00582965
0.00583124
0.00583283
0.00583442
0.00583601
0.00583761
0.0058392
0.00584079
0.00584238
0.00584398
0.00584557
0.00584717
0.00584876
0.00585036
0.00585195
0.00585355
0.00585514
0.00585674
0.00585833
0.00585993
0.00586153
0.00586312
0.00586472
0.00586632
0.00586792
0.00586951
0.00587111
0.00587271
0.00587431
0.00587591
0.00587751
0.00587911
0.00588071
0.00588231
0.00588391
0.00588551
0.00588711
0.00588871
0.00589031
0.00589192
0.00589352
0.00589512
0.00589672
0.00589833
0.00589993
0.00587637
0.00590314
0.00590474
0.00590635
0.00590795
0.00590956
0.00591116
0.00591277
0.00591437
0.00591598
0.00591759
0.00591919
0.0059208
0.00592241
0.00592401
0.00592562
0.00592723
0.00592884
0.00593045
0.00593206
0.00593367
0.00593527
0.00593688
0.00593849
0.00594011
0.00594172
0.00594333
0.00594494
0.00594655
0.00594816
0.00594977
0.00595139
0.005953
0.00595461
0.00595622
0.00595784
0.00595945
0.00596106
0.00596268
0.00596429
0.00596591
0.00594244
0.00596914
0.00597075
0.00597237
0.00597399
0.0059756
0.00597722
0.00597884
0.00598045
0.00598207
0.00598369
0.00598531
0.00598693
0.00598854
0.00599016
0.00599178
0.0059934
0.00599502
0.00599664
0.00599826
0.00597484
0.0060015
0.00600313
0.00600475
0.00600637
0.00600799
0.00600961
0.00601124
0.00601286
0.00601448
0.00601611
0.00601773
0.00599434
0.00602098
0.0060226
0.00602423
0.00600084
0.00602748
0.0060291
0.00603073
0.00600736
0.00603398
0.00603561
0.00603724
0.00603886
0.00604049
0.00604212
0.00604375
0.00604538
0.006047
0.00604863
0.00605026
0.00605189
0.00605352
0.00605515
0.00605678
0.00605841
0.00606005
0.00606168
0.00606331
0.00606494
0.00606657
0.0060682
0.00606984
0.00607147
0.0060731
0.00607474
0.00607637
0.00607801
0.00607964
0.00605635
0.00608291
0.00608454
0.00608618
0.00608782
0.00608945
0.00609109
0.00609273
0.00609436
0.006096
0.00609764
0.00609928
0.00610091
0.00610255
0.00610419
0.00610583
0.00610747
0.00608422
0.00611075
0.00611239
0.00611403
0.00611567
0.00611731
0.00611895
0.00612059
0.00612223
0.00612388
0.00610066
0.00610231
0.0061288
0.00613045
0.00613209
0.00613373
0.00613538
0.00613702
0.00613867
0.00614031
0.00614196
0.0061436
0.00614525
0.0061469
0.00614854
0.00615019
0.00615183
0.00612867
0.00615513
0.00615678
0.00615843
0.00616007
0.00616172
0.00616337
0.00616502
0.00616667
0.00616832
0.00616997
0.00617162
0.00614849
0.00617492
0.00617657
0.00617822
0.00617988
0.00618153
0.00618318
0.00618483
0.00618648
0.00618814
0.00618979
0.00619145
0.0061931
0.00619475
0.00619641
0.00617333
0.00619972
0.00620137
0.00620303
0.00620468
0.00620634
0.006208
0.00620965
0.00621131
0.00621297
0.00621463
0.00621628
0.00621794
0.0062196
0.00622126
0.00622292
0.00622458
0.00622624
0.0062279
0.00622956
0.00623122
0.00623288
0.00623454
0.00621154
0.00623786
0.00623953
0.00624119
0.00624285
0.00624451
0.00624618
0.00624784
0.0062495
0.00625117
0.00625283
0.0062545
0.00625616
0.00625783
0.00625949
0.00626116
0.00623821
0.00626449
0.00626616
0.00626782
0.00626949
0.00627116
0.00627283
0.00627449
0.00627616
0.00627783
0.0062795
0.00628117
0.00625827
0.00625994
0.00628618
0.00628785
0.00628952
0.00629119
0.00629286
0.00629453
0.0062962
0.00629787
0.00629955
0.00630122
0.00630289
0.00630457
0.00630624
0.00630791
0.00630959
0.00631126
0.00631294
0.00631461
0.00631629
0.00631796
0.00631964
0.00632131
0.00632299
0.00632467
0.00632634
0.00632802
0.0063297
0.00633137
0.00633305
0.00633473
0.00633641
0.00633809
0.00633977
0.00634145
0.00634313
0.00634481
0.00634649
0.00632373
0.00634985
0.00635153
0.00635321
0.00635489
0.00635657
0.00635826
0.00635994
0.00636162
0.00636331
0.00636499
0.00636667
0.00636836
0.00637004
0.00637173
0.00637341
0.0063751
0.00637678
0.00637847
0.00638015
0.00638184
0.00638353
0.00638521
0.0063869
0.00638859
0.00639028
0.00639196
0.00639365
0.00639534
0.00639703
0.00639872
0.00640041
0.0064021
0.00640379
0.00640548
0.00640717
0.00640886
0.00641055
0.00641224
0.00641394
0.00641563
0.00641732
0.00641901
0.00642071
0.0064224
0.00642409
0.00642579
0.00642748
0.00642917
0.00643087
0.00643256
0.00643426
0.00643596
0.00643765
0.00643935
0.00644104
0.00644274
0.00644444
0.00644614
0.00644783
0.00644953
0.00645123
0.00645293
0.00645463
0.00645633
0.00645802
0.00645972
0.00646142
0.00646312
0.00646483
0.00646653
0.00646823
0.00646993
0.00647163
0.00647333
0.00647503
0.00647674
0.00647844
0.00648014
0.00648185
0.00648355
0.00648525
0.00648696
0.00648866
0.00649037
0.00649207
0.00649378
0.00649548
0.00649719
0.0064989
0.0065006
0.00650231
0.00650402
0.00650573
0.00650743
0.00650914
0.00651085
0.00651256
0.00651427
0.00651598
0.00651769
0.0065194
0.00652111
0.00652282
0.00652453
0.00652624
0.00652795
0.00652966
0.00653137
0.00653308
0.0065348
0.00651253
0.00653822
0.00653994
0.00654165
0.00654336
0.00654508
0.00654679
0.00654851
0.00655022
0.00655194
0.00655365
0.00655537
0.00655709
0.0065588
0.00656052
0.00656224
0.00656395
0.00654176
0.00656739
0.00656911
0.00657083
0.00657255
0.00657426
0.00657598
0.0065777
0.00657942
0.00658114
0.00658287
0.00658459
0.00658631
0.00658803
0.00658975
0.00659147
0.0065932
0.00659492
0.00659664
0.00659836
0.00660009
0.00660181
0.00660354
0.00660526
0.00660699
0.00660871
0.00661044
0.00661216
0.00661389
0.00661561
0.00661734
0.00659531
0.00662079
0.00662252
0.00662425
0.00662598
0.00662771
0.00662943
0.00663116
0.00660917
0.00663462
0.00663635
0.00663808
0.00663981
0.00664154
0.00664327
0.006645
0.00664674
0.00664847
0.0066502
0.00665193
0.00665367
0.0066554
0.00665713
0.00665886
0.0066606
0.00666233
0.00666407
0.0066658
0.00666754
0.00666927
0.00667101
0.00667274
0.00667448
0.00667622
0.00667795
0.00667969
0.00668143
0.00668317
0.0066849
0.00668664
0.00668838
0.00669012
0.00669186
0.0066936
0.00669534
0.00669708
0.00667529
0.00670056
0.0067023
0.00670404
0.00670578
0.00670753
0.00670927
0.00671101
0.00671275
0.0067145
0.00671624
0.00671798
0.00671973
0.00669801
0.00672322
0.00672496
0.00672671
0.00672845
0.0067302
0.00673194
0.00673369
0.00673544
0.00673718
0.00673893
0.00674068
0.00674242
0.00674417
0.00674592
0.00674767
0.00674942
0.00675117
0.00672956
0.00675467
0.00675642
0.00675817
0.00675992
0.00676167
0.00676342
0.00676517
0.00676692
0.00676868
0.00677043
0.00677218
0.00677393
0.0067524
0.00677744
0.0067792
0.00678095
0.0067827
0.00678446
0.00678622
0.00678797
0.00678973
0.00679148
0.00679324
0.006795
0.00679675
0.00679851
0.00680027
0.00680203
0.00680378
0.00680554
0.0068073
0.00680906
0.00681082
0.00681258
0.00681434
0.0068161
0.00681786
0.00681962
0.00682138
0.00682314
0.0068249
0.00682667
0.00682843
0.00683019
0.00683195
0.00683372
0.00683548
0.00683725
0.00683901
0.00684077
0.00684254
0.00682124
0.00684607
0.00684783
0.0068496
0.00685137
0.00685313
0.0068549
0.00685667
0.00685843
0.0068602
0.00686197
0.00686374
0.00686551
0.00684429
0.00686905
0.00684784
0.00684962
0.00687435
0.00685317
0.0068779
0.00687967
0.00688144
0.00688321
0.00688498
0.00688675
0.00688853
0.0068903
0.00689207
0.00689385
0.00689562
0.00689739
0.00689917
0.00690094
0.00687986
0.00690449
0.00690627
0.00690804
0.00690982
0.0069116
0.00691337
0.00691515
0.00691693
0.0069187
0.00692048
0.00692226
0.00692404
0.00692582
0.0069276
0.00692938
0.0069084
0.00693294
0.00693472
0.00691376
0.00693828
0.00694006
0.00694184
0.00694362
0.00694541
0.00692448
0.00694897
0.00692806
0.00692985
0.00693164
0.0069561
0.00695789
0.00693702
0.00696146
0.0069406
0.00696503
0.00696681
0.0069686
0.00697039
0.00697217
0.00695136
0.00697575
0.00695494
0.00697932
0.00698111
0.0069829
0.00698469
0.00696392
0.00696571
0.00699006
0.00699185
0.00699364
0.00699543
0.00699722
0.00699901
0.0070008
0.00700259
0.00700438
0.00698369
0.00700797
0.00700976
0.00701156
0.00699089
0.00701514
0.00699449
0.00699629
0.00702053
0.00702232
0.00702412
0.00702591
0.00702771
0.00700711
0.00700891
0.0070331
0.0070349
0.00703669
0.00703849
0.00704029
0.00701974
0.00704389
0.00704568
0.00704748
0.00704928
0.00705108
0.00705288
0.00705468
0.00705649
0.00705829
0.00706009
0.00706189
0.00704143
0.00706549
0.00704505
0.0070691
0.0070709
0.00707271
0.00705229
0.0070541
0.00707812
0.00707992
0.00708173
0.00708353
0.00708534
0.00708715
0.00708895
0.00709076
0.00709257
0.00709437
0.00709618
0.00709799
0.0070998
0.0071016
0.00708131
0.00710522
0.00710703
0.00710884
0.00711065
0.00711246
0.00709221
0.00711608
0.00709585
0.00711971
0.00712152
0.00712333
0.00712514
0.00712695
0.00712877
0.00713058
0.00713239
0.00713421
0.00711405
0.00711587
0.00711769
0.00714147
0.00714328
0.0071451
0.00714691
0.00712681
0.00715055
0.00715236
0.00715418
0.007156
0.00715782
0.00713776
0.00716145
0.00714141
0.00716509
0.00716691
0.00716873
0.00717055
0.00717237
0.00717419
0.00717601
0.00717783
0.00717966
0.00718148
0.0071833
0.00718512
0.00718695
0.00718877
0.00719059
0.00719242
0.00719424
0.00719606
0.00719789
0.00719971
0.00720154
0.00720336
0.00720519
0.00720702
0.00720884
0.00721067
0.0072125
0.00721432
0.00721615
0.00721798
0.00721981
0.00722164
0.00722347
0.00722529
0.00722712
0.00722895
0.00723078
0.00723261
0.00723445
0.00723628
0.00723811
0.00723994
0.00724177
0.0072436
0.00724544
0.00724727
0.0072491
0.00725094
0.00725277
0.0072546
0.00725644
0.00725827
0.00726011
0.00726194
0.00726378
0.00726561
0.00726745
0.00726929
0.00727112
0.00727296
0.0072748
0.00727664
0.00727848
0.00728031
0.00728215
0.00728399
0.00728583
0.00728767
0.00728951
0.00729135
0.00729319
0.00729503
0.00729687
0.00729872
0.00730056
0.0073024
0.00730424
0.00730608
0.00730793
0.00730977
0.00731161
0.00731346
0.0073153
0.00731715
0.00731899
0.00732084
0.00732268
0.00732453
0.00732637
0.00732822
0.00733007
0.00733192
0.00733376
0.00733561
0.00733746
0.00733931
0.00734116
0.007343
0.00734485
0.0073467
0.00734855
0.0073504
0.00735225
0.0073541
0.00735596
0.00735781
0.00735966
0.00736151
0.00736336
0.00736522
0.00736707
0.00736892
0.00737078
0.00737263
0.00737448
0.00737634
0.00737819
0.00738005
0.0073819
0.00738376
0.00738562
0.00738747
0.00738933
0.00739119
0.00739304
0.0073949
0.00739676
0.00739862
0.00740048
0.00740233
0.00740419
0.00740605
0.00740791
0.00740977
0.00741163
0.00741349
0.00741535
0.00741722
0.00741908
0.00742094
0.0074228
0.00742466
0.00742653
0.00742839
0.00743025
0.00743212
0.00743398
0.00743585
0.00743771
0.00743958
0.00744144
0.00744331
0.00744517
0.00744704
0.00744891
0.00745077
0.00745264
0.00745451
0.00745638
0.00745824
0.00746011
0.00746198
0.00746385
0.00746572
0.00746759
0.00746946
0.00747133
0.0074732
0.00747507
0.00747694
0.00747882
0.00748069
0.00748256
0.00748443
0.00748631
0.00748818
0.00749005
0.00749193
0.0074938
0.00749567
0.00749755
0.00749942
0.0075013
0.00750318
0.00750505
0.00750693
0.0075088
0.00751068
0.00751256
0.00751444
0.00751631
0.00751819
0.00752007
0.00752195
0.00752383
0.00752571
0.00752759
0.00752947
0.00753135
0.00753323
0.00753511
0.00753699
0.00753887
0.00754076
0.00754264
0.00754452
0.0075464
0.00754829
0.00755017
0.00755205
0.00755394
0.00755582
0.00755771
0.00755959
0.00756148
0.00756336
0.00756525
0.00756714
0.00756902
0.00757091
0.0075728
0.00757468
0.00757657
0.00757846
0.00758035
0.00758224
0.00758413
0.00758602
0.00758791
