5.34546e-07
5.94641e-07
6.55609e-07
7.17424e-07
7.80063e-07
8.43507e-07
9.0774e-07
9.72748e-07
1.03852e-06
1.10504e-06
1.1723e-06
1.2403e-06
1.30902e-06
1.37846e-06
1.44861e-06
1.51947e-06
1.59103e-06
1.66329e-06
1.73624e-06
1.80988e-06
1.88421e-06
1.95921e-06
2.0349e-06
2.11127e-06
2.18831e-06
2.26603e-06
2.34441e-06
2.42347e-06
2.5032e-06
2.58359e-06
2.66465e-06
2.74637e-06
2.82876e-06
2.9118e-06
2.99552e-06
3.07989e-06
3.16493e-06
3.25062e-06
3.33698e-06
3.42399e-06
3.51167e-06
3.6e-06
3.689e-06
3.77865e-06
3.86897e-06
3.95994e-06
4.05158e-06
4.14387e-06
4.23683e-06
4.33044e-06
4.42472e-06
4.51966e-06
4.61526e-06
4.71152e-06
4.80845e-06
4.90603e-06
5.00428e-06
5.1032e-06
5.20278e-06
5.30302e-06
5.40394e-06
5.50551e-06
5.60776e-06
5.71067e-06
5.81425e-06
5.9185e-06
6.02342e-06
6.12901e-06
6.23527e-06
6.3422e-06
6.44981e-06
6.55809e-06
6.66704e-06
6.77667e-06
6.88697e-06
6.99795e-06
7.10961e-06
7.22194e-06
7.33496e-06
7.44865e-06
7.56303e-06
7.67808e-06
7.79382e-06
7.91024e-06
8.02735e-06
8.14514e-06
8.26362e-06
8.38278e-06
8.50263e-06
8.62316e-06
8.74439e-06
8.8663e-06
8.98891e-06
9.1122e-06
9.23619e-06
9.36087e-06
9.48625e-06
9.61232e-06
9.73908e-06
9.86654e-06
9.9947e-06
1.01236e-05
1.02531e-05
1.03834e-05
1.05143e-05
1.0646e-05
1.07783e-05
1.09114e-05
1.10451e-05
1.11796e-05
1.13148e-05
1.14506e-05
1.15872e-05
1.17245e-05
1.18625e-05
1.20012e-05
1.21406e-05
1.22807e-05
1.24215e-05
1.25631e-05
1.27053e-05
1.28483e-05
1.29919e-05
1.31363e-05
1.32814e-05
1.34272e-05
1.35737e-05
1.3721e-05
1.38689e-05
1.40176e-05
1.4167e-05
1.43171e-05
1.44679e-05
1.46194e-05
1.47717e-05
1.49246e-05
1.50783e-05
1.52327e-05
1.53879e-05
1.55437e-05
1.57003e-05
1.58576e-05
1.60156e-05
1.61743e-05
1.63338e-05
1.6494e-05
1.66549e-05
1.68165e-05
1.69789e-05
1.71419e-05
1.73057e-05
1.74702e-05
1.76355e-05
1.78014e-05
1.79681e-05
1.81356e-05
1.83037e-05
1.84726e-05
1.86421e-05
1.88125e-05
1.89835e-05
1.91553e-05
1.93278e-05
1.9501e-05
1.96749e-05
1.98496e-05
2.0025e-05
2.02011e-05
2.03779e-05
2.05555e-05
2.07338e-05
2.09128e-05
2.10925e-05
2.1273e-05
2.14542e-05
2.16361e-05
2.18187e-05
2.20021e-05
2.21862e-05
2.2371e-05
2.25565e-05
2.27427e-05
2.29297e-05
2.31174e-05
2.33058e-05
2.3495e-05
2.36848e-05
2.38754e-05
2.40667e-05
2.42588e-05
2.44515e-05
2.4645e-05
2.48391e-05
2.5034e-05
2.52297e-05
2.5426e-05
2.56231e-05
2.58208e-05
2.60193e-05
2.62185e-05
2.64185e-05
2.66191e-05
2.68204e-05
2.70225e-05
2.72253e-05
2.74288e-05
2.7633e-05
2.78379e-05
2.80435e-05
2.82498e-05
2.84569e-05
2.86646e-05
2.88731e-05
2.90822e-05
2.92921e-05
2.95027e-05
2.9714e-05
2.9926e-05
3.01386e-05
3.0352e-05
3.05661e-05
3.07809e-05
3.09964e-05
3.12126e-05
3.14295e-05
3.16471e-05
3.18654e-05
3.20843e-05
3.2304e-05
3.25244e-05
3.27455e-05
3.29672e-05
3.31897e-05
3.34128e-05
3.36366e-05
3.38611e-05
3.40863e-05
3.43122e-05
3.45388e-05
3.4766e-05
3.4994e-05
3.52226e-05
3.54519e-05
3.56819e-05
3.59125e-05
3.61438e-05
3.63759e-05
3.66085e-05
3.68419e-05
3.70759e-05
3.73106e-05
3.7546e-05
3.77821e-05
3.80188e-05
3.82562e-05
3.84942e-05
3.87329e-05
3.89723e-05
3.92123e-05
3.9453e-05
3.96944e-05
3.99364e-05
4.01791e-05
4.04224e-05
4.06664e-05
4.0911e-05
4.11563e-05
4.14023e-05
4.16489e-05
4.18961e-05
4.2144e-05
4.23925e-05
4.26417e-05
4.28915e-05
4.3142e-05
4.33931e-05
4.36449e-05
4.38972e-05
4.41503e-05
4.44039e-05
4.46582e-05
4.49131e-05
4.51687e-05
4.54249e-05
4.56817e-05
4.59391e-05
4.61972e-05
4.64559e-05
4.67152e-05
4.69751e-05
4.72357e-05
4.74968e-05
4.77586e-05
4.8021e-05
4.82841e-05
4.85477e-05
4.88119e-05
4.90768e-05
4.93423e-05
4.96083e-05
4.9875e-05
5.01423e-05
5.04102e-05
5.06786e-05
5.09477e-05
5.12174e-05
5.14877e-05
5.17586e-05
5.203e-05
5.23021e-05
5.25748e-05
5.2848e-05
5.31218e-05
5.33963e-05
5.36713e-05
5.39468e-05
5.4223e-05
5.44998e-05
5.47771e-05
5.5055e-05
5.53335e-05
5.56126e-05
5.58922e-05
5.61724e-05
5.64532e-05
5.67345e-05
5.70164e-05
5.72989e-05
5.7582e-05
5.78656e-05
5.81497e-05
5.84345e-05
5.87198e-05
5.90056e-05
5.9292e-05
5.9579e-05
5.98665e-05
6.01545e-05
6.04432e-05
6.07323e-05
6.1022e-05
6.13123e-05
6.16031e-05
6.18944e-05
6.21863e-05
6.24787e-05
6.27717e-05
6.30652e-05
6.33592e-05
6.36538e-05
6.39488e-05
6.42445e-05
6.45406e-05
6.48373e-05
6.51345e-05
6.54323e-05
6.57305e-05
6.60293e-05
6.63286e-05
6.66284e-05
6.69288e-05
6.72296e-05
6.7531e-05
6.78329e-05
6.81353e-05
6.84382e-05
6.87416e-05
6.90455e-05
6.93499e-05
6.96549e-05
6.99603e-05
7.02663e-05
7.05727e-05
7.08796e-05
7.11871e-05
7.1495e-05
7.18034e-05
7.21124e-05
7.24218e-05
7.27317e-05
7.30421e-05
7.3353e-05
7.36643e-05
7.39762e-05
7.42885e-05
7.46014e-05
7.49147e-05
7.52285e-05
7.55427e-05
7.58575e-05
7.61727e-05
7.64884e-05
7.68045e-05
7.71212e-05
7.74383e-05
7.77559e-05
7.80739e-05
7.83924e-05
7.87114e-05
7.90308e-05
7.93507e-05
7.96711e-05
7.99919e-05
8.03132e-05
8.06349e-05
8.09571e-05
8.12798e-05
8.16029e-05
8.19264e-05
8.22504e-05
8.25749e-05
8.28998e-05
8.32252e-05
8.3551e-05
8.38772e-05
8.42039e-05
8.4531e-05
8.48586e-05
8.51866e-05
8.5515e-05
8.58439e-05
8.61732e-05
8.6503e-05
8.68332e-05
8.71638e-05
8.74949e-05
8.78263e-05
8.81583e-05
8.84906e-05
8.88234e-05
8.91565e-05
8.94902e-05
8.98242e-05
9.01587e-05
9.04935e-05
9.08288e-05
9.11645e-05
9.15007e-05
9.18372e-05
9.21742e-05
9.25116e-05
9.28493e-05
9.31875e-05
9.35262e-05
9.38652e-05
9.42046e-05
9.45444e-05
9.48847e-05
9.52253e-05
9.55664e-05
9.59078e-05
9.62497e-05
9.65919e-05
9.69345e-05
9.72776e-05
9.7621e-05
9.79649e-05
9.83091e-05
9.86537e-05
9.89988e-05
9.93442e-05
9.969e-05
0.000100036
0.000100383
0.00010073
0.000101077
0.000101425
0.000101773
0.000102121
0.00010247
0.00010282
0.000103169
0.000103519
0.00010387
0.00010422
0.000104572
0.000104923
0.000105275
0.000105627
0.00010598
0.000106333
0.000106686
0.00010704
0.000107394
0.000107749
0.000108104
0.000108459
0.000108814
0.00010917
0.000109527
0.000109883
0.00011024
0.000110598
0.000110956
0.000111314
0.000111672
0.000112031
0.00011239
0.00011275
0.00011311
0.00011347
0.000113831
0.000114191
0.000114553
0.000114914
0.000115276
0.000115639
0.000116001
0.000116365
0.000116728
0.000117092
0.000117456
0.00011782
0.000118185
0.00011855
0.000118915
0.000119281
0.000119647
0.000120014
0.000120381
0.000120748
0.000121115
0.000121483
0.000121851
0.000122219
0.000122588
0.000122957
0.000123327
0.000123697
0.000124067
0.000124437
0.000124808
0.000125179
0.00012555
0.000125922
0.000126294
0.000126667
0.000127039
0.000127412
0.000127786
0.000128159
0.000128533
0.000128908
0.000129282
0.000129657
0.000130032
0.000130408
0.000130784
0.00013116
0.000131537
0.000131914
0.000132291
0.000132668
0.000133046
0.000133424
0.000133802
0.000134181
0.00013456
0.000134939
0.000135319
0.000135699
0.000136079
0.00013646
0.000136841
0.000137222
0.000137603
0.000137985
0.000138367
0.000138749
0.000139132
0.000139515
0.000139898
0.000140282
0.000140666
0.00014105
0.000141434
0.000141819
0.000142204
0.000142589
0.000142975
0.000143361
0.000143747
0.000144134
0.00014452
0.000144907
0.000145295
0.000145682
0.00014607
0.000146459
0.000146847
0.000147236
0.000147625
0.000148014
0.000148404
0.000148794
0.000149184
0.000149575
0.000149966
0.000150357
0.000150748
0.00015114
0.000151532
0.000151924
0.000152317
0.000152709
0.000153102
0.000153496
0.000153889
0.000154283
0.000154677
0.000155072
0.000155467
0.000155862
0.000156257
0.000156653
0.000157048
0.000157444
0.000157841
0.000158238
0.000158634
0.000159032
0.000159429
0.000159827
0.000160225
0.000160623
0.000161022
0.00016142
0.00016182
0.000162219
0.000162619
0.000163018
0.000163419
0.000163819
0.00016422
0.000164621
0.000165022
0.000165423
0.000165825
0.000166227
0.000166629
0.000167032
0.000167435
0.000167838
0.000168241
0.000168645
0.000169048
0.000169452
0.000169857
0.000170261
0.000170666
0.000171071
0.000171477
0.000171882
0.000172288
0.000172695
0.000173101
0.000173508
0.000173915
0.000174322
0.000174729
0.000175137
0.000175545
0.000175953
0.000176361
0.00017677
0.000177179
0.000177588
0.000177998
0.000178407
0.000178817
0.000179227
0.000179638
0.000180049
0.00018046
0.000180871
0.000181282
0.000181694
0.000182106
0.000182518
0.00018293
0.000183343
0.000183756
0.000184169
0.000184583
0.000184996
0.00018541
0.000185824
0.000186239
0.000186653
0.000187068
0.000187483
0.000187899
0.000188314
0.00018873
0.000189146
0.000189562
0.000189979
0.000190396
0.000190813
0.00019123
0.000191648
0.000192065
0.000192483
0.000192901
0.00019332
0.000193739
0.000194158
0.000194577
0.000194996
0.000195416
0.000195836
0.000196256
0.000196676
0.000197097
0.000197518
0.000197939
0.00019836
0.000198781
0.000199203
0.000199625
0.000200047
0.00020047
0.000200893
0.000201315
0.000201739
0.000202162
0.000202586
0.000203009
0.000203434
0.000203858
0.000204282
0.000204707
0.000205132
0.000205557
0.000205983
0.000206408
0.000206834
0.00020726
0.000207687
0.000208113
0.00020854
0.000208967
0.000209394
0.000209822
0.00021025
0.000210678
0.000211106
0.000211534
0.000211963
0.000212392
0.000212821
0.00021325
0.000213679
0.000214109
0.000214539
0.000214969
0.0002154
0.00021583
0.000216261
0.000216692
0.000217124
0.000217555
0.000217987
0.000218419
0.000218851
0.000219283
0.000219716
0.000220149
0.000220582
0.000221015
0.000221448
0.000221882
0.000222316
0.00022275
0.000223185
0.000223619
0.000224054
0.000224489
0.000224924
0.00022536
0.000225795
0.000226231
0.000226667
0.000227104
0.00022754
0.000227977
0.000228414
0.000228851
0.000229288
0.000229726
0.000230164
0.000230602
0.00023104
0.000231479
0.000231917
0.000232356
0.000232795
0.000233234
0.000233674
0.000234114
0.000234554
0.000234994
0.000235434
0.000235875
0.000236316
0.000236757
0.000237198
0.000237639
0.000238081
0.000238523
0.000238965
0.000239407
0.00023985
0.000240292
0.000240735
0.000241178
0.000241622
0.000242065
0.000242509
0.000242953
0.000243397
0.000243841
0.000244286
0.000244731
0.000245176
0.000245621
0.000246066
0.000246512
0.000246958
0.000247404
0.00024785
0.000248296
0.000248743
0.00024919
0.000249637
0.000250084
0.000250531
0.000250979
0.000251427
0.000251875
0.000252323
0.000252772
0.00025322
0.000253669
0.000254118
0.000254568
0.000255017
0.000255467
0.000255917
0.000256367
0.000256817
0.000257268
0.000257718
0.000258169
0.000258621
0.000259072
0.000259523
0.000259975
0.000260427
0.000260879
0.000261331
0.000261784
0.000262237
0.00026269
0.000263143
0.000263596
0.00026405
0.000264503
0.000264957
0.000265411
0.000265866
0.00026632
0.000266775
0.00026723
0.000267685
0.00026814
0.000268596
0.000269052
0.000269508
0.000269964
0.00027042
0.000270877
0.000271333
0.00027179
0.000272247
0.000272705
0.000273162
0.00027362
0.000274078
0.000274536
0.000274994
0.000275453
0.000275911
0.00027637
0.000276829
0.000277289
0.000277748
0.000278208
0.000278668
0.000279128
0.000279588
0.000280048
0.000280509
0.00028097
0.000281431
0.000281892
0.000282354
0.000282815
0.000283277
0.000283739
0.000284201
0.000284664
0.000285126
0.000285589
0.000286052
0.000286515
0.000286979
0.000287442
0.000287906
0.00028837
0.000288834
0.000289298
0.000289763
0.000290228
0.000290693
0.000291158
0.000291623
0.000292088
0.000292554
0.00029302
0.000293486
0.000293952
0.000294419
0.000294885
0.000295352
0.000295819
0.000296286
0.000296754
0.000297221
0.000297689
0.000298157
0.000298625
0.000299094
0.000299562
0.000300031
0.0003005
0.000300969
0.000301438
0.000301908
0.000302378
0.000302847
0.000303318
0.000303788
0.000304258
0.000304729
0.0003052
0.000305671
0.000306142
0.000306613
0.000307085
0.000307557
0.000308029
0.000308501
0.000308973
0.000309446
0.000309918
0.000310391
0.000310864
0.000311338
0.000311811
0.000312285
0.000312758
0.000313232
0.000313707
0.000314181
0.000314656
0.00031513
0.000315605
0.000316081
0.000316556
0.000317031
0.000317507
0.000317983
0.000318459
0.000318935
0.000319412
0.000319888
0.000320365
0.000320842
0.000321319
0.000321797
0.000322274
0.000322752
0.00032323
0.000323708
0.000324186
0.000324665
0.000325144
0.000325622
0.000326101
0.000326581
0.00032706
0.00032754
0.000328019
0.000328499
0.00032898
0.00032946
0.00032994
0.000330421
0.000330902
0.000331383
0.000331864
0.000332346
0.000332827
0.000333309
0.000333791
0.000334273
0.000334756
0.000335238
0.000335721
0.000336204
0.000336687
0.00033717
0.000337654
0.000338137
0.000338621
0.000339105
0.000339589
0.000340074
0.000340558
0.000341043
0.000341528
0.000342013
0.000342498
0.000342983
0.000343469
0.000343955
0.000344441
0.000344927
0.000345413
0.0003459
0.000346387
0.000346874
0.000347361
0.000347848
0.000348335
0.000348823
0.000349311
0.000349799
0.000350287
0.000350775
0.000351264
0.000351753
0.000352242
0.000352731
0.00035322
0.000353709
0.000354199
0.000354689
0.000355179
0.000355669
0.000356159
0.00035665
0.00035714
0.000357631
0.000358122
0.000358614
0.000359105
0.000359597
0.000360088
0.00036058
0.000361072
0.000361565
0.000362057
0.00036255
0.000363043
0.000363536
0.000364029
0.000364522
0.000365016
0.00036551
0.000366004
0.000366498
0.000366992
0.000367487
0.000367981
0.000368476
0.000368971
0.000369466
0.000369961
0.000370457
0.000370953
0.000371449
0.000371945
0.000372441
0.000372937
0.000373434
0.000373931
0.000374428
0.000374925
0.000375422
0.00037592
0.000376417
0.000376915
0.000377413
0.000377911
0.00037841
0.000378908
0.000379407
0.000379906
0.000380405
0.000380904
0.000381404
0.000381903
0.000382403
0.000382903
0.000383403
0.000383903
0.000384404
0.000384905
0.000385405
0.000385906
0.000386408
0.000386909
0.000387411
0.000387912
0.000388414
0.000388916
0.000389419
0.000389921
0.000390424
0.000390926
0.000391429
0.000391932
0.000392436
0.000392939
0.000393443
0.000393947
0.000394451
0.000394955
0.000395459
0.000395964
0.000396469
0.000396974
0.000397479
0.000397984
0.000398489
0.000398995
0.000399501
0.000400007
0.000400513
0.000401019
0.000401525
0.000402032
0.000402539
0.000403046
0.000403553
0.00040406
0.000404568
0.000405076
0.000405583
0.000406091
0.0004066
0.000407108
0.000407617
0.000408125
0.000408634
0.000409143
0.000409653
0.000410162
0.000410672
0.000411181
0.000411691
0.000412202
0.000412712
0.000413222
0.000413733
0.000414244
0.000414755
0.000415266
0.000415777
0.000416289
0.000416801
0.000417312
0.000417824
0.000418337
0.000418849
0.000419362
0.000419874
0.000420387
0.0004209
0.000421414
0.000421927
0.000422441
0.000422954
0.000423468
0.000423982
0.000424497
0.000425011
0.000425526
0.000426041
0.000426556
0.000427071
0.000427586
0.000428102
0.000428617
0.000429133
0.000429649
0.000430165
0.000430682
0.000431198
0.000431715
0.000432232
0.000432749
0.000433266
0.000433783
0.000434301
0.000434819
0.000435337
0.000435855
0.000436373
0.000436892
0.00043741
0.000437929
0.000438448
0.000438967
0.000439486
0.000440006
0.000440525
0.000441045
0.000441565
0.000442085
0.000442606
0.000443126
0.000443647
0.000444168
0.000444689
0.00044521
0.000445731
0.000446253
0.000446774
0.000447296
0.000447818
0.00044834
0.000448863
0.000449385
0.000449908
0.000450431
0.000450954
0.000451477
0.000452001
0.000452524
0.000453048
0.000453572
0.000454096
0.00045462
0.000455145
0.000455669
0.000456194
0.000456719
0.000457244
0.00045777
0.000458295
0.000458821
0.000459346
0.000459872
0.000460399
0.000460925
0.000461451
0.000461978
0.000462505
0.000463032
0.000463559
0.000464086
0.000464614
0.000465141
0.000465669
0.000466197
0.000466726
0.000467254
0.000467782
0.000468311
0.00046884
0.000469369
0.000469898
0.000470428
0.000470957
0.000471487
0.000472017
0.000472547
0.000473077
0.000473607
0.000474138
0.000474669
0.0004752
0.000475731
0.000476262
0.000476793
0.000477325
0.000477857
0.000478389
0.000478921
0.000479453
0.000479985
0.000480518
0.000481051
0.000481584
0.000482117
0.00048265
0.000483184
0.000483717
0.000484251
0.000484785
0.000485319
0.000485853
0.000486388
0.000486923
0.000487457
0.000487992
0.000488527
0.000489063
0.000489598
0.000490134
0.00049067
0.000491206
0.000491742
0.000492278
0.000492815
0.000493351
0.000493888
0.000494425
0.000494962
0.0004955
0.000496037
0.000496575
0.000497113
0.000497651
0.000498189
0.000498727
0.000499266
0.000499805
0.000500344
0.000500883
0.000501422
0.000501961
0.000502501
0.00050304
0.00050358
0.00050412
0.000504661
0.000505201
0.000505741
0.000506282
0.000506823
0.000507364
0.000507905
0.000508447
0.000508988
0.00050953
0.000510072
0.000510614
0.000511156
0.000511699
0.000512241
0.000512784
0.000513327
0.00051387
0.000514413
0.000514957
0.0005155
0.000516044
0.000516588
0.000517132
0.000517676
0.000518221
0.000518765
0.00051931
0.000519855
0.0005204
0.000520945
0.000521491
0.000522036
0.000522582
0.000523128
0.000523674
0.00052422
0.000524767
0.000525314
0.00052586
0.000526407
0.000526954
0.000527502
0.000528049
0.000528597
0.000529144
0.000529692
0.000530241
0.000530789
0.000531337
0.000531886
0.000532435
0.000532984
0.000533533
0.000534082
0.000534632
0.000535181
0.000535731
0.000536281
0.000536831
0.000537381
0.000537932
0.000538482
0.000539033
0.000539584
0.000540135
0.000540687
0.000541238
0.00054179
0.000542342
0.000542894
0.000543446
0.000543998
0.000544551
0.000545103
0.000545656
0.000546209
0.000546762
0.000547315
0.000547869
0.000548423
0.000548976
0.00054953
0.000550085
0.000550639
0.000551193
0.000551748
0.000552303
0.000552858
0.000553413
0.000553968
0.000554524
0.000555079
0.000555635
0.000556191
0.000556747
0.000557304
0.00055786
0.000558417
0.000558974
0.000559531
0.000560088
0.000560645
0.000561203
0.00056176
0.000562318
0.000562876
0.000563434
0.000563993
0.000564551
0.00056511
0.000565669
0.000566228
0.000566787
0.000567346
0.000567906
0.000568465
0.000569025
0.000569585
0.000570145
0.000570706
0.000571266
0.000571827
0.000572388
0.000572949
0.00057351
0.000574071
0.000574633
0.000575194
0.000575756
0.000576318
0.00057688
0.000577443
0.000578005
0.000578568
0.000579131
0.000579694
0.000580257
0.00058082
0.000581384
0.000581947
0.000582511
0.000583075
0.000583639
0.000584204
0.000584768
0.000585333
0.000585898
0.000586463
0.000587028
0.000587593
0.000588159
0.000588724
0.00058929
0.000589856
0.000590422
0.000590989
0.000591555
0.000592122
0.000592688
0.000593255
0.000593823
0.00059439
0.000594957
0.000595525
0.000596093
0.000596661
0.000597229
0.000597797
0.000598366
0.000598935
0.000599503
0.000600072
0.000600642
0.000601211
0.00060178
0.00060235
0.00060292
0.00060349
0.00060406
0.00060463
0.000605201
0.000605771
0.000606342
0.000606913
0.000607484
0.000608056
0.000608627
0.000609199
0.000609771
0.000610343
0.000610915
0.000611487
0.00061206
0.000612632
0.000613205
0.000613778
0.000614351
0.000614925
0.000615498
0.000616072
0.000616645
0.000617219
0.000617794
0.000618368
0.000618942
0.000619517
0.000620092
0.000620667
0.000621242
0.000621817
0.000622393
0.000622968
0.000623544
0.00062412
0.000624696
0.000625273
0.000625849
0.000626426
0.000627003
0.000627579
0.000628157
0.000628734
0.000629311
0.000629889
0.000630467
0.000631045
0.000631623
0.000632201
0.00063278
0.000633358
0.000633937
0.000634516
0.000635095
0.000635674
0.000636254
0.000636834
0.000637413
0.000637993
0.000638573
0.000639154
0.000639734
0.000640315
0.000640896
0.000641477
0.000642058
0.000642639
0.00064322
0.000643802
0.000644384
0.000644966
0.000645548
0.00064613
0.000646713
0.000647295
0.000647878
0.000648461
0.000649044
0.000649627
0.000650211
0.000650794
0.000651378
0.000651962
0.000652546
0.00065313
0.000653715
0.000654299
0.000654884
0.000655469
0.000656054
0.000656639
0.000657225
0.00065781
0.000658396
0.000658982
0.000659568
0.000660155
0.000660741
0.000661328
0.000661914
0.000662501
0.000663088
0.000663676
0.000664263
0.000664851
0.000665438
0.000666026
0.000666614
0.000667203
0.000667791
0.00066838
0.000668968
0.000669557
0.000670146
0.000670736
0.000671325
0.000671914
0.000672504
0.000673094
0.000673684
0.000674274
0.000674865
0.000675455
0.000676046
0.000676637
0.000677228
0.000677819
0.000678411
0.000679002
0.000679594
0.000680186
0.000680778
0.00068137
0.000681963
0.000682555
0.000683148
0.000683741
0.000684334
0.000684927
0.00068552
0.000686114
0.000686708
0.000687302
0.000687896
0.00068849
0.000689084
0.000689679
0.000690273
0.000690868
0.000691463
0.000692059
0.000692654
0.000693249
0.000693845
0.000694441
0.000695037
0.000695633
0.00069623
0.000696826
0.000697423
0.00069802
0.000698617
0.000699214
0.000699811
0.000700409
0.000701007
0.000701604
0.000702202
0.000702801
0.000703399
0.000703998
0.000704596
0.000705195
0.000705794
0.000706393
0.000706993
0.000707592
0.000708192
0.000708792
0.000709392
0.000709992
0.000710592
0.000711193
0.000711793
0.000712394
0.000712995
0.000713596
0.000714198
0.000714799
0.000715401
0.000716003
0.000716605
0.000717207
0.000717809
0.000718412
0.000719014
0.000719617
0.00072022
0.000720823
0.000721427
0.00072203
0.000722634
0.000723238
0.000723842
0.000724446
0.00072505
0.000725655
0.000726259
0.000726864
0.000727469
0.000728074
0.00072868
0.000729285
0.000729891
0.000730497
0.000731103
0.000731709
0.000732315
0.000732921
0.000733528
0.000734135
0.000734742
0.000735349
0.000735956
0.000736564
0.000737171
0.000737779
0.000738387
0.000738995
0.000739604
0.000740212
0.000740821
0.00074143
0.000742039
0.000742648
0.000743257
0.000743866
0.000744476
0.000745086
0.000745696
0.000746306
0.000746916
0.000747527
0.000748137
0.000748748
0.000749359
0.00074997
0.000750581
0.000751193
0.000751804
0.000752416
0.000753028
0.00075364
0.000754253
0.000754865
0.000755478
0.00075609
0.000756703
0.000757316
0.00075793
0.000758543
0.000759157
0.000759771
0.000760384
0.000760999
0.000761613
0.000762227
0.000762842
0.000763457
0.000764072
0.000764687
0.000765302
0.000765917
0.000766533
0.000767149
0.000767765
0.000768381
0.000768997
0.000769613
0.00077023
0.000770847
0.000771464
0.000772081
0.000772698
0.000773315
0.000773933
0.000774551
0.000775169
0.000775787
0.000776405
0.000777023
0.000777642
0.000778261
0.00077888
0.000779499
0.000780118
0.000780737
0.000781357
0.000781977
0.000782597
0.000783217
0.000783837
0.000784457
0.000785078
0.000785699
0.00078632
0.000786941
0.000787562
0.000788183
0.000788805
0.000789427
0.000790049
0.000790671
0.000791293
0.000791915
0.000792538
0.000793161
0.000793783
0.000794406
0.00079503
0.000795653
0.000796277
0.0007969
0.000797524
0.000798148
0.000798773
0.000799397
0.000800022
0.000800646
0.000801271
0.000801896
0.000802521
0.000803147
0.000803772
0.000804398
0.000805024
0.00080565
0.000806276
0.000806903
0.000807529
0.000808156
0.000808783
0.00080941
0.000810037
0.000810664
0.000811292
0.00081192
0.000812548
0.000813176
0.000813804
0.000814432
0.000815061
0.000815689
0.000816318
0.000816947
0.000817577
0.000818206
0.000818836
0.000819465
0.000820095
0.000820725
0.000821355
0.000821986
0.000822616
0.000823247
0.000823878
0.000824509
0.00082514
0.000825771
0.000826403
0.000827035
0.000827667
0.000828299
0.000828931
0.000829563
0.000830196
0.000830828
0.000831461
0.000832094
0.000832728
0.000833361
0.000833994
0.000834628
0.000835262
0.000835896
0.00083653
0.000837165
0.000837799
0.000838434
0.000839069
0.000839704
0.000840339
0.000840974
0.00084161
0.000842246
0.000842881
0.000843517
0.000844154
0.00084479
0.000845427
0.000846063
0.0008467
0.000847337
0.000847974
0.000848612
0.000849249
0.000849887
0.000850525
0.000851163
0.000851801
0.000852439
0.000853078
0.000853717
0.000854355
0.000854994
0.000855634
0.000856273
0.000856913
0.000857552
0.000858192
0.000858832
0.000859472
0.000860113
0.000860753
0.000861394
0.000862035
0.000862676
0.000863317
0.000863958
0.0008646
0.000865242
0.000865883
0.000866526
0.000867168
0.00086781
0.000868453
0.000869095
0.000869738
0.000870381
0.000871024
0.000871668
0.000872311
0.000872955
0.000873599
0.000874243
0.000874887
0.000875531
0.000876176
0.000876821
0.000877466
0.000878111
0.000878756
0.000879401
0.000880047
0.000880692
0.000881338
0.000881984
0.00088263
0.000883277
0.000883923
0.00088457
0.000885217
0.000885864
0.000886511
0.000887158
0.000887806
0.000888454
0.000889102
0.00088975
0.000890398
0.000891046
0.000891695
0.000892343
0.000892992
0.000893641
0.000894291
0.00089494
0.000895589
0.000896239
0.000896889
0.000897539
0.000898189
0.00089884
0.00089949
0.000900141
0.000900792
0.000901443
0.000902094
0.000902745
0.000903397
0.000904049
0.000904701
0.000905353
0.000906005
0.000906657
0.00090731
0.000907962
0.000908615
0.000909268
0.000909922
0.000910575
0.000911229
0.000911882
0.000912536
0.00091319
0.000913844
0.000914499
0.000915153
0.000915808
0.000916463
0.000917118
0.000917773
0.000918429
0.000919084
0.00091974
0.000920396
0.000921052
0.000921708
0.000922364
0.000923021
0.000923678
0.000924335
0.000924992
0.000925649
0.000926306
0.000926964
0.000927622
0.00092828
0.000928938
0.000929596
0.000930254
0.000930913
0.000931572
0.00093223
0.00093289
0.000933549
0.000934208
0.000934868
0.000935528
0.000936187
0.000936848
0.000937508
0.000938168
0.000938829
0.00093949
0.00094015
0.000940812
0.000941473
0.000942134
0.000942796
0.000943458
0.000944119
0.000944782
0.000945444
0.000946106
0.000946769
0.000947432
0.000948095
0.000948758
0.000949421
0.000950084
0.000950748
0.000951412
0.000952076
0.00095274
0.000953404
0.000954068
0.000954733
0.000955398
0.000956063
0.000956728
0.000957393
0.000958059
0.000958724
0.00095939
0.000960056
0.000960722
0.000961388
0.000962055
0.000962721
0.000963388
0.000964055
0.000964722
0.00096539
0.000966057
0.000966725
0.000967393
0.00096806
0.000968729
0.000969397
0.000970065
0.000970734
0.000971403
0.000972072
0.000972741
0.00097341
0.00097408
0.000974749
0.000975419
0.000976089
0.000976759
0.00097743
0.0009781
0.000978771
0.000979442
0.000980113
0.000980784
0.000981455
0.000982127
0.000982798
0.00098347
0.000984142
0.000984814
0.000985487
0.000986159
0.000986832
0.000987505
0.000988178
0.000988851
0.000989524
0.000990198
0.000990871
0.000991545
0.000992219
0.000992893
0.000993568
0.000994242
0.000994917
0.000995592
0.000996267
0.000996942
0.000997618
0.000998293
0.000998969
0.000999645
0.00100032
0.001001
0.00100167
0.00100235
0.00100303
0.0010037
0.00100438
0.00100506
0.00100574
0.00100641
0.00100709
0.00100777
0.00100845
0.00100912
0.0010098
0.00101048
0.00101116
0.00101184
0.00101252
0.0010132
0.00101388
0.00101456
0.00101524
0.00101592
0.0010166
0.00101728
0.00101796
0.00101864
0.00101932
0.00102
0.00102068
0.00102136
0.00102204
0.00102272
0.00102341
0.00102409
0.00102477
0.00102545
0.00102614
0.00102682
0.0010275
0.00102818
0.00102887
0.00102955
0.00103023
0.00103092
0.0010316
0.00103229
0.00103297
0.00103365
0.00103434
0.00103502
0.00103571
0.00103639
0.00103708
0.00103776
0.00103845
0.00103913
0.00103982
0.00104051
0.00104119
0.00104188
0.00104257
0.00104325
0.00104394
0.00104463
0.00104531
0.001046
0.00104669
0.00104738
0.00104806
0.00104875
0.00104944
0.00105013
0.00105082
0.00105151
0.00105219
0.00105288
0.00105357
0.00105426
0.00105495
0.00105564
0.00105633
0.00105702
0.00105771
0.0010584
0.00105909
0.00105978
0.00106047
0.00106116
0.00106186
0.00106255
0.00106324
0.00106393
0.00106462
0.00106532
0.00106601
0.0010667
0.00106739
0.00106809
0.00106878
0.00106947
0.00107016
0.00107086
0.00107155
0.00107225
0.00107294
0.00107363
0.00107433
0.00107502
0.00107572
0.00107641
0.00107711
0.0010778
0.0010785
0.00107919
0.00107989
0.00108058
0.00108128
0.00108198
0.00108267
0.00108337
0.00108407
0.00108476
0.00108546
0.00108616
0.00108685
0.00108755
0.00108825
0.00108895
0.00108965
0.00109034
0.00109104
0.00109174
0.00109244
0.00109314
0.00109384
0.00109454
0.00109524
0.00109594
0.00109664
0.00109734
0.00109804
0.00109874
0.00109944
0.00110014
0.00110084
0.00110154
0.00110224
0.00110294
0.00110364
0.00110434
0.00110505
0.00110575
0.00110645
0.00110715
0.00110785
0.00110856
0.00110926
0.00110996
0.00111067
0.00111137
0.00111207
0.00111278
0.00111348
0.00111418
0.00111489
0.00111559
0.0011163
0.001117
0.00111771
0.00111841
0.00111912
0.00111982
0.00112053
0.00112123
0.00112194
0.00112265
0.00112335
0.00112406
0.00112477
0.00112547
0.00112618
0.00112689
0.00112759
0.0011283
0.00112901
0.00112972
0.00113042
0.00113113
0.00113184
0.00113255
0.00113326
0.00113397
0.00113467
0.00113538
0.00113609
0.0011368
0.00113751
0.00113822
0.00113893
0.00113964
0.00114035
0.00114106
0.00114177
0.00114248
0.0011432
0.00114391
0.00114462
0.00114533
0.00114604
0.00114675
0.00114747
0.00114818
0.00114889
0.0011496
0.00115032
0.00115103
0.00115174
0.00115245
0.00115317
0.00115388
0.0011546
0.00115531
0.00115602
0.00115674
0.00115745
0.00115817
0.00115888
0.0011596
0.00116031
0.00116103
0.00116174
0.00116246
0.00116317
0.00116389
0.00116461
0.00116532
0.00116604
0.00116675
0.00116747
0.00116819
0.00116891
0.00116962
0.00117034
0.00117106
0.00117178
0.00117249
0.00117321
0.00117393
0.00117465
0.00117537
0.00117609
0.00117681
0.00117753
0.00117824
0.00117896
0.00117968
0.0011804
0.00118112
0.00118184
0.00118256
0.00118329
0.00118401
0.00118473
0.00118545
0.00118617
0.00118689
0.00118761
0.00118833
0.00118906
0.00118978
0.0011905
0.00119122
0.00119195
0.00119267
0.00119339
0.00119412
0.00119484
0.00119556
0.00119629
0.00119701
0.00119773
0.00119846
0.00119918
0.00119991
0.00120063
0.00120136
0.00120208
0.00120281
0.00120353
0.00120426
0.00120498
0.00120571
0.00120644
0.00120716
0.00120789
0.00120861
0.00120934
0.00121007
0.0012108
0.00121152
0.00121225
0.00121298
0.00121371
0.00121443
0.00121516
0.00121589
0.00121662
0.00121735
0.00121808
0.00121881
0.00121953
0.00122026
0.00122099
0.00122172
0.00122245
0.00122318
0.00122391
0.00122464
0.00122537
0.00122611
0.00122684
0.00122757
0.0012283
0.00122903
0.00122976
0.00123049
0.00123123
0.00123196
0.00123269
0.00123342
0.00123416
0.00123489
0.00123562
0.00123635
0.00123709
0.00123782
0.00123856
0.00123929
0.00124002
0.00124076
0.00124149
0.00124223
0.00124296
0.0012437
0.00124443
0.00124517
0.0012459
0.00124664
0.00124737
0.00124811
0.00124884
0.00124958
0.00125032
0.00125105
0.00125179
0.00125253
0.00125327
0.001254
0.00125474
0.00125548
0.00125622
0.00125695
0.00125769
0.00125843
0.00125917
0.00125991
0.00126065
0.00126139
0.00126212
0.00126286
0.0012636
0.00126434
0.00126508
0.00126582
0.00126656
0.0012673
0.00126804
0.00126879
0.00126953
0.00127027
0.00127101
0.00127175
0.00127249
0.00127323
0.00127398
0.00127472
0.00127546
0.0012762
0.00127695
0.00127769
0.00127843
0.00127918
0.00127992
0.00128066
0.00128141
0.00128215
0.00128289
0.00128364
0.00128438
0.00128513
0.00128587
0.00128662
0.00128736
0.00128811
0.00128885
0.0012896
0.00129034
0.00129109
0.00129184
0.00129258
0.00129333
0.00129408
0.00129482
0.00129557
0.00129632
0.00129706
0.00129781
0.00129856
0.00129931
0.00130006
0.0013008
0.00130155
0.0013023
0.00130305
0.0013038
0.00130455
0.0013053
0.00130605
0.0013068
0.00130755
0.0013083
0.00130905
0.0013098
0.00131055
0.0013113
0.00131205
0.0013128
0.00131355
0.0013143
0.00131505
0.00131581
0.00131656
0.00131731
0.00131806
0.00131882
0.00131957
0.00132032
0.00132107
0.00132183
0.00132258
0.00132333
0.00132409
0.00132484
0.00132559
0.00132635
0.0013271
0.00132786
0.00132861
0.00132937
0.00133012
0.00133088
0.00133163
0.00133239
0.00133314
0.0013339
0.00133466
0.00133541
0.00133617
0.00133693
0.00133768
0.00133844
0.0013392
0.00133995
0.00134071
0.00134147
0.00134223
0.00134299
0.00134374
0.0013445
0.00134526
0.00134602
0.00134678
0.00134754
0.0013483
0.00134906
0.00134982
0.00135058
0.00135134
0.0013521
0.00135286
0.00135362
0.00135438
0.00135514
0.0013559
0.00135666
0.00135742
0.00135818
0.00135895
0.00135971
0.00136047
0.00136123
0.00136199
0.00136276
0.00136352
0.00136428
0.00136505
0.00136581
0.00136657
0.00136734
0.0013681
0.00136886
0.00136963
0.00137039
0.00137116
0.00137192
0.00137269
0.00137345
0.00137422
0.00137498
0.00137575
0.00137651
0.00137728
0.00137805
0.00137881
0.00137958
0.00138034
0.00138111
0.00138188
0.00138265
0.00138341
0.00138418
0.00138495
0.00138572
0.00138648
0.00138725
0.00138802
0.00138879
0.00138956
0.00139033
0.0013911
0.00139187
0.00139263
0.0013934
0.00139417
0.00139494
0.00139571
0.00139648
0.00139726
0.00139803
0.0013988
0.00139957
0.00140034
0.00140111
0.00140188
0.00140265
0.00140343
0.0014042
0.00140497
0.00140574
0.00140652
0.00140729
0.00140806
0.00140883
0.00140961
0.00141038
0.00141115
0.00141193
0.0014127
0.00141348
0.00141425
0.00141503
0.0014158
0.00141658
0.00141735
0.00141813
0.0014189
0.00141968
0.00142045
0.00142123
0.001422
0.00142278
0.00142356
0.00142433
0.00142511
0.00142589
0.00142667
0.00142744
0.00142822
0.001429
0.00142978
0.00143055
0.00143133
0.00143211
0.00143289
0.00143367
0.00143445
0.00143523
0.00143601
0.00143679
0.00143756
0.00143834
0.00143912
0.0014399
0.00144069
0.00144147
0.00144225
0.00144303
0.00144381
0.00144459
0.00144537
0.00144615
0.00144693
0.00144772
0.0014485
0.00144928
0.00145006
0.00145085
0.00145163
0.00145241
0.0014532
0.00145398
0.00145476
0.00145555
0.00145633
0.00145711
0.0014579
0.00145868
0.00145947
0.00146025
0.00146104
0.00146182
0.00146261
0.00146339
0.00146418
0.00146497
0.00146575
0.00146654
0.00146732
0.00146811
0.0014689
0.00146968
0.00147047
0.00147126
0.00147205
0.00147283
0.00147362
0.00147441
0.0014752
0.00147599
0.00147678
0.00147756
0.00147835
0.00147914
0.00147993
0.00148072
0.00148151
0.0014823
0.00148309
0.00148388
0.00148467
0.00148546
0.00148625
0.00148704
0.00148783
0.00148863
0.00148942
0.00149021
0.001491
0.00149179
0.00149258
0.00149338
0.00149417
0.00149496
0.00149575
0.00149655
0.00149734
0.00149813
0.00149893
0.00149972
0.00150052
0.00150131
0.0015021
0.0015029
0.00150369
0.00150449
0.00150528
0.00150608
0.00150687
0.00150767
0.00150846
0.00150926
0.00151006
0.00151085
0.00151165
0.00151245
0.00151324
0.00151404
0.00151484
0.00151563
0.00151643
0.00151723
0.00151803
0.00151882
0.00151962
0.00152042
0.00152122
0.00152202
0.00152282
0.00152362
0.00152442
0.00152521
0.00152601
0.00152681
0.00152761
0.00152841
0.00152921
0.00153002
0.00153082
0.00153162
0.00153242
0.00153322
0.00153402
0.00153482
0.00153562
0.00153643
0.00153723
0.00153803
0.00153883
0.00153964
0.00154044
0.00154124
0.00154204
0.00154285
0.00154365
0.00154446
0.00154526
0.00154606
0.00154687
0.00154767
0.00154848
0.00154928
0.00155009
0.00155089
0.0015517
0.0015525
0.00155331
0.00155411
0.00155492
0.00155573
0.00155653
0.00155734
0.00155815
0.00155895
0.00155976
0.00156057
0.00156138
0.00156218
0.00156299
0.0015638
0.00156461
0.00156542
0.00156622
0.00156703
0.00156784
0.00156865
0.00156946
0.00157027
0.00157108
0.00157189
0.0015727
0.00157351
0.00157432
0.00157513
0.00157594
0.00157675
0.00157756
0.00157837
0.00157919
0.00158
0.00158081
0.00158162
0.00158243
0.00158325
0.00158406
0.00158487
0.00158568
0.0015865
0.00158731
0.00158812
0.00158894
0.00158975
0.00159057
0.00159138
0.00159219
0.00159301
0.00159382
0.00159464
0.00159545
0.00159627
0.00159708
0.0015979
0.00159872
0.00159953
0.00160035
0.00160116
0.00160198
0.0016028
0.00160361
0.00160443
0.00160525
0.00160607
0.00160688
0.0016077
0.00160852
0.00160934
0.00161016
0.00161097
0.00161179
0.00161261
0.00161343
0.00161425
0.00161507
0.00161589
0.00161671
0.00161753
0.00161835
0.00161917
0.00161999
0.00162081
0.00162163
0.00162245
0.00162327
0.00162409
0.00162492
0.00162574
0.00162656
0.00162738
0.0016282
0.00162903
0.00162985
0.00163067
0.0016315
0.00163232
0.00163314
0.00163397
0.00163479
0.00163561
0.00163644
0.00163726
0.00163809
0.00163891
0.00163974
0.00164056
0.00164139
0.00164221
0.00164304
0.00164386
0.00164469
0.00164551
0.00164634
0.00164717
0.00164799
0.00164882
0.00164965
0.00165048
0.0016513
0.00165213
0.00165296
0.00165379
0.00165461
0.00165544
0.00165627
0.0016571
0.00165793
0.00165876
0.00165959
0.00166042
0.00166125
0.00166208
0.00166291
0.00166374
0.00166457
0.0016654
0.00166623
0.00166706
0.00166789
0.00166872
0.00166955
0.00167038
0.00167121
0.00167205
0.00167288
0.00167371
0.00167454
0.00167538
0.00167621
0.00167704
0.00167788
0.00167871
0.00167954
0.00168038
0.00168121
0.00168204
0.00168288
0.00168371
0.00168455
0.00168538
0.00168622
0.00168705
0.00168789
0.00168872
0.00168956
0.0016904
0.00169123
0.00169207
0.0016929
0.00169374
0.00169458
0.00169541
0.00169625
0.00169709
0.00169793
0.00169876
0.0016996
0.00170044
0.00170128
0.00170212
0.00170296
0.0017038
0.00170463
0.00170547
0.00170631
0.00170715
0.00170799
0.00170883
0.00170967
0.00171051
0.00171135
0.00171219
0.00171304
0.00171388
0.00171472
0.00171556
0.0017164
0.00171724
0.00171808
0.00171893
0.00171977
0.00172061
0.00172145
0.0017223
0.00172314
0.00172398
0.00172483
0.00172567
0.00172651
0.00172736
0.0017282
0.00172905
0.00172989
0.00173074
0.00173158
0.00173243
0.00173327
0.00173412
0.00173496
0.00173581
0.00173665
0.0017375
0.00173835
0.00173919
0.00174004
0.00174089
0.00174173
0.00174258
0.00174343
0.00174428
0.00174512
0.00174597
0.00174682
0.00174767
0.00174852
0.00174937
0.00175022
0.00175107
0.00175191
0.00175276
0.00175361
0.00175446
0.00175531
0.00175616
0.00175701
0.00175787
0.00175872
0.00175957
0.00176042
0.00176127
0.00176212
0.00176297
0.00176382
0.00176468
0.00176553
0.00176638
0.00176723
0.00176809
0.00176894
0.00176979
0.00177065
0.0017715
0.00177235
0.00177321
0.00177406
0.00177492
0.00177577
0.00177663
0.00177748
0.00177834
0.00177919
0.00178005
0.0017809
0.00178176
0.00178261
0.00178347
0.00178433
0.00178518
0.00178604
0.0017869
0.00178775
0.00178861
0.00178947
0.00179033
0.00179118
0.00179204
0.0017929
0.00179376
0.00179462
0.00179548
0.00179633
0.00179719
0.00179805
0.00179891
0.00179977
0.00180063
0.00180149
0.00180235
0.00180321
0.00180407
0.00180493
0.00180579
0.00180666
0.00180752
0.00180838
0.00180924
0.0018101
0.00181096
0.00181183
0.00181269
0.00181355
0.00181441
0.00181528
0.00181614
0.001817
0.00181787
0.00181873
0.0018196
0.00182046
0.00182132
0.00182219
0.00182305
0.00182392
0.00182478
0.00182565
0.00182651
0.00182738
0.00182824
0.00182911
0.00182998
0.00183084
0.00183171
0.00183258
0.00183344
0.00183431
0.00183518
0.00183605
0.00183691
0.00183778
0.00183865
0.00183952
0.00184039
0.00184125
0.00184212
0.00184299
0.00184386
0.00184473
0.0018456
0.00184647
0.00184734
0.00184821
0.00184908
0.00184995
0.00185082
0.00185169
0.00185256
0.00185343
0.0018543
0.00185518
0.00185605
0.00185692
0.00185779
0.00185866
0.00185954
0.00186041
0.00186128
0.00186216
0.00186303
0.0018639
0.00186478
0.00186565
0.00186652
0.0018674
0.00186827
0.00186915
0.00187002
0.0018709
0.00187177
0.00187265
0.00187352
0.0018744
0.00187527
0.00187615
0.00187703
0.0018779
0.00187878
0.00187966
0.00188053
0.00188141
0.00188229
0.00188316
0.00188404
0.00188492
0.0018858
0.00188668
0.00188756
0.00188843
0.00188931
0.00189019
0.00189107
0.00189195
0.00189283
0.00189371
0.00189459
0.00189547
0.00189635
0.00189723
0.00189811
0.00189899
0.00189987
0.00190075
0.00190164
0.00190252
0.0019034
0.00190428
0.00190516
0.00190605
0.00190693
0.00190781
0.00190869
0.00190958
0.00191046
0.00191134
0.00191223
0.00191311
0.001914
0.00191488
0.00191577
0.00191665
0.00191753
0.00191842
0.0019193
0.00192019
0.00192108
0.00192196
0.00192285
0.00192373
0.00192462
0.00192551
0.00192639
0.00192728
0.00192817
0.00192905
0.00192994
0.00193083
0.00193172
0.00193261
0.00193349
0.00193438
0.00193527
0.00193616
0.00193705
0.00193794
0.00193883
0.00193972
0.00194061
0.0019415
0.00194239
0.00194328
0.00194417
0.00194506
0.00194595
0.00194684
0.00194773
0.00194862
0.00194951
0.00195041
0.0019513
0.00195219
0.00195308
0.00195397
0.00195487
0.00195576
0.00195665
0.00195755
0.00195844
0.00195933
0.00196023
0.00196112
0.00196202
0.00196291
0.00196381
0.0019647
0.0019656
0.00196649
0.00196739
0.00196828
0.00196918
0.00197007
0.00197097
0.00197187
0.00197276
0.00197366
0.00197456
0.00197545
0.00197635
0.00197725
0.00197815
0.00197904
0.00197994
0.00198084
0.00198174
0.00198264
0.00198354
0.00198443
0.00198533
0.00198623
0.00198713
0.00198803
0.00198893
0.00198983
0.00199073
0.00199163
0.00199253
0.00199343
0.00199434
0.00199524
0.00199614
0.00199704
0.00199794
0.00199884
0.00199975
0.00200065
0.00200155
0.00200245
0.00200336
0.00200426
0.00200516
0.00200607
0.00200697
0.00200787
0.00200878
0.00200968
0.00201059
0.00201149
0.0020124
0.0020133
0.00201421
0.00201511
0.00201602
0.00201692
0.00201783
0.00201874
0.00201964
0.00202055
0.00202146
0.00202236
0.00202327
0.00202418
0.00202508
0.00202599
0.0020269
0.00202781
0.00202872
0.00202963
0.00203053
0.00203144
0.00203235
0.00203326
0.00203417
0.00203508
0.00203599
0.0020369
0.00203781
0.00203872
0.00203963
0.00204054
0.00204145
0.00204236
0.00204328
0.00204419
0.0020451
0.00204601
0.00204692
0.00204784
0.00204875
0.00204966
0.00205057
0.00205149
0.0020524
0.00205331
0.00205423
0.00205514
0.00205605
0.00205697
0.00205788
0.0020588
0.00205971
0.00206063
0.00206154
0.00206246
0.00206337
0.00206429
0.0020652
0.00206612
0.00206704
0.00206795
0.00206887
0.00206979
0.0020707
0.00207162
0.00207254
0.00207346
0.00207437
0.00207529
0.00207621
0.00207713
0.00207805
0.00207897
0.00207989
0.0020808
0.00208172
0.00208264
0.00208356
0.00208448
0.0020854
0.00208632
0.00208724
0.00208817
0.00208909
0.00209001
0.00209093
0.00209185
0.00209277
0.00209369
0.00209462
0.00209554
0.00209646
0.00209738
0.00209831
0.00209923
0.00210015
0.00210108
0.002102
0.00210292
0.00210385
0.00210477
0.00210569
0.00210662
0.00210754
0.00210847
0.00210939
0.00211032
0.00211125
0.00211217
0.0021131
0.00211402
0.00211495
0.00211588
0.0021168
0.00211773
0.00211866
0.00211958
0.00212051
0.00212144
0.00212237
0.00212329
0.00212422
0.00212515
0.00212608
0.00212701
0.00212794
0.00212887
0.0021298
0.00213073
0.00213165
0.00213258
0.00213352
0.00213445
0.00213538
0.00213631
0.00213724
0.00213817
0.0021391
0.00214003
0.00214096
0.00214189
0.00214283
0.00214376
0.00214469
0.00214562
0.00214656
0.00214749
0.00214842
0.00214936
0.00215029
0.00215122
0.00215216
0.00215309
0.00215403
0.00215496
0.0021559
0.00215683
0.00215777
0.0021587
0.00215964
0.00216057
0.00216151
0.00216244
0.00216338
0.00216432
0.00216525
0.00216619
0.00216713
0.00216807
0.002169
0.00216994
0.00217088
0.00217182
0.00217275
0.00217369
0.00217463
0.00217557
0.00217651
0.00217745
0.00217839
0.00217933
0.00218027
0.00218121
0.00218215
0.00218309
0.00218403
0.00218497
0.00218591
0.00218685
0.00218779
0.00218873
0.00218968
0.00219062
0.00219156
0.0021925
0.00219345
0.00219439
0.00219533
0.00219627
0.00219722
0.00219816
0.0021991
0.00220005
0.00220099
0.00220194
0.00220288
0.00220383
0.00220477
0.00220572
0.00220666
0.00220761
0.00220855
0.0022095
0.00221044
0.00221139
0.00221234
0.00221328
0.00221423
0.00221518
0.00221612
0.00221707
0.00221802
0.00221897
0.00221991
0.00222086
0.00222181
0.00222276
0.00222371
0.00222466
0.00222561
0.00222656
0.00222751
0.00222845
0.0022294
0.00223035
0.00223131
0.00223226
0.00223321
0.00223416
0.00223511
0.00223606
0.00223701
0.00223796
0.00223891
0.00223987
0.00224082
0.00224177
0.00224272
0.00224368
0.00224463
0.00224558
0.00224654
0.00224749
0.00224844
0.0022494
0.00225035
0.00225131
0.00225226
0.00225322
0.00225417
0.00225513
0.00225608
0.00225704
0.00225799
0.00225895
0.0022599
0.00226086
0.00226182
0.00226277
0.00226373
0.00226469
0.00226565
0.0022666
0.00226756
0.00226852
0.00226948
0.00227044
0.00227139
0.00227235
0.00227331
0.00227427
0.00227523
0.00227619
0.00227715
0.00227811
0.00227907
0.00228003
0.00228099
0.00228195
0.00228291
0.00228387
0.00228483
0.0022858
0.00228676
0.00228772
0.00228868
0.00228964
0.00229061
0.00229157
0.00229253
0.00229349
0.00229446
0.00229542
0.00229638
0.00229735
0.00229831
0.00229928
0.00230024
0.00230121
0.00230217
0.00230313
0.0023041
0.00230507
0.00230603
0.002307
0.00230796
0.00230893
0.0023099
0.00231086
0.00231183
0.0023128
0.00231376
0.00231473
0.0023157
0.00231667
0.00231763
0.0023186
0.00231957
0.00232054
0.00232151
0.00232248
0.00232345
0.00232441
0.00232538
0.00232635
0.00232732
0.00232829
0.00232926
0.00233023
0.00233121
0.00233218
0.00233315
0.00233412
0.00233509
0.00233606
0.00233703
0.00233801
0.00233898
0.00233995
0.00234092
0.0023419
0.00234287
0.00234384
0.00234482
0.00234579
0.00234676
0.00234774
0.00234871
0.00234969
0.00235066
0.00235164
0.00235261
0.00235359
0.00235456
0.00235554
0.00235651
0.00235749
0.00235847
0.00235944
0.00236042
0.0023614
0.00236237
0.00236335
0.00236433
0.0023653
0.00236628
0.00236726
0.00236824
0.00236922
0.0023702
0.00237117
0.00237215
0.00237313
0.00237411
0.00237509
0.00237607
0.00237705
0.00237803
0.00237901
0.00237999
0.00238097
0.00238195
0.00238294
0.00238392
0.0023849
0.00238588
0.00238686
0.00238784
0.00238883
0.00238981
0.00239079
0.00239178
0.00239276
0.00239374
0.00239473
0.00239571
0.00239669
0.00239768
0.00239866
0.00239965
0.00240063
0.00240162
0.0024026
0.00240359
0.00240457
0.00240556
0.00240654
0.00240753
0.00240852
0.0024095
0.00241049
0.00241148
0.00241246
0.00241345
0.00241444
0.00241543
0.00241641
0.0024174
0.00241839
0.00241938
0.00242037
0.00242136
0.00242235
0.00242334
0.00242433
0.00242532
0.00242631
0.0024273
0.00242829
0.00242928
0.00243027
0.00243126
0.00243225
0.00243324
0.00243423
0.00243522
0.00243622
0.00243721
0.0024382
0.00243919
0.00244019
0.00244118
0.00244217
0.00244317
0.00244416
0.00244515
0.00244615
0.00244714
0.00244813
0.00244913
0.00245012
0.00245112
0.00245211
0.00245311
0.00245411
0.0024551
0.0024561
0.00245709
0.00245809
0.00245909
0.00246008
0.00246108
0.00246208
0.00246307
0.00246407
0.00246507
0.00246607
0.00246707
0.00246806
0.00246906
0.00247006
0.00247106
0.00247206
0.00247306
0.00247406
0.00247506
0.00247606
0.00247706
0.00247806
0.00247906
0.00248006
0.00248106
0.00248206
0.00248306
0.00248406
0.00248507
0.00248607
0.00248707
0.00248807
0.00248908
0.00249008
0.00249108
0.00249208
0.00249309
0.00249409
0.0024951
0.0024961
0.0024971
0.00249811
0.00249911
0.00250012
0.00250112
0.00250213
0.00250313
0.00250414
0.00250514
0.00250615
0.00250716
0.00250816
0.00250917
0.00251018
0.00251118
0.00251219
0.0025132
0.00251421
0.00251521
0.00251622
0.00251723
0.00251824
0.00251925
0.00252026
0.00252126
0.00252227
0.00252328
0.00252429
0.0025253
0.00252631
0.00252732
0.00252833
0.00252934
0.00253035
0.00253137
0.00253238
0.00253339
0.0025344
0.00253541
0.00253642
0.00253744
0.00253845
0.00253946
0.00254047
0.00254149
0.0025425
0.00254351
0.00254453
0.00254554
0.00254656
0.00254757
0.00254858
0.0025496
0.00255061
0.00255163
0.00255264
0.00255366
0.00255468
0.00255569
0.00255671
0.00255772
0.00255874
0.00255976
0.00256077
0.00256179
0.00256281
0.00256383
0.00256484
0.00256586
0.00256688
0.0025679
0.00256892
0.00256994
0.00257095
0.00257197
0.00257299
0.00257401
0.00257503
0.00257605
0.00257707
0.00257809
0.00257911
0.00258013
0.00258115
0.00258218
0.0025832
0.00258422
0.00258524
0.00258626
0.00258728
0.00258831
0.00258933
0.00259035
0.00259138
0.0025924
0.00259342
0.00259445
0.00259547
0.00259649
0.00259752
0.00259854
0.00259957
0.00260059
0.00260162
0.00260264
0.00260367
0.00260469
0.00260572
0.00260674
0.00260777
0.0026088
0.00260982
0.00261085
0.00261188
0.00261291
0.00261393
0.00261496
0.00261599
0.00261702
0.00261804
0.00261907
0.0026201
0.00262113
0.00262216
0.00262319
0.00262422
0.00262525
0.00262628
0.00262731
0.00262834
0.00262937
0.0026304
0.00263143
0.00263246
0.00263349
0.00263453
0.00263556
0.00263659
0.00263762
0.00263865
0.00263969
0.00264072
0.00264175
0.00264279
0.00264382
0.00264485
0.00264589
0.00264692
0.00264795
0.00264899
0.00265002
0.00265106
0.00265209
0.00265313
0.00265416
0.0026552
0.00265624
0.00265727
0.00265831
0.00265934
0.00266038
0.00266142
0.00266245
0.00266349
0.00266453
0.00266557
0.00266661
0.00266764
0.00266868
0.00266972
0.00267076
0.0026718
0.00267284
0.00267388
0.00267492
0.00267596
0.002677
0.00267804
0.00267908
0.00268012
0.00268116
0.0026822
0.00268324
0.00268428
0.00268532
0.00268636
0.00268741
0.00268845
0.00268949
0.00269053
0.00269158
0.00269262
0.00269366
0.00269471
0.00269575
0.00269679
0.00269784
0.00269888
0.00269993
0.00270097
0.00270202
0.00270306
0.00270411
0.00270515
0.0027062
0.00270724
0.00270829
0.00270934
0.00271038
0.00271143
0.00271248
0.00271352
0.00271457
0.00271562
0.00271667
0.00271771
0.00271876
0.00271981
0.00272086
0.00272191
0.00272296
0.00272401
0.00272506
0.00272611
0.00272716
0.00272821
0.00272926
0.00273031
0.00273136
0.00273241
0.00273346
0.00273451
0.00273556
0.00273661
0.00273767
0.00273872
0.00273977
0.00274082
0.00274187
0.00274293
0.00274398
0.00274503
0.00274609
0.00274714
0.0027482
0.00274925
0.0027503
0.00275136
0.00275241
0.00275347
0.00275452
0.00275558
0.00275664
0.00275769
0.00275875
0.0027598
0.00276086
0.00276192
0.00276297
0.00276403
0.00276509
0.00276615
0.0027672
0.00276826
0.00276932
0.00277038
0.00277144
0.00277249
0.00277355
0.00277461
0.00277567
0.00277673
0.00277779
0.00277885
0.00277991
0.00278097
0.00278203
0.00278309
0.00278415
0.00278522
0.00278628
0.00278734
0.0027884
0.00278946
0.00279052
0.00279159
0.00279265
0.00279371
0.00279478
0.00279584
0.0027969
0.00279797
0.00279903
0.00280009
0.00280116
0.00280222
0.00280329
0.00280435
0.00280542
0.00280648
0.00280755
0.00280862
0.00280968
0.00281075
0.00281181
0.00281288
0.00281395
0.00281501
0.00281608
0.00281715
0.00281822
0.00281929
0.00282035
0.00282142
0.00282249
0.00282356
0.00282463
0.0028257
0.00282677
0.00282784
0.00282891
0.00282998
0.00283105
0.00283212
0.00283319
0.00283426
0.00283533
0.0028364
0.00283747
0.00283854
0.00283961
0.00284069
0.00284176
0.00284283
0.0028439
0.00284498
0.00284605
0.00284712
0.0028482
0.00284927
0.00285035
0.00285142
0.00285249
0.00285357
0.00285464
0.00285572
0.00285679
0.00285787
0.00285894
0.00286002
0.0028611
0.00286217
0.00286325
0.00286433
0.0028654
0.00286648
0.00286756
0.00286863
0.00286971
0.00287079
0.00287187
0.00287295
0.00287403
0.0028751
0.00287618
0.00287726
0.00287834
0.00287942
0.0028805
0.00288158
0.00288266
0.00288374
0.00288482
0.0028859
0.00288698
0.00288807
0.00288915
0.00289023
0.00289131
0.00289239
0.00289348
0.00289456
0.00289564
0.00289672
0.00289781
0.00289889
0.00289997
0.00290106
0.00290214
0.00290323
0.00290431
0.0029054
0.00290648
0.00290757
0.00290865
0.00290974
0.00291082
0.00291191
0.00291299
0.00291408
0.00291517
0.00291625
0.00291734
0.00291843
0.00291952
0.0029206
0.00292169
0.00292278
0.00292387
0.00292496
0.00292604
0.00292713
0.00292822
0.00292931
0.0029304
0.00293149
0.00293258
0.00293367
0.00293476
0.00293585
0.00293694
0.00293803
0.00293912
0.00294022
0.00294131
0.0029424
0.00294349
0.00294458
0.00294568
0.00294677
0.00294786
0.00294895
0.00295005
0.00295114
0.00295224
0.00295333
0.00295442
0.00295552
0.00295661
0.00295771
0.0029588
0.0029599
0.00296099
0.00296209
0.00296318
0.00296428
0.00296538
0.00296647
0.00296757
0.00296867
0.00296976
0.00297086
0.00297196
0.00297306
0.00297415
0.00297525
0.00297635
0.00297745
0.00297855
0.00297965
0.00298075
0.00298185
0.00298295
0.00298405
0.00298515
0.00298625
0.00298735
0.00298845
0.00298955
0.00299065
0.00299175
0.00299285
0.00299395
0.00299506
0.00299616
0.00299726
0.00299836
0.00299947
0.00300057
0.00300167
0.00300278
0.00300388
0.00300498
0.00300609
0.00300719
0.0030083
0.0030094
0.00301051
0.00301161
0.00301272
0.00301382
0.00301493
0.00301604
0.00301714
0.00301825
0.00301936
0.00302046
0.00302157
0.00302268
0.00302378
0.00302489
0.003026
0.00302711
0.00302822
0.00302933
0.00303043
0.00303154
0.00303265
0.00303376
0.00303487
0.00303598
0.00303709
0.0030382
0.00303931
0.00304042
0.00304153
0.00304265
0.00304376
0.00304487
0.00304598
0.00304709
0.0030482
0.00304932
0.00305043
0.00305154
0.00305266
0.00305377
0.00305488
0.003056
0.00305711
0.00305822
0.00305934
0.00306045
0.00306157
0.00306268
0.0030638
0.00306491
0.00306603
0.00306715
0.00306826
0.00306938
0.00307049
0.00307161
0.00307273
0.00307385
0.00307496
0.00307608
0.0030772
0.00307832
0.00307943
0.00308055
0.00308167
0.00308279
0.00308391
0.00308503
0.00308615
0.00308727
0.00308839
0.00308951
0.00309063
0.00309175
0.00309287
0.00309399
0.00309511
0.00309623
0.00309736
0.00309848
0.0030996
0.00310072
0.00310184
0.00310297
0.00310409
0.00310521
0.00310634
0.00310746
0.00310858
0.00310971
0.00311083
0.00311196
0.00311308
0.00311421
0.00311533
0.00311646
0.00311758
0.00311871
0.00311983
0.00312096
0.00312209
0.00312321
0.00312434
0.00312547
0.0031266
0.00312772
0.00312885
0.00312998
0.00313111
0.00313223
0.00313336
0.00313449
0.00313562
0.00313675
0.00313788
0.00313901
0.00314014
0.00314127
0.0031424
0.00314353
0.00314466
0.00314579
0.00314692
0.00314805
0.00314919
0.00315032
0.00315145
0.00315258
0.00315371
0.00315485
0.00315598
0.00315711
0.00315825
0.00315938
0.00316051
0.00316165
0.00316278
0.00316392
0.00316505
0.00316619
0.00316732
0.00316846
0.00316959
0.00317073
0.00317186
0.003173
0.00317414
0.00317527
0.00317641
0.00317755
0.00317868
0.00317982
0.00318096
0.0031821
0.00318323
0.00318437
0.00318551
0.00318665
0.00318779
0.00318893
0.00319007
0.00319121
0.00319235
0.00319349
0.00319463
0.00319577
0.00319691
0.00319805
0.00319919
0.00320033
0.00320147
0.00320262
0.00320376
0.0032049
0.00320604
0.00320718
0.00320833
0.00320947
0.00321061
0.00321176
0.0032129
0.00321405
0.00321519
0.00321633
0.00321748
0.00321862
0.00321977
0.00322091
0.00322206
0.0032232
0.00322435
0.0032255
0.00322664
0.00322779
0.00322894
0.00323008
0.00323123
0.00323238
0.00323353
0.00323467
0.00323582
0.00323697
0.00323812
0.00323927
0.00324042
0.00324157
0.00324272
0.00324386
0.00324501
0.00324616
0.00324732
0.00324847
0.00324962
0.00325077
0.00325192
0.00325307
0.00325422
0.00325537
0.00325653
0.00325768
0.00325883
0.00325998
0.00326114
0.00326229
0.00326344
0.0032646
0.00326575
0.0032669
0.00326806
0.00326921
0.00327037
0.00327152
0.00327268
0.00327383
0.00327499
0.00327614
0.0032773
0.00327846
0.00327961
0.00328077
0.00328193
0.00328308
0.00328424
0.0032854
0.00328655
0.00328771
0.00328887
0.00329003
0.00329119
0.00329235
0.00329351
0.00329466
0.00329582
0.00329698
0.00329814
0.0032993
0.00330046
0.00330162
0.00330279
0.00330395
0.00330511
0.00330627
0.00330743
0.00330859
0.00330976
0.00331092
0.00331208
0.00331324
0.00331441
0.00331557
0.00331673
0.0033179
0.00331906
0.00332022
0.00332139
0.00332255
0.00332372
0.00332488
0.00332605
0.00332721
0.00332838
0.00332954
0.00333071
0.00333188
0.00333304
0.00333421
0.00333538
0.00333654
0.00333771
0.00333888
0.00334005
0.00334122
0.00334238
0.00334355
0.00334472
0.00334589
0.00334706
0.00334823
0.0033494
0.00335057
0.00335174
0.00335291
0.00335408
0.00335525
0.00335642
0.00335759
0.00335876
0.00335993
0.00336111
0.00336228
0.00336345
0.00336462
0.0033658
0.00336697
0.00336814
0.00336931
0.00337049
0.00337166
0.00337284
0.00337401
0.00337518
0.00337636
0.00337753
0.00337871
0.00337988
0.00338106
0.00338224
0.00338341
0.00338459
0.00338576
0.00338694
0.00338812
0.0033893
0.00339047
0.00339165
0.00339283
0.00339401
0.00339518
0.00339636
0.00339754
0.00339872
0.0033999
0.00340108
0.00340226
0.00340344
0.00340462
0.0034058
0.00340698
0.00340816
0.00340934
0.00341052
0.0034117
0.00341288
0.00339497
0.00341525
0.00341643
0.00341761
0.0034188
0.00341998
0.00342116
0.00342234
0.00342353
0.00342471
0.0034259
0.00342708
0.00342826
0.00342945
0.00343063
0.00343182
0.003433
0.00343419
0.00343538
0.00343656
0.00343775
0.00343893
0.00344012
0.00344131
0.0034425
0.00344368
0.00344487
0.00344606
0.00344725
0.00344843
0.00344962
0.00345081
0.003452
0.00345319
0.00345438
0.00345557
0.00345676
0.00345795
0.00345914
0.00346033
0.00346152
0.00346271
0.0034639
0.00346509
0.00346628
0.00346748
0.00346867
0.00346986
0.00347105
0.00347225
0.00347344
0.00347463
0.00347582
0.00347702
0.00347821
0.00347941
0.0034806
0.00348179
0.00348299
0.00348418
0.00348538
0.00348657
0.00348777
0.00348897
0.00349016
0.00349136
0.00349255
0.00349375
0.00349495
0.00349615
0.00349734
0.00349854
0.00349974
0.00350094
0.00348265
0.00350333
0.00350453
0.00350573
0.00350693
0.00350813
0.00350933
0.00351053
0.00351173
0.00351293
0.00351413
0.00349579
0.00351653
0.00351773
0.00351893
0.00352014
0.00352134
0.00352254
0.00352374
0.00352494
0.00352615
0.00352735
0.00352855
0.00352976
0.00353096
0.00353216
0.00353337
0.00353457
0.00353578
0.00353698
0.00353819
0.00353939
0.0035406
0.0035418
0.00354301
0.00354422
0.00354542
0.00354663
0.00354784
0.00354904
0.00355025
0.00353176
0.00355267
0.00355387
0.00355508
0.00355629
0.0035575
0.00355871
0.00355992
0.00356113
0.00356233
0.00356354
0.00356475
0.00356596
0.00356718
0.00356839
0.0035696
0.00357081
0.00357202
0.00357323
0.00355465
0.00357565
0.00357687
0.00357808
0.00357929
0.0035805
0.00358172
0.00358293
0.00358414
0.00358536
0.00358657
0.00358779
0.003589
0.00359022
0.00359143
0.00359265
0.00359386
0.00359508
0.00359629
0.00359751
0.00357883
0.00359994
0.00360116
0.00360238
0.00360359
0.00360481
0.0035861
0.00360725
0.00360846
0.00360968
0.0036109
0.00361212
0.00361334
0.00361456
0.00361578
0.003617
0.00361822
0.00361944
0.00362066
0.00362188
0.0036231
0.00362432
0.00362554
0.00362676
0.00362798
0.00362921
0.00363043
0.00363165
0.00363287
0.0036341
0.00363532
0.00363654
0.00363777
0.00363899
0.00364021
0.00364144
0.00364266
0.00364389
0.00364511
0.00364634
0.00364756
0.00364879
0.00365001
0.00365124
0.00365247
0.00365369
0.00365492
0.00365615
0.00365737
0.0036586
0.00365983
0.00366106
0.00366228
0.00366351
0.00366474
0.00366597
0.0036672
0.00366843
0.00366966
0.00367089
0.00367212
0.00367335
0.00367458
0.00367581
0.00367704
0.00367827
0.0036795
0.00368073
0.00368196
0.0036832
0.00368443
0.00368566
0.00366664
0.00368813
0.00368936
0.00367032
0.00369183
0.00369306
0.00369429
0.00369553
0.00369676
0.003698
0.00369923
0.00370047
0.0037017
0.00370294
0.00370417
0.00370541
0.00370665
0.00370788
0.00370912
0.00371036
0.00371159
0.00371283
0.00371407
0.00371531
0.00371655
0.00371778
0.00371902
0.00372026
0.00370111
0.00370234
0.00372398
0.00372522
0.00372646
0.0037277
0.00372894
0.00373018
0.00373142
0.00373266
0.0037339
0.00373514
0.00373639
0.00373763
0.00373887
0.00374011
0.00374136
0.0037426
0.00374384
0.00374509
0.00374633
0.00372708
0.00374882
0.00375006
0.00375131
0.00375255
0.0037538
0.00375504
0.00375629
0.00375753
0.00375878
0.00376002
0.00376127
0.00376252
0.00374321
0.00376501
0.00376626
0.00376751
0.00376875
0.00377
0.00377125
0.0037725
0.00377375
0.003775
0.00377624
0.00377749
0.00377874
0.00377999
0.00378124
0.00378249
0.00378374
0.00376436
0.0037656
0.0037875
0.00378875
0.00379
0.00379125
0.0037925
0.00379376
0.00379501
0.00379626
0.00379752
0.00379877
0.00380002
0.00380128
0.00380253
0.00380378
0.00380504
0.00380629
0.00380755
0.0038088
0.00381006
0.00379058
0.00379183
0.00381383
0.00381508
0.00379558
0.0038176
0.00381885
0.00382011
0.00382137
0.00382262
0.00382388
0.00382514
0.0038264
0.00382766
0.00382892
0.00383018
0.00383144
0.00383269
0.00383395
0.00383521
0.00383647
0.00383774
0.003839
0.00384026
0.00384152
0.00384278
0.00384404
0.0038453
0.00384656
0.00384783
0.00384909
0.00385035
0.00385162
0.00385288
0.00383325
0.00385541
0.00385667
0.00383703
0.0038592
0.00386046
0.00386173
0.00386299
0.00386426
0.00386552
0.00386679
0.00386806
0.00386932
0.00387059
0.00387185
0.00387312
0.00387439
0.00387566
0.00387692
0.00387819
0.00387946
0.00388073
0.003882
0.00388327
0.00388453
0.0038858
0.00388707
0.00388834
0.00388961
0.00389088
0.00389215
0.00389342
0.0038947
0.00389597
0.00389724
0.00389851
0.00389978
0.00390105
0.00390233
0.0039036
0.00390487
0.00390614
0.00390742
0.00390869
0.00390996
0.00391124
0.00391251
0.00391379
0.00391506
0.00391634
0.00391761
0.00391889
0.00392016
0.00392144
0.00392271
0.00392399
0.00392527
0.00392654
0.00392782
0.0039291
0.00393037
0.00393165
0.00393293
0.00393421
0.0039143
0.00393677
0.00393804
0.00391813
0.0039406
0.00394188
0.00394316
0.00394444
0.00394572
0.003947
0.00394828
0.00394956
0.00395085
0.00395213
0.00395341
0.00395469
0.00395597
0.00395725
0.00395854
0.00395982
0.0039611
0.00396239
0.00396367
0.00396495
0.00396624
0.00396752
0.00396881
0.00397009
0.00397138
0.00397266
0.00397395
0.00397523
0.00397652
0.0039778
0.00397909
0.00398038
0.00398166
0.00398295
0.00398424
0.00398552
0.00398681
0.0039881
0.00398939
0.00399068
0.00399197
0.00399325
0.00397316
0.00399583
0.00399712
0.00399841
0.0039997
0.00397959
0.00400228
0.00400357
0.00400487
0.00400616
0.00400745
0.00400874
0.00401003
0.00401132
0.00401262
0.00401391
0.0040152
0.00401649
0.00401779
0.00401908
0.00402038
0.00402167
0.00402296
0.00402426
0.00402555
0.00402685
0.00400665
0.00402944
0.00400923
0.00403203
0.00403333
0.00403462
0.00403592
0.00403722
0.00403851
0.00403981
0.00404111
0.00404241
0.00404371
0.004045
0.0040463
0.0040476
0.0040489
0.0040502
0.0040515
0.0040528
0.0040541
0.0040554
0.0040567
0.004058
0.0040593
0.0040606
0.0040619
0.0040632
0.00406451
0.00406581
0.00406711
0.00406841
0.00406972
0.00407102
0.00407232
0.00407363
0.00407493
0.00407623
0.00407754
0.00407884
0.00408015
0.00408145
0.00406109
0.00406239
0.00408537
0.00408667
0.00408798
0.00408929
0.00409059
0.0040919
0.00409321
0.00409451
0.00409582
0.00409713
0.00409844
0.00409975
0.00410105
0.00410236
0.00410367
0.00410498
0.00410629
0.0041076
0.00410891
0.00411022
0.00411153
0.00411284
0.00411415
0.00411546
0.00411677
0.00411809
0.0041194
0.00412071
0.00412202
0.00412334
0.00410285
0.00412596
0.00412727
0.00412859
0.00410808
0.00413122
0.00413253
0.00413384
0.00413516
0.00413647
0.00413779
0.0041391
0.00414042
0.00414174
0.00414305
0.00414437
0.00412382
0.004147
0.00414832
0.00412776
0.00415095
0.00415227
0.00415359
0.00415491
0.00415623
0.00415754
0.00415886
0.00416018
0.0041615
0.00416282
0.00416414
0.00416546
0.00416678
0.0041681
0.00416942
0.00417074
0.00417207
0.00417339
0.00417471
0.00415407
0.00417735
0.00417868
0.00418
0.00418132
0.00418265
0.00418397
0.00418529
0.00418662
0.00418794
0.00418927
0.00419059
0.00419191
0.00419324
0.00419457
0.00419589
0.00419722
0.00419854
0.00419987
0.0042012
0.00420252
0.00420385
0.00420518
0.0042065
0.00420783
0.00420916
0.00421049
0.00421182
0.00421315
0.00421448
0.0042158
0.00421713
0.00421846
0.00421979
0.00422112
0.00422245
0.00422378
0.00420301
0.00422645
0.00422778
0.00422911
0.00423044
0.00423177
0.00423311
0.00423444
0.00423577
0.0042371
0.00423844
0.00423977
0.00424111
0.00424244
0.00424377
0.00424511
0.00424644
0.00424778
0.00424911
0.00425045
0.00425178
0.00425312
0.00425446
0.00425579
0.00425713
0.00425847
0.0042598
0.00426114
0.00426248
0.00426382
0.00426516
0.00426649
0.00426783
0.00426917
0.00427051
0.00427185
0.00427319
0.00427453
0.00427587
0.00427721
0.00427855
0.00427989
0.00428123
0.00428257
0.00428391
0.00428526
0.0042866
0.00428794
0.00428928
0.00429063
0.00429197
0.00429331
0.00429465
0.004296
0.00429734
0.00429869
0.00430003
0.00430138
0.00430272
0.00430407
0.00430541
0.00430676
0.0043081
0.00428711
0.00431079
0.00431214
0.00431349
0.00431484
0.00431618
0.00431753
0.00431888
0.00432023
0.00429921
0.00432292
0.00432427
0.00432562
0.00432697
0.00432832
0.00432967
0.00433102
0.00430997
0.00433372
0.00433507
0.00433642
0.00433777
0.00433912
0.00434048
0.00434183
0.00434318
0.00434453
0.00434588
0.00434724
0.00434859
0.00434994
0.0043513
0.00435265
0.00435401
0.00435536
0.00435671
0.00435807
0.00435942
0.00436078
0.00436214
0.00436349
0.00436485
0.0043662
0.00436756
0.00436892
0.00437027
0.00437163
0.00435049
0.00435184
0.0043757
0.00437706
0.00437842
0.00437978
0.00438114
0.0043825
0.00438386
0.00438522
0.00438658
0.00438794
0.0043893
0.00439066
0.00439202
0.00439338
0.00439474
0.0043961
0.00439746
0.00439883
0.00440019
0.00440155
0.00440291
0.00440428
0.00440564
0.004407
0.00440837
0.00440973
0.0044111
0.00438986
0.00441383
0.00441519
0.00441656
0.00441792
0.00441929
0.00442065
0.00442202
0.00440076
0.00442475
0.00442612
0.00442749
0.00442886
0.00443022
0.00443159
0.00443296
0.00443433
0.0044357
0.00443707
0.00443843
0.0044398
0.00444117
0.00441987
0.00444391
0.00444528
0.00444665
0.00444803
0.0044494
0.00442808
0.00445214
0.00445351
0.00445488
0.00445626
0.00445763
0.004459
0.00446037
0.00446175
0.00446312
0.0044645
0.00444314
0.00446724
0.00444588
0.00446999
0.00447137
0.00447274
0.00447412
0.0044755
0.00447687
0.00447825
0.00447962
0.004481
0.00448238
0.00448376
0.00448513
0.00448651
0.00448789
0.00448927
0.00449065
0.00449202
0.00447061
0.00449478
0.00449616
0.00449754
0.00449892
0.0045003
0.00450168
0.00450306
0.00450444
0.00450583
0.00450721
0.00450859
0.00450997
0.00448852
0.00451273
0.00451412
0.0045155
0.00451688
0.00451827
0.00451965
0.00452103
0.00452242
0.0045238
0.00452519
0.00452657
0.00452796
0.00452934
0.00453073
0.00450924
0.0045335
0.00453489
0.00453627
0.00453766
0.00453905
0.00454044
0.00454182
0.00454321
0.0045446
0.00454599
0.00454738
0.00452585
0.00455015
0.00455154
0.00455293
0.00455432
0.00455571
0.0045571
0.00455849
0.00455988
0.00456128
0.00456267
0.00456406
0.00456545
0.00456684
0.00456824
0.00456963
0.00454806
0.00457241
0.00457381
0.0045752
0.00457659
0.00457799
0.00457938
0.00458078
0.00458217
0.00458357
0.00458496
0.00458636
0.00458775
0.00458915
0.00459055
0.00459194
0.00459334
0.00459474
0.00459613
0.00459753
0.00459893
0.00460033
0.00460173
0.00460312
0.00460452
0.00460592
0.00460732
0.00460872
0.00461012
0.00461152
0.00461292
0.00461432
0.00461572
0.00461712
0.00461852
0.00459686
0.00462133
0.00462273
0.00460106
0.00462553
0.00462694
0.00462834
0.00462974
0.00463115
0.00463255
0.00463395
0.00463536
0.00463676
0.00463817
0.00463957
0.00464098
0.00464238
0.00464379
0.00464519
0.0046466
0.00464801
0.00464941
0.00465082
0.00465223
0.00463051
0.00465504
0.00465645
0.00465786
0.00465927
0.00466068
0.00463894
0.00466349
0.0046649
0.00466631
0.00466772
0.00466913
0.00467054
0.00467196
0.00467337
0.00467478
0.00467619
0.0046776
0.00467901
0.00468042
0.00468184
0.00468325
0.00468466
0.00468608
0.00468749
0.0046889
0.00469032
0.00469173
0.00469315
0.00469456
0.00469598
0.00469739
0.00469881
0.00470022
0.00470164
0.00470305
0.00470447
0.00470589
0.0047073
0.00470872
0.00471014
0.00471156
0.00471297
0.00469115
0.00471581
0.00471723
0.00471865
0.00472007
0.00472149
0.00472291
0.00472433
0.00472575
0.00472717
0.00472859
0.00473001
0.00473143
0.00473285
0.00473427
0.0047357
0.00473712
0.00473854
0.00473996
0.00474139
0.00474281
0.00472094
0.00474566
0.00474708
0.00474851
0.00474993
0.00475135
0.00472947
0.0047542
0.00475563
0.00475706
0.00475848
0.00473659
0.00476133
0.00476276
0.00476419
0.00476562
0.00476704
0.00476847
0.00474656
0.00477133
0.00477276
0.00475084
0.00477561
0.00477704
0.00477847
0.0047799
0.00478133
0.00478276
0.00478419
0.00478562
0.00478705
0.00478849
0.00478992
0.00479135
0.00479278
0.00479421
0.00479565
0.00479708
0.00479851
0.00477656
0.00480138
0.00480281
0.00480425
0.00480568
0.00480712
0.00480855
0.00478658
0.00481142
0.00481286
0.00481429
0.00481573
0.00481716
0.0048186
0.00482004
0.00482148
0.00482291
0.00482435
0.00482579
0.00482723
0.00482866
0.00480667
0.00483154
0.00483298
0.00483442
0.00483586
0.00481385
0.00483874
0.00484018
0.00484162
0.00484306
0.0048445
0.00484594
0.00484739
0.00484883
0.00485027
0.00485171
0.00485316
0.00483112
0.00485604
0.00485748
0.00485893
0.00486037
0.00486182
0.00483977
0.00486471
0.00486615
0.0048676
0.00486904
0.00487049
0.00487193
0.00487338
0.00487483
0.00487627
0.00487772
0.00487917
0.00488061
0.00488206
0.00488351
0.00488496
0.00486289
0.00488786
0.00486578
0.00489075
0.0048922
0.00489365
0.0048951
0.00489655
0.004898
0.00487592
0.00490091
0.00490236
0.00490381
0.00490526
0.00490671
0.00490816
0.00488606
0.00491107
0.00491252
0.00491398
0.00491543
0.00491688
0.00491834
0.00491979
0.00492125
0.00489913
0.00492416
0.00492561
0.00492707
0.00492852
0.00492998
0.00493144
0.00493289
0.00493435
0.00493581
0.00491367
0.00493872
0.00494018
0.00494164
0.0049431
0.00494456
0.00494601
0.00494747
0.00492533
0.00495039
0.00495185
0.00495331
0.00495477
0.00495623
0.00495769
0.00495916
0.00496062
0.00496208
0.00496354
0.004965
0.00496647
0.00496793
0.00496939
0.00497086
0.00497232
0.00497378
0.00497525
0.00497671
0.00497818
0.00497964
0.00498111
0.00498257
0.00498404
0.0049855
0.00498697
0.00498843
0.00496625
0.00499137
0.00499284
0.0049943
0.00499577
0.00499724
0.00499871
0.00500017
0.00500164
0.00500311
0.00500458
0.00500605
0.00500752
0.00500899
0.00501046
0.00501193
0.0050134
0.00501487
0.00501634
0.00501782
0.00501929
0.00502076
0.00502223
0.0050237
0.00502518
0.00502665
0.00502812
0.0050296
0.00503107
0.00503255
0.00503402
0.00503549
0.00503697
0.00503844
0.00503992
0.0050414
0.00504287
0.00504435
0.00504582
0.0050473
0.00504878
0.00505025
0.00505173
0.00505321
0.00505469
0.00505617
0.00505764
0.00505912
0.0050606
0.00506208
0.00506356
0.00506504
0.00506652
0.005068
0.00506948
0.00507096
0.00507244
0.00507392
0.00505166
0.00507689
0.00507837
0.00507985
0.00508133
0.00508282
0.0050843
0.00508578
0.00508727
0.00508875
0.00509024
0.00509172
0.0050932
0.00509469
0.00509617
0.00509766
0.00509915
0.00510063
0.00510212
0.0051036
0.00510509
0.00510658
0.00510807
0.00510955
0.00511104
0.00511253
0.00511402
0.00511551
0.00511699
0.00511848
0.00511997
0.00512146
0.00512295
0.00512444
0.00512593
0.00512742
0.00512891
0.0051304
0.0051319
0.00513339
0.00513488
0.00513637
0.00511406
0.00513936
0.00514085
0.00514234
0.00514384
0.00514533
0.00512301
0.00514832
0.00514981
0.00515131
0.0051528
0.0051543
0.00515579
0.00513347
0.00515879
0.00516028
0.00516178
0.00516328
0.00516477
0.00516627
0.00516777
0.00516927
0.00517076
0.00517226
0.00517376
0.00517526
0.00515292
0.00517826
0.00517976
0.00518126
0.00518276
0.00518426
0.00518576
0.00518726
0.00518876
0.00516641
0.00519176
0.00519327
0.00519477
0.00517242
0.00519777
0.00519928
0.00520078
0.00520228
0.00520379
0.00520529
0.0052068
0.0052083
0.00520981
0.00521131
0.00521282
0.00521432
0.00521583
0.00519347
0.00521884
0.00519648
0.00519798
0.00519949
0.005201
0.0052025
0.00520401
0.00520552
0.00520703
0.00520853
0.00521004
0.00521155
0.00521306
0.00521457
0.00521608
0.00524147
0.00524298
0.00522061
0.00522212
0.00522363
0.00524903
0.00522665
0.00525205
0.00525356
0.00523118
0.0052327
0.00523421
0.00523572
0.00523723
0.00523875
0.00524026
0.00524177
0.00524329
0.0052448
0.00524632
0.00524783
0.00527325
0.00527477
0.00527628
0.0052778
0.00527932
0.00528083
0.00528235
0.00528387
0.00528539
0.0052869
0.00528842
0.00528994
0.00529146
0.00529298
0.0052945
0.00529602
0.00529754
0.00529906
0.00530058
0.0053021
0.00530362
0.00530514
0.00530667
0.00530819
0.00530971
0.00531123
0.00531276
0.00531428
0.0053158
0.00531733
0.00531885
0.00532037
0.0053219
0.00532342
0.00532495
0.00532647
0.005328
0.00532952
0.00533105
0.00533258
0.0053341
0.00533563
0.00533716
0.00533868
0.00531628
0.0053178
0.00531933
0.00532086
0.00532239
0.00532391
0.00532544
0.00532697
0.00535244
0.00535397
0.0053555
0.00535703
0.00535856
0.00536009
0.00536162
0.00536315
0.00536469
0.00536622
0.00536775
0.00536928
0.00537082
0.00537235
0.00537388
0.00537542
0.00537695
0.00537848
0.00538002
0.00538155
0.00538309
0.00538462
0.00538616
0.00538769
0.00538923
0.00539077
0.0053923
0.00539384
0.00539538
0.00539691
0.00539845
0.00539999
0.00540153
0.00540307
0.0054046
0.00540614
0.00540768
0.00540922
0.00541076
0.0054123
0.00541384
0.00541538
0.00541692
0.00541846
0.00542
0.00542155
0.00542309
0.00542463
0.00542617
0.00542772
0.0054053
0.0054308
0.00543234
0.00543389
0.00543543
0.00543698
0.00543852
0.00544007
0.00544161
0.00544316
0.0054447
0.00544625
0.00544779
0.00544934
0.00545089
0.00545243
0.00545398
0.00545553
0.00545708
0.00545862
0.00546017
0.00543775
0.0054393
0.00546482
0.00546637
0.00546792
0.00546947
0.00547102
0.00547257
0.00547412
0.00547567
0.00547722
0.00547877
0.00548032
0.00548187
0.00548343
0.00548498
0.00548653
0.00548808
0.00548964
0.00549119
0.00549274
0.00547033
0.00549585
0.00549741
0.00549896
0.00550052
0.00550207
0.00550363
0.00550518
0.00550674
0.0055083
0.00550985
0.00551141
0.00551297
0.00551453
0.00551608
0.00551764
0.0055192
0.00552076
0.00552232
0.00552388
0.00550146
0.00550302
0.00552856
0.00553012
0.00553168
0.00553324
0.0055348
0.00553636
0.00553792
0.00553948
0.00554104
0.00554261
0.00554417
0.00554573
0.0055473
0.00554886
0.00555042
0.00555199
0.00555355
0.00553115
0.00553271
0.00553428
0.00555981
0.00556138
0.00556294
0.00556451
0.00556607
0.00556764
0.00556921
0.00557077
0.00557234
0.00557391
0.00557548
0.00557705
0.00557861
0.00558018
0.00558175
0.00558332
0.00558489
0.00558646
0.00558803
0.0055896
0.00559117
0.00559274
0.00559431
0.00559589
0.00559746
0.00559903
0.0056006
0.00560217
0.00560375
0.00560532
0.00560689
0.00560847
0.00561004
0.00561162
0.00561319
0.00561477
0.00561634
0.00561792
0.00561949
0.00562107
0.00562264
0.00562422
0.0056258
0.00562737
0.00562895
0.00563053
0.00560815
0.00560973
0.00563526
0.00563684
0.00563842
0.00564
0.00564158
0.00564316
0.00564474
0.00562236
0.0056479
0.00564948
0.00565106
0.00562869
0.00565422
0.0056558
0.00565738
0.00565897
0.00566055
0.00566213
0.00566372
0.0056653
0.00564294
0.00566847
0.00567005
0.00567163
0.00567322
0.0056748
0.00567639
0.00567798
0.00567956
0.00568115
0.00568273
0.00568432
0.00568591
0.00566356
0.00568908
0.00569067
0.00569226
0.00569385
0.00569543
0.00569702
0.00569861
0.00567627
0.00570179
0.00570338
0.00570497
0.00570656
0.00570815
0.00570974
0.00571133
0.00571293
0.00571452
0.00571611
0.0057177
0.00571929
0.00572089
0.00572248
0.00572407
0.00570175
0.00572726
0.00572886
0.00573045
0.00573204
0.00573364
0.00573524
0.00573683
0.00573843
0.00574002
0.00574162
0.00574322
0.00574481
0.00574641
0.00574801
0.00574961
0.0057512
0.0057528
0.0057544
0.005756
0.0057576
0.0057592
0.0057608
0.0057624
0.005764
0.0057656
0.0057672
0.0057688
0.0057704
0.00574811
0.0057736
0.00577521
0.00577681
0.00577841
0.00575612
0.00578162
0.00578322
0.00578482
0.00578643
0.00578803
0.00578964
0.00579124
0.00579285
0.00579445
0.00579606
0.00579766
0.00579927
0.00580088
0.00580248
0.00580409
0.0058057
0.00580731
0.00580891
0.00581052
0.00581213
0.00581374
0.00581535
0.00581696
0.00581857
0.00582018
0.00582179
0.0058234
0.00582501
0.00582662
0.00582823
0.00582984
0.00580759
0.00583306
0.00583468
0.00583629
0.0058379
0.00583952
0.00584113
0.00584274
0.00584436
0.00584597
0.00584758
0.0058492
0.00585081
0.00585243
0.00585405
0.00585566
0.00585728
0.00585889
0.00586051
0.00586213
0.00586374
0.00586536
0.00586698
0.0058686
0.00587022
0.00587183
0.00587345
0.00587507
0.00587669
0.00587831
0.00585611
0.00588155
0.00588317
0.00588479
0.00588641
0.00588804
0.00588966
0.00589128
0.0058929
0.00587072
0.00589615
0.00589777
0.00589939
0.00590102
0.00590264
0.00590426
0.00590589
0.00590751
0.00588534
0.00591076
0.00591239
0.00591401
0.00591564
0.00591727
0.00591889
0.00592052
0.00592215
0.00592377
0.0059254
0.00592703
0.00592866
0.00593029
0.00593192
0.00593354
0.00593517
0.0059368
0.00593843
0.00594006
0.00594169
0.00594332
0.00594496
0.00594659
0.00594822
0.00594985
0.00595148
0.00595311
0.00595475
0.00595638
0.00595801
0.00595965
0.00596128
0.00596291
0.00596455
0.00594244
0.00596782
0.00596945
0.00597109
0.00597272
0.00597436
0.005976
0.00597763
0.00597927
0.00598091
0.00598254
0.00598418
0.00598582
0.00598746
0.0059891
0.00599074
0.00599237
0.00599401
0.00599565
0.00599729
0.00599893
0.00600057
0.00600221
0.00600386
0.0060055
0.00600714
0.00600878
0.00601042
0.00601206
0.00601371
0.00601535
0.00601699
0.00601864
0.00602028
0.00602192
0.00602357
0.00602521
0.00602686
0.0060285
0.00603015
0.00603179
0.00603344
0.00603509
0.00603673
0.00603838
0.00604003
0.00604167
0.00604332
0.00602132
0.00604662
0.00604827
0.00604991
0.00605156
0.00605321
0.00605486
0.00605651
0.00603453
0.00605981
0.00606146
0.00606311
0.00606477
0.00606642
0.00606807
0.00606972
0.00607137
0.00607303
0.00607468
0.00607633
0.00607799
0.00607964
0.00608129
0.00608295
0.0060846
0.00608626
0.00608791
0.00606597
0.00609122
0.00609288
0.00609454
0.00609619
0.00609785
0.00609951
0.00610116
0.00610282
0.00610448
0.00610614
0.0061078
0.00610946
0.00611111
0.00608921
0.00611443
0.00611609
0.00611775
0.00609586
0.00612108
0.00612274
0.0061244
0.00612606
0.00612772
0.00612938
0.00613105
0.00613271
0.00613437
0.00613603
0.0061377
0.00613936
0.00614103
0.00611917
0.00614436
0.00614602
0.00614769
0.00612584
0.00615102
0.00615268
0.00615435
0.00615602
0.00615768
0.00615935
0.00616102
0.00616269
0.00616435
0.00616602
0.00614421
0.00616936
0.00617103
0.0061727
0.00617437
0.00617604
0.00617771
0.00617938
0.00615759
0.00618272
0.00618439
0.00618606
0.00618774
0.00618941
0.00619108
0.00619275
0.00619443
0.0061961
0.00619777
0.00619945
0.00620112
0.0062028
0.00620447
0.00620615
0.00620782
0.0062095
0.00621117
0.00621285
0.00621453
0.0062162
0.00621788
0.00621956
0.00622124
0.00622291
0.00622459
0.00622627
0.00622795
0.00620624
0.00623131
0.00623299
0.00621129
0.00623635
0.00623803
0.00623971
0.00624139
0.00624307
0.00624475
0.00624643
0.00624812
0.0062498
0.00625148
0.00625316
0.00625485
0.00625653
0.00625822
0.00623656
0.00626158
0.00626327
0.00626495
0.00626664
0.00626832
0.00627001
0.0062717
0.00627338
0.00627507
0.00627676
0.00627844
0.00628013
0.00628182
0.00628351
0.0062619
0.00628688
0.00628857
0.00629026
0.00629195
0.00629364
0.00629533
0.00627375
0.00629871
0.0063004
0.0063021
0.00630379
0.00630548
0.00630717
0.00630886
0.00631056
0.00631225
0.00631394
0.00631564
0.00631733
0.00631902
0.00632072
0.00632241
0.00632411
0.0063258
0.0063275
0.00632919
0.00633089
0.00633259
0.00633428
0.00633598
0.00633768
0.00633938
0.00634107
0.00634277
0.00634447
0.00634617
0.00634787
0.00634957
0.00635127
0.00635297
0.00635467
0.00635637
0.00633491
0.00635977
0.00636147
0.00636317
0.00636487
0.00636657
0.00636828
0.00636998
0.00637168
0.00637339
0.00637509
0.00635367
0.0063785
0.0063802
0.00638191
0.00638361
0.00638532
0.00638702
0.00638873
0.00639043
0.00639214
0.00639385
0.00639555
0.00637418
0.00639897
0.00640068
0.00640238
0.00640409
0.0064058
0.00640751
0.00640922
0.00641093
0.00641264
0.00641435
0.00641606
0.00641777
0.00641948
0.00642119
0.0064229
0.00642461
0.00642633
0.00642804
0.00642975
0.00643146
0.00643318
0.00643489
0.0064366
0.00643832
0.00644003
0.00644175
0.00644346
0.00644518
0.00642392
0.00644861
0.00645033
0.00645204
0.00645376
0.00645548
0.00645719
0.00645891
0.00646063
0.00643941
0.00646406
0.00646578
0.0064675
0.00646922
0.00647094
0.00647266
0.00647438
0.0064761
0.00647782
0.00647954
0.00648126
0.00648299
0.00648471
0.00648643
0.00648815
0.00648987
0.0064916
0.00649332
0.00649504
0.00649677
0.00649849
0.00650022
0.00650194
0.00650367
0.00650539
0.00650712
0.00650884
0.00651057
0.0065123
0.0064912
0.00651575
0.00651748
0.00651921
0.00652093
0.00652266
0.00652439
0.00652612
0.00650506
0.00652958
0.00653131
0.00653304
0.00653477
0.0065365
0.00653823
0.00653996
0.00654169
0.00654342
0.00654515
0.00654689
0.00654862
0.00655035
0.00655208
0.00655382
0.00655555
0.00655729
0.00655902
0.00656075
0.00656249
0.00656422
0.00656596
0.0065677
0.00656943
0.00657117
0.0065729
0.00657464
0.00657638
0.00657812
0.00657985
0.00658159
0.00658333
0.00658507
0.00658681
0.00658855
0.00659029
0.00659203
0.00659377
0.00659551
0.00659725
0.00659899
0.00657811
0.00660247
0.00660421
0.00660595
0.0066077
0.00660944
0.00661118
0.00661293
0.00661467
0.00661641
0.00661816
0.0066199
0.00662165
0.00662339
0.00662514
0.00662688
0.00660608
0.00663037
0.00663212
0.00663387
0.00663561
0.00663736
0.00663911
0.00664086
0.0066426
0.00664435
0.0066461
0.00664785
0.0066496
0.00665135
0.0066531
0.00665485
0.0066566
0.00665835
0.0066601
0.00666185
0.00666361
0.00666536
0.00666711
0.00666886
0.00667062
0.00667237
0.00667412
0.00667588
0.00665522
0.00667938
0.00668114
0.00668289
0.00668465
0.0066864
0.00668816
0.00668992
0.00669167
0.00669343
0.00669519
0.00669694
0.0066987
0.00670046
0.00670222
0.00670398
0.00670573
0.00668516
0.00670925
0.00671101
0.00671277
0.00671453
0.00671629
0.00671805
0.00671981
0.00672158
0.00672334
0.0067251
0.00672686
0.00672862
0.00673039
0.00673215
0.00673391
0.00673568
0.00671519
0.0067392
0.00674097
0.00674273
0.0067445
0.00674626
0.00674803
0.0067498
0.00675156
0.00675333
0.0067551
0.00675686
0.00675863
0.0067604
0.00676217
0.00676393
0.00674354
0.00676747
0.00676924
0.00677101
0.00677278
0.00677455
0.00677632
0.00677809
0.00677986
0.00678163
0.00678341
0.00678518
0.00678695
0.00678872
0.0067905
0.00679227
0.00677196
0.00679582
0.00679759
0.00679936
0.00680114
0.00680291
0.00680469
0.00680646
0.0067862
0.00681002
0.00681179
0.00681357
0.00681535
0.00681712
0.0068189
0.00682068
0.00682246
0.00682423
0.00682601
0.00682779
0.00682957
0.00683135
0.00683313
0.00683491
0.00683669
0.00683847
0.00684025
0.00684203
0.00684382
0.0068456
0.00684738
0.00684916
0.00685095
0.00685273
0.00685451
0.0068563
0.00685808
0.00685986
0.00686165
0.00686343
0.00686522
0.006867
0.00686879
0.00687058
0.00687236
0.00687415
0.00687594
0.00687772
0.00685769
0.0068813
0.00688309
0.00686307
0.00688666
0.00688845
0.00689024
0.00689203
0.00689382
0.00689561
0.0068974
0.00689919
0.00690098
0.00690277
0.00690457
0.00690636
0.00690815
0.00690994
0.00691174
0.00691353
0.00691532
0.00691712
0.00691891
0.0069207
0.0069225
0.00692429
0.00692609
0.00692789
0.00692968
0.00693148
0.00693327
0.00693507
0.00693687
0.00693866
0.00694046
0.00694226
0.00694406
0.00692425
0.00694766
0.00694945
0.00695125
0.00695305
0.00695485
0.00695665
0.00695845
0.00696026
0.00696206
0.00696386
0.00696566
0.00696746
0.00696926
0.00697107
0.00697287
0.00697467
0.00697648
0.00697828
0.00698009
0.00698189
0.00698369
0.0069855
0.0069873
0.00698911
0.00699092
0.00699272
0.00699453
0.00699634
0.00699814
0.00699995
0.00700176
0.00700357
0.00700537
0.00700718
0.00700899
0.0070108
0.00701261
0.00701442
0.00701623
0.00701804
0.00701985
0.00700032
0.00702347
0.00700396
0.0070271
0.00702891
0.00703072
0.00703254
0.00703435
0.00703616
0.00703798
0.00703979
0.0070416
0.00704342
0.00704523
0.00704705
0.00704886
0.00705068
0.0070525
0.00705431
0.00705613
0.00705795
0.00703856
0.00706158
0.0070634
0.00706522
0.00706704
0.00706885
0.00707067
0.00707249
0.00707431
0.00707613
0.00705681
0.00705864
0.0070816
0.00708342
0.00708524
0.00708706
0.00708888
0.0070907
0.00709253
0.00709435
0.00709617
0.007098
0.00709982
0.00710164
0.00708242
0.00708426
0.00710712
0.00710894
0.00708975
0.0071126
0.00711442
0.00711625
0.00711808
0.0071199
0.00712173
0.00712356
0.00712539
0.00712722
0.00712904
0.00713087
0.00711177
0.00713453
0.00713636
0.00713819
0.00714002
0.00714185
0.00714369
0.00714552
0.00714735
0.00714918
0.00713015
0.00715285
0.00715468
0.00715651
0.00715835
0.00716018
0.00716201
0.00714303
0.00716568
0.00716752
0.00714856
0.00717119
0.00717302
0.00715409
0.0071767
0.00717853
0.00718037
0.00716146
0.00716331
0.00718588
0.00718772
0.00718956
0.0071914
0.00719324
0.00719508
0.00719692
0.00719876
0.00717993
0.00720244
0.00720428
0.00720612
0.00720797
0.00720981
0.00721165
0.00721349
0.00721534
0.00719657
0.00721902
0.00722087
0.00722271
0.00720398
0.0072264
0.00720768
0.00723009
0.00723194
0.00723378
0.00723563
0.00721695
0.00723932
0.00724117
0.00724302
0.00722437
0.00724671
0.00724856
0.00725041
0.00723179
0.00725411
0.00725596
0.00723736
0.00725966
0.00726151
0.00724294
0.00726521
0.00726706
0.00726891
0.00725037
0.00727262
0.00727447
0.00727632
0.00727818
0.00725968
0.00728188
0.00728374
0.00728559
0.00728745
0.0072893
0.00729116
0.00727271
0.00729487
0.00729672
0.00729858
0.00730044
0.0073023
0.0072839
0.00730601
0.00730787
0.00730973
0.00731159
0.00731345
0.0072951
0.00731716
0.00731902
0.00732088
0.00732275
0.00732461
0.00730631
0.00730818
0.00733019
0.00733205
0.00733391
0.00733578
0.00733764
0.0073194
0.00734137
0.00734323
0.0073451
0.00734696
0.00734883
0.00735069
0.00735256
0.00733438
0.00735629
0.00735815
0.00736002
0.00736189
0.00736375
0.00736562
0.00736749
0.00734939
0.00737123
0.00735314
0.00737497
0.00737683
0.0073787
0.00738057
0.00738244
0.00738432
0.00738619
0.00738806
0.00738993
0.0073918
0.00739367
0.00737569
0.00739742
0.00739929
0.00740117
0.00740304
0.00740491
0.00740679
0.00740866
0.00741054
0.00739263
0.00741429
0.00741616
0.00741804
0.00741992
0.00742179
0.00742367
0.00742555
0.00742743
0.0074293
0.00743118
0.00741337
0.00743494
0.00743682
0.00741903
0.00744058
0.00744246
0.00744434
0.00744622
0.0074481
0.00744998
0.00745186
0.00743415
0.00745563
0.00745751
0.00745939
0.00746128
0.00746316
0.00746504
0.00746693
0.00746881
0.00745118
0.00745307
0.00747447
0.00745686
0.00745876
0.00748013
0.00748201
0.0074839
0.00748579
0.00748767
0.00748956
0.00749145
0.00747393
0.00747582
0.00749712
0.00747962
0.0075009
0.00748342
0.00748532
0.00750657
0.00750846
0.00751035
0.00751224
0.00749482
0.00751603
0.00751792
0.00751981
0.0075217
0.0075236
0.00752549
0.00750813
0.00752928
0.00753117
0.00753307
0.00753496
0.00753686
0.00753876
0.00754065
0.00754255
0.00754445
0.00754634
0.00754824
0.00753099
0.00755204
0.00755393
0.00755583
0.00755773
0.00755963
0.00756153
0.00754435
0.00754626
0.00756723
0.00756913
0.00757103
0.00757294
0.00757484
0.00757674
0.00757864
0.00758054
0.00758245
0.00758435
0.00756729
0.00758816
0.00759006
0.00759197
0.00759387
0.00759578
0.00759768
0.00758069
0.0076015
0.0076034
0.00760531
0.00760722
0.00760912
0.00761103
0.00761294
0.00761485
0.00759794
0.00761867
0.00762057
0.00760369
0.00760561
0.0076263
0.00762821
0.00763013
0.00763204
0.00763395
0.00763586
0.00763777
0.00763968
0.0076229
0.00762482
0.00764542
0.00764734
0.00764925
0.00765117
0.00765308
0.00763637
0.00765691
0.00764022
0.00764214
0.00766266
0.00766457
0.00766649
0.00764985
0.00767032
0.00767224
0.00767416
0.00767608
0.007678
0.00767992
0.00768184
0.00768376
0.00768568
0.0076876
0.00768952
0.00767299
0.00769336
0.00769528
0.0076972
0.00769912
0.00770105
0.00770297
0.00770489
0.00768845
0.00770874
0.00771066
0.00771259
0.00771451
0.00769812
0.00771836
0.00772029
0.00772221
0.00772414
0.00772606
0.00772799
0.00772992
0.00773185
0.00773377
0.0077357
0.00773763
0.00773956
0.00774149
0.00774342
0.00772719
0.00774728
0.00774921
0.00775114
0.00775307
0.007755
0.00775693
0.00775886
0.00776079
0.00776273
0.00776466
0.00776659
0.00776853
0.00777046
0.00777239
0.00777433
0.00777626
0.0077782
0.00778013
0.00778207
0.007784
0.00778594
0.00778788
0.00778981
0.00779175
0.00779369
0.00779563
0.00779756
0.0077995
0.00780144
0.00780338
0.00780532
0.00780726
0.0078092
0.00781114
0.00781308
0.00781502
0.00781696
0.0078189
0.00782085
0.00782279
0.00782473
0.00782667
0.00782862
0.00783056
0.0078325
0.00783445
0.00783639
0.00783834
0.00784028
0.00784223
0.00784417
0.00784612
0.00784807
0.00785001
0.00785196
0.00785391
0.00785585
0.0078578
0.00785975
0.0078617
0.00786365
0.0078656
0.00786755
0.0078695
0.00787145
0.0078734
0.00787535
0.0078773
0.00787925
0.0078812
0.00788315
0.00788511
0.00788706
0.00788901
0.00789096
0.00789292
0.00789487
0.00789683
0.00789878
0.00790073
0.00790269
0.00790465
0.0079066
0.00790856
0.00791051
0.00791247
0.00791443
0.00791638
0.00791834
0.0079203
0.00792226
0.00792422
0.00792618
0.00792814
0.0079301
0.00793206
0.00793402
0.00793598
0.00793794
0.0079399
0.00794186
0.00794382
0.00794578
0.00794775
0.00794971
0.00795167
0.00795364
0.0079556
0.00795756
0.00795953
0.00796149
0.00796346
0.00796542
0.00796739
0.00796935
0.00797132
0.00797329
0.00797525
0.00797722
0.00797919
0.00798116
0.00798312
0.00798509
0.00798706
0.00798903
0.007991
0.00799297
0.00799494
0.00799691
0.00799888
0.00800085
0.00800282
0.0080048
0.00800677
0.00800874
0.00801071
0.00801269
0.00801466
0.00801663
0.00801861
0.00802058
0.00802256
0.00802453
0.00802651
0.00802848
0.00803046
0.00803243
0.00803441
0.00803639
0.00803836
0.00804034
0.00804232
0.0080443
0.00804628
0.00804825
0.00805023
0.00805221
0.00805419
0.00805617
0.00805815
0.00806013
0.00806211
0.0080641
0.00806608
0.00806806
0.00807004
0.00807202
0.00807401
0.00807599
0.00807797
0.00807996
0.00808194
0.00808393
0.00808591
0.0080879
0.00808988
0.00809187
0.00809385
0.00809584
0.00809783
0.00809981
0.0081018
0.00810379
0.00810578
0.00810776
0.00810975
0.00811174
0.00811373
0.00811572
0.00811771
0.0081197
0.00812169
0.00812368
0.00812567
0.00812767
0.00812966
0.00813165
0.00813364
0.00813564
0.00813763
0.00813962
0.00814162
0.00814361
0.0081456
0.0081476
0.00814959
0.00815159
0.00815359
0.00815558
0.00815758
0.00815958
0.00816157
0.00816357
0.00816557
0.00816757
0.00816956
0.00817156
0.00817356
0.00817556
0.00817756
0.00817956
0.00818156
0.00818356
0.00818556
0.00818756
0.00818956
0.00819157
0.00819357
0.00819557
0.00819757
0.00819958
0.00820158
0.00820358
0.00820559
0.00820759
0.0082096
0.0082116
0.00821361
0.00821561
0.00821762
0.00821963
0.00822163
0.00822364
0.00822565
0.00822766
0.00822966
0.00823167
0.00823368
0.00823569
0.0082377
0.00823971
0.00824172
0.00824373
0.00824574
0.00824775
0.00824976
0.00825177
0.00825379
0.0082558
0.00825781
0.00825982
0.00826184
0.00826385
0.00826586
0.00826788
0.00826989
0.00827191
0.00827392
0.00827594
0.00827795
0.00827997
0.00828199
0.008284
0.00828602
0.00828804
0.00829006
0.00829207
0.00829409
0.00829611
0.00829813
0.00830015
0.00830217
0.00830419
0.00830621
0.00830823
0.00831025
0.00831227
0.00831429
0.00831632
0.00831834
0.00832036
0.00832238
0.00832441
0.00832643
0.00832845
0.00833048
0.0083325
0.00833453
0.00833655
0.00833858
0.00834061
0.00834263
0.00834466
0.00834669
0.00834871
0.00835074
0.00835277
0.0083548
0.00835682
0.00835885
0.00836088
0.00836291
0.00836494
0.00836697
0.008369
0.00837103
0.00837306
0.0083751
0.00837713
0.00837916
0.00838119
0.00838322
0.00838526
0.00838729
0.00838933
0.00839136
0.00839339
0.00839543
0.00839746
0.0083995
0.00840153
0.00840357
0.00840561
0.00840764
0.00840968
0.00841172
0.00841376
0.00841579
0.00841783
0.00841987
0.00842191
0.00842395
0.00842599
0.00842803
0.00843007
0.00843211
0.00843415
0.00843619
0.00843823
0.00844028
0.00844232
0.00844436
0.0084464
